115.7517388
115.7517412
115.7517644
115.7517802
115.7517833
115.7517828
115.7517802
115.75179
115.7517855
115.7517842
115.7517458
115.7517456
115.7516428
115.7514699
115.7513238
115.7511284
115.7505761
115.7502309
115.7496789
115.7487619
115.7476771
115.7470527
115.7451993
115.7438745
115.7420011
115.7401457
115.738386
115.7363795
115.7329062
115.7300908
115.7266734
115.7233575
115.7200412
115.716433
115.7119919
115.70793
115.7018952
115.6966586
115.6915837
115.6855773
115.6772408
115.672522
115.6662888
115.6598978
115.6508786
115.6433608
115.6350256
115.6271979
115.6180988
115.6096753
115.5997307
115.5898505
115.5790372
115.5691922
115.5570327
115.5469055
115.5348582
115.5243423
115.5119895
115.500151
115.4873117
115.4765432
115.46389
115.4512269
115.4349043
115.4217682
115.406808
115.392951
115.3779364
115.363406
115.3478609
115.3367065
115.3226841
115.3064736
115.2906204
115.272993
115.2548525
115.2428979
115.2227232
115.2040569
115.1868435
115.170879
115.1532578
115.1389057
115.1214264
115.1046247
115.0825476
115.061861
115.0465575
115.0300649
115.0081709
114.9915414
114.9745771
114.9520877
114.927152
114.9182703
114.8959953
114.8787011
114.858173
114.8401522
114.8144938
114.7978951
114.782406
114.7605848
114.7399272
114.7221113
114.6981126
114.679321
114.6572007
114.6381616
114.6165127
114.5987734
114.5780478
114.5576395
114.5360014
114.516104
114.4942683
114.477505
114.4576228
114.4349116
114.4133851
114.3907391
114.3685068
114.34679
114.3244604
114.3089508
114.2892454
114.2641893
114.242198
114.2205175
114.1984281
114.1753858
114.1513978
114.1311526
114.1073586
114.0874147
114.0672767
114.0494904
114.0199667
114.0003654
113.976952
113.9522573
113.9337728
113.9192546
113.8927701
113.8720568
113.843744
113.8226792
113.7969654
113.7703279
113.7496705
113.7357083
113.7102865
113.6911649
113.6645501
113.6444952
113.6197048
113.5997876
113.5742455
113.5536945
113.5281799
113.5083722
113.48811
113.4709932
113.4365974
113.4152042
113.3928055
113.3727755
113.34685
113.3269777
113.3069655
113.2896633
113.2565625
113.2353911
113.2082097
113.1883932
113.1676215
113.1449333
113.1217369
113.1028902
113.0661449
113.0503002
113.0359197
113.003005
112.9776231
112.9652316
112.9329693
112.914557
112.8928605
112.8695616
112.8431474
112.8223357
112.8019186
112.7758371
112.752129
112.735982
112.7042928
112.6821365
112.6577149
112.6352435
112.6080545
112.5905953
112.5611146
112.546467
112.5207395
112.5003032
112.474028
112.4535886
112.4273775
112.4068119
112.3859773
112.3682804
112.3335693
112.3121043
112.2895874
112.2693086
112.2432006
112.2235296
112.2011948
112.1816482
112.1501195
112.1288749
112.1049339
112.0847531
112.0587449
112.0382763
112.0120415
111.9919067
111.9661961
111.9456535
111.9204391
111.9003237
111.8707784
111.8487551
111.8274679
111.807234
111.7801234
111.7595068
111.7322152
111.7108466
111.6867327
111.6655745
111.6413442
111.6225472
111.5958962
111.5746474
111.5516025
111.5271594
111.5038102
111.4788352
111.4543986
111.4329443
111.407997
111.3865347
111.3633622
111.3423205
111.3156484
111.2940353
111.2694173
111.2476853
111.2249742
111.2041693
111.17863
111.1579562
111.1306005
111.1092615
111.0848783
111.0633171
111.0406261
111.019765
110.994689
110.9739183
110.9464315
110.9242987
110.8997069
110.8786039
110.8563168
110.8369453
110.8127742
110.788255
110.7612833
110.7426325
110.7199435
110.69731
110.6737336
110.6482555
110.6279596
110.6054131
110.5766241
110.5523174
110.5306075
110.514578
110.4857745
110.4616555
110.4350743
110.4123531
110.3872425
110.3730877
110.3465196
110.3254448
110.3045477
110.280236
110.255076
110.233616
110.2061698
110.1843192
110.1597508
110.1386723
110.1162257
110.0975235
110.0702375
110.0407027
110.0194343
110.0059111
109.9734084
109.9534845
109.9358265
109.9140766
109.8886306
109.8681943
109.8433201
109.8200625
109.7975869
109.7773757
109.746217
109.7248819
109.7007372
109.680162
109.6532993
109.6339723
109.6109761
109.5841063
109.5603894
109.5426576
109.5155034
109.4940936
109.4697863
109.4476399
109.4231847
109.4017838
109.3769367
109.3557267
109.3331781
109.3129391
109.2863254
109.2649925
109.2413079
109.2198611
109.1952962
109.1737447
109.1490544
109.1275312
109.1066803
109.0876888
109.0576049
109.0356141
109.0116597
108.991713
108.9694288
108.9459691
108.9216422
108.9013994
108.8744851
108.8528728
108.8279422
108.8063175
108.7824309
108.7610343
108.7365211
108.7150761
108.6905679
108.6714786
108.6486705
108.6260795
108.6022567
108.5814282
108.5614216
108.5369302
108.5111773
108.4915687
108.4627773
108.4412345
108.4194739
108.3995476
108.3713995
108.3496208
108.3275087
108.306946
108.2797564
108.2586578
108.2338617
108.2164108
108.1943717
108.1687948
108.1477304
108.1245391
108.0989375
108.079096
108.0508865
108.0292177
108.0070576
107.9881123
107.9624015
107.9430212
107.9196563
107.8964525
107.8690548
107.8399767
107.822832
107.8044444
107.7772489
107.7547572
107.7374843
107.7148122
107.6896397
107.6662012
107.6422207
107.6225478
107.5971773
107.5774633
107.5491658
107.5317399
107.5101903
107.4826178
107.4582377
107.4376591
107.4134549
107.3926886
107.3697102
107.3496029
107.320634
107.298581
107.2794179
107.2525054
107.2212707
107.2051038
107.1868945
107.1632006
107.1428844
107.1246679
107.094989
107.0749222
107.0526094
107.0303531
107.0030513
106.9817012
106.9598969
106.939274
106.9155986
106.8967057
106.8671321
106.8458703
106.8219482
106.8009194
106.7766861
106.7558226
106.7306332
106.7089769
106.6883671
106.669206
106.6442502
106.6252145
106.595941
106.5744134
106.550609
106.5291296
106.504768
106.4841756
106.4604094
106.4393159
106.4154229
106.3943442
106.3701399
106.3486022
106.3273727
106.3073072
106.280434
106.2599444
106.2352782
106.2171772
106.1908398
106.1698716
106.1473432
106.1223315
106.098108
106.0773969
106.0567778
106.0373422
106.0056494
105.9864025
105.9687379
105.947107
105.9216791
105.898814
105.8758157
105.8538861
105.8305688
105.8068884
105.7823953
105.7617373
105.737383
105.7168713
105.69648
105.675097
105.6487961
105.6310583
105.6042086
105.5799872
105.5582392
105.5381966
105.5149566
105.4967911
105.4700118
105.4532951
105.4229786
105.4028611
105.3793702
105.3601408
105.3311408
105.310359
105.2866907
105.2653222
105.2418621
105.223307
105.2004176
105.1785094
105.1560119
105.1313429
105.1075372
105.0885434
105.0657025
105.0404814
105.019315
105.0006807
104.9748916
104.9552211
104.9303059
104.9127735
104.8840129
104.8653381
104.8436576
104.8159527
104.7922141
104.7727271
104.7492938
104.7286324
104.7061565
104.6836096
104.6606117
104.6390327
104.6155398
104.5931164
104.5724489
104.5515549
104.5256707
104.5075201
104.477991
104.4570083
104.4334887
104.4124725
104.3890756
104.3696603
104.3468546
104.323772
104.2994308
104.2787255
104.2550691
104.2344538
104.2135696
104.1922293
104.1674401
104.147698
104.1207967
104.1014208
104.0794694
104.053912
104.0279791
104.0134619
103.9907471
103.9740157
103.9408588
103.919201
103.8957118
103.8749633
103.8513976
103.8345184
103.8122208
103.7859364
103.7648206
103.7440458
103.7154424
103.6926922
103.6669493
103.6534236
103.6317693
103.6062154
103.5814937
103.565113
103.5428168
103.5153701
103.4934963
103.4712223
103.4524032
103.44356
103.407059
103.3828891
103.3610453
103.3407342
103.3137867
103.293111
103.2711675
103.2511855
103.2284444
103.2090712
103.181832
103.160861
103.1374178
103.1174279
103.0938568
103.0718238
103.0481877
103.029753
103.007248
102.9852592
102.9623733
102.9415342
102.9192051
102.8964485
102.8736007
102.8521754
102.8291333
102.8060334
102.782019
102.7614709
102.7378554
102.7171956
102.6936013
102.6731193
102.6489923
102.6283638
102.6059075
102.5857793
102.5590151
102.5375755
102.5178486
102.4986297
102.4735799
102.4536011
102.4286533
102.4106997
102.3875676
102.3650633
102.3401077
102.320802
102.293152
102.2708721
102.2493079
102.2249361
102.204778
102.1851339
102.1603562
102.140221
102.1169164
102.0960017
102.0711319
102.0501156
102.0330998
102.016274
101.9876279
101.9682287
101.944268
101.9253706
101.8953557
101.8757569
101.8518641
101.829076
101.8067588
101.7849157
101.7645981
101.7457055
101.7194665
101.7002206
101.6731839
101.6553936
101.6343197
101.6119081
101.5850851
101.5600628
101.5390076
101.5173599
101.501337
101.48281
101.4579337
101.4362018
101.4168511
101.3903125
101.3633376
101.3475561
101.3234252
101.30339
101.2734917
101.2519035
101.2338331
101.2145352
101.1878617
101.1670546
101.1466113
101.1274493
101.0995047
101.0788726
101.0572522
101.0379773
101.0119516
100.9916116
100.9666201
100.9467002
100.9276229
100.908594
100.8858661
100.8637749
100.8353775
100.8146745
100.7902745
100.7705315
100.7481556
100.7251633
100.7016098
100.6850108
100.6636367
100.6398841
100.6179432
100.596653
100.5737724
100.5509513
100.5273058
100.5069653
100.4832863
100.4630989
100.43971
100.4189932
100.3975727
100.3787603
100.3545743
100.3352963
100.3083563
100.2878087
100.266434
100.2475271
100.2226197
100.205709
100.1810038
100.1566262
100.1339029
100.114127
100.0909081
100.073238
100.0469271
100.0276939
100.0016868
99.98011424
99.95684784
99.93615114
99.91263778
99.89240602
99.87198017
99.85269245
99.82837992
99.80907419
99.784866
99.76648629
99.73739879
99.71647928
99.69567154
99.67648111
99.65208996
99.63315744
99.61009304
99.5919569
99.56286968
99.54222443
99.51973883
99.50004412
99.47718171
99.45292241
99.42960384
99.41601048
99.38819815
99.36489834
99.34807925
99.327846
99.3071143
99.28514435
99.26295704
99.24055243
99.21848169
99.19321778
99.17294658
99.15424884
99.1248374
99.10387815
99.08439343
99.06463253
99.03759478
99.01983915
98.998386
98.97593985
98.95188116
98.93177745
98.90877911
98.88854056
98.86389221
98.84338488
98.82254723
98.80192415
98.77957709
98.76496353
98.73492278
98.71394554
98.69129641
98.67090045
98.64781564
98.62778261
98.6045978
98.58375695
98.56043591
98.53950142
98.51629602
98.49935579
98.47842777
98.45680801
98.43512435
98.41072667
98.38725617
98.36754851
98.34511196
98.32764162
98.30304194
98.27969699
98.25662833
98.23064099
98.21234952
98.19387606
98.17321788
98.15536682
98.12801322
98.10602566
98.08008767
98.06415033
98.03625109
98.01982398
97.99022887
97.96817164
97.95206552
97.92991051
97.90874783
97.88739773
97.86406748
97.8458161
97.82069606
97.80218915
97.78080737
97.75832314
97.73478586
97.71190761
97.68660916
97.67056446
97.64767201
97.62695429
97.60932843
97.59094126
97.56375758
97.54472604
97.51997575
97.50183325
97.4757188
97.45508062
97.43203854
97.41385528
97.39463168
97.3709964
97.34537688
97.32548906
97.30278218
97.28274242
97.25978287
97.23974723
97.21692443
97.19755185
97.17347429
97.15459208
97.13317367
97.11197338
97.09182716
97.06996566
97.0447186
97.02595445
97.00411655
96.98243689
96.95917366
96.93898982
96.9170106
96.89720439
96.87242846
96.85301815
96.82966537
96.80959185
96.78679846
96.76739316
96.74543166
96.72290624
96.69975486
96.67957706
96.65681251
96.63789119
96.61537891
96.59506449
96.57070825
96.55059417
96.53091181
96.51211378
96.48601295
96.46577064
96.44255481
96.42210287
96.39900745
96.37893003
96.35606569
96.33634929
96.31313364
96.29412318
96.27613495
96.2576649
96.23366733
96.21503236
96.18926674
96.16554444
96.1419286
96.1239272
96.10291655
96.07958719
96.05711662
96.03885398
96.01420489
95.99560808
95.9727884
95.94704548
95.92706805
95.90779242
95.8844591
95.86439084
95.84120796
95.8210228
95.7985532
95.77897745
95.75519008
95.73487787
95.71473345
95.69607987
95.67036294
95.65025896
95.62707231
95.60726481
95.58503721
95.56544984
95.54246955
95.52266045
95.49996927
95.4796532
95.4572826
95.4376596
95.41479771
95.39505465
95.3721868
95.3526593
95.33021737
95.30972296
95.28720858
95.26700824
95.2441269
95.22434538
95.20153342
95.18174866
95.15872281
95.14024499
95.11878221
95.09894421
95.07751658
95.05620754
95.034568
95.01162961
94.98860796
94.96946943
94.9469419
94.92623472
94.90314509
94.88552247
94.86420392
94.84408956
94.82300033
94.80408077
94.77957127
94.7568902
94.73457128
94.71622685
94.69515813
94.66997081
94.65099129
94.63647242
94.61187181
94.58849778
94.56429699
94.54544576
94.52058299
94.50050404
94.4803303
94.46184868
94.43754731
94.41948387
94.39859398
94.38121701
94.3515661
94.3315965
94.3084104
94.2880552
94.2673089
94.24846015
94.22255837
94.20187997
94.18246414
94.16316294
94.13902323
94.11887318
94.09639275
94.07669413
94.0545403
94.03499224
94.01267355
93.99328066
93.97065338
93.95083857
93.9283739
93.90859101
93.88625337
93.86684181
93.84442392
93.8245477
93.80421574
93.78530213
93.76090156
93.74179009
93.71663105
93.69655362
93.67772816
93.65971936
93.63683431
93.61905898
93.59274431
93.57407765
93.55017924
93.5306944
93.50692874
93.48705075
93.46450929
93.44477151
93.4224966
93.40263577
93.37973976
93.36067445
93.34148925
93.32056426
93.29404733
93.27708821
93.25434159
93.24133679
93.21236698
93.19619819
93.17656267
93.15363825
93.13269325
93.11022776
93.08788292
93.06354148
93.03906988
93.0246201
93.00218466
92.98268809
92.96059835
92.94115772
92.91926675
92.8998824
92.87674465
92.85713049
92.83460835
92.81498899
92.79281663
92.77318872
92.75385464
92.73594201
92.70932521
92.68957412
92.66818401
92.64909272
92.6258031
92.60614148
92.58662173
92.56843727
92.54435839
92.52576013
92.50053331
92.48099562
92.46172967
92.44443163
92.41708949
92.39707425
92.37605309
92.359626
92.33935612
92.31735903
92.29579014
92.27610588
92.25637179
92.23537374
92.21244511
92.19343157
92.17152013
92.15213178
92.12419413
92.10754604
92.08641385
92.06641079
92.04288776
92.02175705
92.0042725
91.98754272
91.959956
91.94320666
91.91842033
91.90176343
91.87853057
91.85876741
91.83364397
91.81781248
91.80026684
91.77882106
91.75410699
91.7369729
91.71317491
91.69347843
91.67142742
91.65287281
91.62988592
91.60624876
91.58787386
91.57584279
91.55041489
91.53162899
91.50666949
91.48730951
91.46607938
91.44538
91.42382504
91.40690475
91.38706405
91.3638064
91.34214344
91.32356875
91.3046211
91.28693486
91.26180847
91.23972483
91.22079405
91.20484373
91.18532385
91.16755581
91.13965298
91.120513
91.09990449
91.07885337
91.05713566
91.03692985
91.01314541
90.99237661
90.97334464
90.95692464
90.93709182
90.91297569
90.89285465
90.87838048
90.85688863
90.83730481
90.81912422
90.79914226
90.7800741
90.76627358
90.73959817
90.7317347
90.70354016
90.66811445
90.66005381
90.65340883
90.65416591
90.55636717
90.56130984
90.53887939
90.54175134
90.44756678
90.47836907
90.45525919