80.75178225
80.75178457
80.75180683
80.75182191
80.75182511
80.75182539
80.75182639
80.75183638
80.751833
80.75183239
80.75180325
80.75180374
80.75172143
80.75158043
80.75146244
80.75130254
80.75085067
80.75056853
80.75011674
80.74936493
80.74847652
80.747965
80.74644472
80.74535793
80.74382082
80.74229802
80.74085397
80.73920715
80.73635594
80.73404502
80.73123958
80.72851716
80.72579493
80.72283259
80.71918645
80.71585134
80.71089594
80.70659585
80.7024289
80.6974964
80.69065051
80.68677586
80.68165753
80.67640918
80.66900215
80.6628281
80.65598285
80.64955415
80.64208121
80.63516304
80.6269955
80.6188807
80.60999946
80.60191358
80.59192665
80.58360888
80.57371406
80.56507689
80.55493105
80.54520745
80.53466188
80.52581728
80.5154246
80.50502357
80.49161651
80.48082697
80.46853907
80.45715728
80.44482472
80.43288974
80.42012129
80.41095983
80.39944221
80.38612694
80.37310552
80.35862639
80.34372636
80.3339075
80.31733595
80.30200352
80.28786476
80.27475184
80.26027814
80.2484898
80.23413268
80.22033209
80.20219796
80.18520618
80.17263658
80.15909005
80.14110661
80.12744744
80.11351373
80.09504082
80.07455934
80.06726482
80.04896874
80.03476391
80.01790289
80.00310135
79.98202599
79.96839274
79.95567091
79.93774757
79.92078044
79.9061474
79.88643585
79.87100142
79.8528329
79.83719523
79.81941406
79.80484427
79.78782157
79.77105939
79.75328724
79.73694497
79.71901056
79.70524287
79.68891318
79.6702597
79.65257962
79.63397991
79.61572029
79.59788395
79.57954445
79.56680698
79.55062293
79.53004392
79.51198261
79.49417662
79.47603491
79.45711037
79.43740943
79.42078246
79.40124116
79.38486175
79.36832358
79.35371652
79.32946931
79.31337163
79.29414316
79.2738623
79.2586826
79.24676012
79.22500994
79.20799944
79.18474775
79.16744877
79.14633187
79.1244562
79.10749274
79.09602734
79.07515089
79.05944837
79.03759219
79.02112332
79.00076583
78.98441027
78.96343574
78.94655992
78.92560817
78.90934282
78.89270479
78.87864958
78.85040482
78.83283798
78.81444587
78.79799873
78.77671065
78.76039306
78.74396113
78.72975436
78.70257455
78.68519091
78.66287226
78.64660118
78.62954636
78.61091751
78.59187195
78.57639781
78.54622642
78.53321798
78.52141152
78.49438598
78.47354714
78.46337401
78.43688517
78.4217688
78.40395598
78.38482733
78.36314118
78.34605499
78.32929328
78.30788049
78.28841706
78.27516131
78.24914535
78.23095599
78.21090734
78.19245952
78.17013963
78.15580719
78.13160556
78.11958168
78.09846195
78.08168588
78.06011688
78.04333862
78.02182262
78.00494099
77.98783905
77.97331274
77.94481952
77.92720019
77.90871794
77.89207271
77.87064298
77.8544968
77.83616454
77.82012104
77.79424235
77.77680532
77.75715553
77.740592
77.71924567
77.70244622
77.68091433
77.66438919
77.64328787
77.62642834
77.60573483
77.58922638
77.56497854
77.54690436
77.52943485
77.5128298
77.49058144
77.47366264
77.45126594
77.43373024
77.41394198
77.39657942
77.376696
77.3612716
77.33940187
77.32196596
77.30305615
77.28299919
77.26384007
77.24334677
77.22329577
77.2056921
77.18522254
77.16761265
77.14859996
77.13133568
77.10945171
77.09171895
77.071521
77.05369105
77.03505809
77.01798921
76.99703644
76.98007566
76.95763285
76.94012658
76.92012307
76.90243489
76.88382013
76.86670679
76.84613614
76.82909748
76.80654934
76.78839362
76.76822101
76.75091051
76.73262894
76.71673936
76.69691294
76.67680098
76.65467758
76.63938007
76.62077013
76.6022059
76.5828684
76.56197134
76.54532566
76.52683378
76.50322204
76.4832867
76.46548217
76.45233663
76.42871414
76.40893388
76.38713508
76.36850195
76.34790981
76.33630281
76.31451539
76.2972334
76.28009731
76.26016108
76.23953009
76.22193341
76.19942794
76.18151131
76.16136634
76.14408306
76.1256784
76.11034428
76.08797201
76.06375596
76.04631912
76.03523245
76.00858378
75.99224936
75.97777315
75.9599419
75.93908071
75.92232714
75.90193558
75.88286917
75.86444454
75.84787644
75.82233374
75.80484472
75.78505303
75.76818752
75.746168
75.73032611
75.71147677
75.68945227
75.67001285
75.65547975
75.63322354
75.61567597
75.59575377
75.57760313
75.55756036
75.54002108
75.51965763
75.50227525
75.48379646
75.46721048
75.44540048
75.42791854
75.40850961
75.39093492
75.37080529
75.35314548
75.33291356
75.3152772
75.29819288
75.28263176
75.25798141
75.23996319
75.22033632
75.20399365
75.18573609
75.16651525
75.14658442
75.13000004
75.1079501
75.09024437
75.06982051
75.05210518
75.03253692
75.01500894
74.99492813
74.97736108
74.95728498
74.94164836
74.92296551
74.90446089
74.88494749
74.86788734
74.85150093
74.83144052
74.8103476
74.79428773
74.77070669
74.75306306
74.73524172
74.71892283
74.69587014
74.67803468
74.65992664
74.64308765
74.62082169
74.60354424
74.58323914
74.56894966
74.55090294
74.52995929
74.51271166
74.49372235
74.47275987
74.45651428
74.43341702
74.41567573
74.39753246
74.38202167
74.36097186
74.3451056
74.32597725
74.30698124
74.28455158
74.26074687
74.24671259
74.23166059
74.20939838
74.19098716
74.17684868
74.15829056
74.13768612
74.1185012
74.09887316
74.0827713
74.06200616
74.04587123
74.02271086
74.0084495
73.99081318
73.96824731
73.94829508
73.93145421
73.91164669
73.89465299
73.87584912
73.85939534
73.83568983
73.81764432
73.80196451
73.77994353
73.75438582
73.74115865
73.72626016
73.70687391
73.69025222
73.67534841
73.6510665
73.63464946
73.61639532
73.59818753
73.57585229
73.55838663
73.54055009
73.52368024
73.50431365
73.48885948
73.46466814
73.44727673
73.42770959
73.41050935
73.39068838
73.37362406
73.35302178
73.33530966
73.31845422
73.30278352
73.28237398
73.26680657
73.24286612
73.22526142
73.20579507
73.18823047
73.16830939
73.15147058
73.13203687
73.11478907
73.09525252
73.07801755
73.0582271
73.04061753
73.02326051
73.00685547
72.98488467
72.96813339
72.94796796
72.93317037
72.91163902
72.89449782
72.87608143
72.85563496
72.83583351
72.81890368
72.80204969
72.78616344
72.76025792
72.74452664
72.73008917
72.71240974
72.69162697
72.67293945
72.65414346
72.63622108
72.61716513
72.59781288
72.57779691
72.56091547
72.5410136
72.52425231
72.50758998
72.49011729
72.46862625
72.45413302
72.43219433
72.41240376
72.39463509
72.37825964
72.35927267
72.3444317
72.32255331
72.30889673
72.2841293
72.26769476
72.24850498
72.23279668
72.20910672
72.19213075
72.17279745
72.15534315
72.13618059
72.12102516
72.10232974
72.08443602
72.06606132
72.04591355
72.02647113
72.01095937
71.99230571
71.97170825
71.95442332
71.9392062
71.91814664
71.90208432
71.88173938
71.86742345
71.84393848
71.82869033
71.81098842
71.78836735
71.76898546
71.75307558
71.73394387
71.7170756
71.69872617
71.68031916
71.66154428
71.64392828
71.6247502
71.60644561
71.58957509
71.57251956
71.55139129
71.53657637
71.51247374
71.49534753
71.47615099
71.45899818
71.43990247
71.42405725
71.40544507
71.38660694
71.36674231
71.34984558
71.33054068
71.31371789
71.29667618
71.27926239
71.25903469
71.2429262
71.2209758
71.2051665
71.18725623
71.16640365
71.14524565
71.133402
71.11487072
71.1012211
71.07417009
71.05650203
71.03734021
71.02041442
71.00119115
70.9874229
70.96923458
70.94779399
70.93057085
70.91362599
70.89029581
70.87174061
70.85074472
70.83971425
70.82205386
70.8012134
70.78105226
70.76769414
70.74951186
70.72712917
70.70929251
70.69112934
70.67578458
70.66857475
70.63881127
70.61910398
70.60129397
70.58473363
70.56276271
70.54590577
70.52801604
70.51172551
70.49318621
70.47739299
70.45518703
70.43809192
70.41898178
70.40268707
70.38347349
70.36551421
70.34624835
70.33122299
70.31288008
70.29495822
70.27630562
70.25932172
70.24112376
70.22257766
70.2039578
70.18649763
70.1677203
70.14889606
70.12932725
70.11258346
70.09334045
70.07650647
70.05728153
70.04059308
70.02093505
70.00412788
69.98583198
69.96943335
69.94762843
69.93016197
69.91409157
69.89843494
69.87802848
69.86175369
69.84143123
69.82680691
69.8079646
69.78963384
69.76930662
69.75358224
69.73106132
69.7129156
69.69535276
69.67550344
69.6590871
69.64308903
69.62291048
69.60651312
69.58753499
69.57050394
69.55025219
69.53313887
69.51928432
69.50558402
69.48225873
69.46646369
69.44695521
69.43156973
69.40713205
69.39117616
69.37172468
69.35317266
69.33500469
69.31722284
69.30068366
69.28530467
69.26394576
69.24827971
69.22627195
69.21179159
69.19463858
69.17639712
69.15456506
69.13419991
69.11706409
69.09944599
69.08640676
69.07132939
69.05108468
69.03339959
69.01765293
68.99605681
68.97410685
68.96126581
68.94163078
68.92532936
68.90100205
68.88343682
68.86873498
68.85303439
68.83133294
68.81440507
68.79777398
68.78218561
68.75945191
68.74266782
68.7250807
68.70940168
68.6882311
68.67168626
68.65135837
68.63515619
68.61963971
68.60416274
68.58567742
68.56771037
68.54461469
68.52777759
68.5079342
68.49187884
68.47368239
68.45498503
68.43583166
68.42233453
68.4049543
68.38564013
68.36779964
68.35048871
68.33188509
68.31333016
68.29410553
68.27756846
68.25831743
68.24190547
68.22289101
68.20604944
68.18863636
68.17334363
68.15368306
68.13801267
68.11611392
68.09941206
68.08203856
68.06667104
68.0464264
68.0326824
68.01260305
67.99279026
67.97432282
67.95825102
67.93938175
67.92502238
67.90364079
67.88801156
67.8668779
67.84934846
67.83044298
67.81362594
67.79452049
67.77808177
67.76148597
67.74581525
67.72606218
67.71037754
67.69071035
67.67577873
67.6521477
67.63515323
67.61825036
67.60266135
67.58284795
67.56746912
67.54873439
67.53400322
67.51037654
67.49360791
67.47534466
67.45934859
67.44078009
67.4210775
67.40213982
67.39110124
67.36851399
67.3495924
67.33593463
67.31950435
67.30266951
67.28482949
67.26681352
67.2486215
67.23070106
67.21018755
67.19372891
67.17854828
67.15466893
67.1376526
67.12183426
67.10579162
67.08384124
67.06942749
67.05201193
67.03379072
67.01426115
66.99794242
66.97927422
66.96284669
66.94284006
66.92619486
66.90928243
66.89254406
66.87440722
66.86254742
66.83816593
66.82114173
66.80276103
66.78620927
66.76747586
66.75121923
66.73240547
66.71549423
66.69657073
66.67958421
66.66075518
66.64701072
66.63003034
66.61248895
66.59489635
66.57510171
66.55606007
66.54007165
66.52186953
66.50769706
66.48774084
66.46880312
66.45008991
66.42900927
66.41417246
66.39918787
66.38243178
66.36795281
66.34576623
66.32793236
66.30689509
66.29396983
66.27134228
66.25802023
66.23401846
66.21613062
66.20306984
66.18510343
66.16794244
66.15062976
66.13171165
66.1169122
66.09654321
66.08153734
66.06420075
66.04597025
66.0268864
66.00833731
65.98782659
65.97481902
65.95625947
65.93946336
65.92517475
65.91026897
65.88823192
65.87280436
65.85274127
65.8380351
65.81686661
65.80013794
65.78146111
65.76672314
65.75114227
65.73198537
65.71122072
65.69510226
65.67669918
65.66045825
65.64185128
65.62561437
65.60711897
65.59141993
65.5719084
65.55660767
65.53925189
65.52207321
65.50574925
65.48803531
65.46757825
65.4523749
65.43468114
65.41711582
65.398268
65.38191546
65.36410892
65.34806313
65.32799127
65.3122669
65.29334886
65.27708799
65.25862379
65.24290473
65.22511518
65.20686897
65.18811627
65.17177263
65.15333391
65.13800833
65.11977465
65.10332166
65.08359521
65.0673049
65.05136502
65.03614142
65.01500339
64.99861066
64.97981024
64.96324846
64.94454614
64.92828817
64.90977373
64.89380864
64.87501032
64.85961754
64.84505299
64.8300984
64.81066842
64.79558097
64.77471996
64.75551388
64.73639465
64.72182124
64.70481177
64.68592522
64.66773469
64.65295097
64.63299698
64.61794334
64.59947108
64.57863278
64.56246256
64.54686028
64.52797399
64.51173084
64.49296698
64.4766298
64.4584438
64.44260034
64.42334861
64.40690973
64.39060716
64.37551128
64.35469894
64.33842985
64.31966639
64.30363765
64.28565098
64.26980106
64.25120565
64.2351769
64.21681625
64.20037794
64.18227734
64.16640022
64.14790284
64.13192919
64.11342762
64.09762895
64.07947254
64.06289219
64.04467785
64.02833597
64.00982544
63.99382288
63.97536911
63.95936451
63.94073839
63.9257918
63.90843056
63.89238415
63.87505207
63.85781619
63.84031331
63.82175983
63.80313963
63.78766038
63.76944034
63.75269301
63.73401925
63.71976743
63.70252643
63.68625963
63.6692048
63.6539049
63.63408428
63.61574267
63.59769436
63.58286064
63.56582394
63.54545654
63.53011019
63.51837102
63.49847952
63.47957995
63.46001253
63.44477089
63.42466855
63.40843461
63.39212462
63.37718267
63.35753559
63.34293207
63.32604436
63.31199665
63.28802547
63.27188191
63.25313841
63.23668375
63.21991337
63.20467702
63.18373921
63.16702417
63.15133046
63.13572936
63.11621723
63.09993049
63.08176033
63.06583891
63.04793322
63.03213392
63.01409551
62.99842209
62.98013489
62.96412097
62.94596567
62.92997806
62.91192597
62.89623883
62.87812235
62.86206018
62.84563021
62.8303465
62.81062883
62.79518557
62.77485552
62.75863207
62.74342106
62.72886971
62.71037841
62.69601623
62.67475397
62.65967179
62.64036281
62.62462015
62.60541873
62.58935876
62.57114715
62.55520088
62.53720504
62.52115988
62.50266273
62.48726047
62.47176195
62.45485763
62.4334364
62.41973666
62.40136222
62.39085753
62.367455
62.35439459
62.3385337
62.32001614
62.30309801
62.28495148
62.26690303
62.24724166
62.22747584
62.21580539
62.19768465
62.1819378
62.16409673
62.14839545
62.13071532
62.11505989
62.09637331
62.08053267
62.06234362
62.04649914
62.02859294
62.01274184
61.99712861
61.98266326
61.96116852
61.94521873
61.92794575
61.91252919
61.89372234
61.87784549
61.86208372
61.84740013
61.82795695
61.81293958
61.79256973
61.77679402
61.76123851
61.74727173
61.72519441
61.70903383
61.69206121
61.67879837
61.66243274
61.64467264
61.62725853
61.61136619
61.595434
61.57848097
61.55996975
61.54461961
61.52693033
61.51127783
61.4887231
61.47528357
61.45822377
61.44207561
61.42308598
61.40602758
61.39191382
61.3784088
61.35613912
61.3426186
61.32261029
61.30916475
61.29041093
61.27445798
61.25417814
61.24139952
61.22723744
61.20992666
61.18997803
61.1761483
61.15693945
61.1410414
61.12324323
61.10826724
61.08971362
61.07063504
61.05580505
61.04609537
61.02557224
61.01041024
60.99026541
60.97464035
60.95750608
60.94080025
60.92340405
60.90974883
60.89373645
60.8749661
60.85748328
60.84249287
60.82720198
60.81292901
60.79265126
60.77482931
60.7595526
60.74668102
60.73092888
60.71659043
60.69407278
60.6786274
60.66199701
60.64500933
60.62748408
60.61117895
60.59198584
60.57522651
60.55986911
60.5466196
60.53061601
60.51115556
60.49491992
60.48324097
60.46589887
60.45009659
60.43542678
60.41930319
60.40391745
60.39278277
60.37125732
60.36491301
60.34216261
60.31357606
60.30707504
60.30171297
60.30232409
60.22340718
60.22739911
60.20929942
60.21161761
60.13561792
60.16047564
60.14182815