% Model:              CMSL_AJB_O2_20210227_AdptLKR.mph
% Version:            COMSOL 5.5.0.359
% Date:               Feb 28 2021, 00:56
% Dimension:          1
% Nodes:              1208
% Expressions:        1
% Description:        Line graph
% cln1x                   Height
0                         70.00000000000001
0.07644537880878488       70.00000032912855
0.8127602615697924        70.00000338484675
1.5333611862234306        70.00000164567169
1.691313091440577         70.00000110686935
1.8429681349171005        69.99999833858129
2.5419370262270036        69.99998477025447
3.2174618005118987        69.99998042862873
3.274558342129012         69.99997613276608
3.404895743775228         69.99997261798117
3.955876995275162         69.99993314123769
4.140306653069729         69.9999293414476
4.689754130582742         69.99984149570882
4.9906938820326445        69.99970419318234
5.457047219396202         69.99958291450159
5.655585384957362         69.99942985242738
6.129825952080182         69.99899803815647
6.526795916652645         69.99872695544134
7.013540003992716         69.99829609999817
7.396171616410868         69.99758720697488
7.98464101751739          69.99674575119177
8.354363779026244         69.99626066891983
9.000420925930882         69.9948316516653
9.443002490288109         69.99380994434965
9.998298162578806         69.99236717486569
10.467453214465024        69.99093996326744
10.997184887368007        69.98958378435684
11.423543391872272        69.98804017050999
11.99901420936078         69.9853725074747
12.474907543775771        69.98320943713061
12.9889728045693          69.98058513692133
13.468372678326318        69.97803921816717
14.0151494739913          69.97549051042954
14.464274135202345        69.97272100229324
15.011120710228454        69.96931161001348
15.462006218028478        69.96619483181604
15.996249183457735        69.96156731327427
16.45760037942813         69.95755257646752
16.991022358406894        69.95365872031124
17.387868124577608        69.94905607025373
17.97390812048758         69.94266739339811
18.459738787339063        69.93904829431196
19.015126087754936        69.93426946049388
19.456953417825503        69.92937261536123
19.99122301803868         69.92246469939508
20.457522880578153        69.91670645091101
20.991816970559114        69.91032175126473
21.456958540726703        69.90432678657908
21.992082734458506        69.89735807314128
22.465177304545932        69.89090755712004
22.99468565551541         69.88329270509296
23.45601706578134         69.87572871601644
23.991781244174263        69.86744948226922
24.45108715582711         69.85991245334867
24.987735683116284        69.85060411625875
25.45481915394157         69.84285124724808
25.989499946149294        69.83362901113051
26.454353436130077        69.82557905649132
26.987305351910095        69.81612340861737
27.455936879918227        69.80706219858872
27.98371566160165         69.79723445542716
28.460673446828764        69.7889913893492
28.986459129118657        69.77930596761993
29.434175488268124        69.76961428169021
29.98234061628682         69.75712279774687
30.45698550812233         69.74706920637202
30.98872887234228         69.73561998291888
31.466293792747194        69.72501523485782
31.985726064324012        69.71352455358767
32.460581488074354        69.70240485004727
32.98845594957436         69.6905085839358
33.499963982363624        69.68196998265883
33.98755619883059         69.6712386786547
34.4508611474314          69.6588346527097
34.97375599796976         69.64670260446727
35.433523469263946        69.63321524139155
36.030909973715666        69.61933262160964
36.49141286615696         69.61018262613803
37.01697752822918         69.59474651031404
37.48871948917213         69.58046471102298
37.99714710422535         69.56729299688126
38.46562238389396         69.55507731099792
38.995657682003184        69.54159357148559
39.4594829601063          69.53061073096372
39.97535304896587         69.51723583166284
40.447898666307765        69.50437965533652
40.94794976231981         69.48748971314458
41.45269734102067         69.47166329142908
41.98986735275395         69.45995152066683
42.450082874653674        69.44733236715278
42.9890934352357          69.43058188409036
43.45798373806025         69.41785843358483
44.014493317146815        69.40487728135066
44.41013465787515         69.38767423469247
45.039189791509386        69.36859605283888
45.419577315822835        69.36179726398248
45.9517836630215          69.34475576088575
46.430818837314405        69.33152412178444
46.98057737818172         69.31581813513873
47.43891133224773         69.30203097110349
47.98868472333177         69.28240378166144
48.483664945387005        69.26970380936473
48.96861828489892         69.25785226748611
49.44980538344299         69.24116032382261
49.99164740172577         69.22535595300424
50.44263051062799         69.21172651224565
50.993197390963616        69.19336823997224
51.45691129547126         69.17899282829192
51.991035510655394        69.16207129227386
52.45760323359596         69.14750678410377
52.99103794092318         69.13094600126202
53.46998176026338         69.11737527922979
53.98965312332709         69.10152092203867
54.46449569876623         69.08590997073279
54.98873717373891         69.0693580751546
55.46071529750509         69.05413794719162
55.97994557701398         69.03743553303755
56.5014107003019          69.02461065329747
56.98917752660276         69.0094024103895
57.45927018372345         68.99203156677669
57.96441676910541         68.97556599785831
58.45811119115052         68.95824517489254
58.97699945457083         68.94124002503327
59.461074000348844        68.92462980925544
59.98269371781589         68.90755069919783
60.52304041236175         68.89568475818918
60.99924531228811         68.88061263858498
61.459346302326026        68.86145052761344
61.96819794805447         68.84463049502588
62.47341238404846         68.8280487247729
62.98622994912057         68.81115389789265
63.457682705356206        68.79353191947321
63.99105189502359         68.77518581951712
64.45768715615668         68.75970227587678
65.00329127792327         68.74150486038798
65.45890950807319         68.72625219504484
66.04322665172725         68.71084828470826
66.46288717513107         68.69724509006312
66.99105464832667         68.67466906676079
67.45631318986682         68.65967840470303
67.98378545437663         68.64177345914106
68.44829493470456         68.62289064627794
68.99859810087469         68.60875146267935
69.42946540451305         68.59764679935753
69.99352637339246         68.57739381442838
70.42626308437178         68.56155429552163
70.99151590523553         68.53990490696883
71.45771301639945         68.52379679764393
71.97241865834104         68.50413516733556
72.42126092465628         68.48376919888476
73.02958623085601         68.46796947899654
73.44704349161344         68.45729079134445
73.9993910656134          68.43785171368718
74.42935210695066         68.42323017552249
74.9882889069367          68.40287999092963
75.43677127134242         68.3875453238826
75.98666799450729         68.36858980070471
76.42782936332429         68.35336077087553
77.02135639867714         68.33383068277494
77.46056789808563         68.3181178421447
78.02338308213194         68.29860999733432
78.46075874005152         68.28346568545719
78.99498492127509         68.26797127348662
79.39112415035277         68.25488362644353
79.99273073616695         68.22858979275905
80.45086680501265         68.21223436863075
81.02224203457922         68.19510849753857
81.46065278567045         68.17979547084221
82.02085216524421         68.15997577925958
82.46052223059792         68.14478365983445
82.99366190831842         68.12948188110124
83.39156668705658         68.11625395249571
83.99137135937207         68.09095212812497
84.44276629072874         68.07476776141198
84.99105836031458         68.05399045575241
85.46060442619762         68.03884140139067
86.00955454147282         68.02296152001608
86.45267276390007         68.00561983725855
87.03934353718859         67.9878865266022
87.44926522137337         67.97348003764762
87.97237324519335         67.94539899934637
88.54438952961164         67.93328344944054
89.0270039971989          67.92228838071675
89.43604602990285         67.89713633529225
90.05287370054725         67.87773374288477
90.44075791480816         67.86825987068629
90.98361585740713         67.84360416289034
91.45561317221859         67.82953036354252
91.9615635584542          67.81294721569813
92.43944086785154         67.79514073837298
92.97457731108403         67.77495404072387
93.45204878335767         67.75904832659111
93.98494554759816         67.743443093674
94.43810425388483         67.72351327913108
94.97841903163771         67.70539326816616
95.39639384410799         67.69305207899798
95.99400128187733         67.66883689708285
96.44287873649739         67.65190627423243
97.02248489452461         67.63324294022
97.4233900579751          67.61607281467529
98.05526000890058         67.59529514156577
98.46066129239352         67.58195333905513
99.01587840049876         67.55942707564569
99.43062801729718         67.54823262150434
99.98622496287459         67.52857406867582
100.42366595032638        67.51295870607908
101.02421174210622        67.4928817315032
101.46084539255543        67.47726470330373
102.02330385825758        67.45723822811294
102.46075987428901        67.44152557120547
102.99485024070498        67.4256047229004
103.3934355389132         67.41208309696545
103.99273229019082        67.38556638166379
104.45087309134544        67.36916739877016
105.02421174116279        67.35196320345945
105.46084539342212        67.33647091194969
106.02330385772586        67.31652562101765
106.46075987478451        67.30149780920986
106.99393287741202        67.28443375791875
107.40918929553163        67.26950174220804
107.99418481503687        67.24541857829783
108.44575184396928        67.22919027964684
109.01961021913735        67.21090106493598
109.45545478936049        67.19548561195072
110.02161344345745        67.17561898197224
110.4621978411709         67.15998422883813
110.99139295335698        67.13994579281368
111.43340506813934        67.12456635209794
111.99138826141376        67.104928272854
112.43374698520773        67.08923812263444
112.99217091170277        67.06997946770574
113.43013755660166        67.0546158645474
113.99105925744198        67.0320523961153
114.45772257328576        67.01523280864079
114.98838571323938        66.99897378419787
115.42840765913456        66.9835210842926
116.00746049229139        66.96281715041653
116.45185533674328        66.94707269180806
116.99726481429946        66.92623194995605
117.45598356572953        66.9099139401178
118.01019579787373        66.89149911417276
118.46057008740331        66.8753425399227
119.01227208302055        66.85683949163578
119.47612937348174        66.8424849984819
119.98891412817238        66.82213628851561
120.49045264078632        66.80591070796797
120.98912886755318        66.78831490075198
121.48652322026771        66.76965251103546
121.99489805281843        66.75182468626605
122.45772257328571        66.73275761402456
122.99105925744135        66.71410004712656
123.45772257328565        66.69772039326767
124.00748512454527        66.6786739684354
124.47607161348935        66.66228878582619
125.00567693365804        66.64459754355015
125.45998221559773        66.62853406173714
125.9910592574413         66.60817332162351
126.45772257328565        66.59167433939149
126.9910592574413         66.57288177641018
127.45772257328565        66.55629290577978
127.99030536194857        66.53895567542524
128.44570676630042        66.52307470665913
129.00359566118823        66.50358020870189
129.4534121257425         66.48779993373753
129.99105925744124        66.46692092008459
130.45772257328548        66.45063348092877
130.99105925744118        66.43202301637139
131.45772257328542        66.41556702323545
131.99039214618801        66.39824793060319
132.447089958908          66.38232676535836
133.00419098270714        66.36318894041041
133.45320743369268        66.34733743634426
133.99105925744118        66.3263619362897
134.45772257328537        66.30947196842617
134.99105925744112        66.2907055995315
135.46522164713684        66.27460170978175
135.99073749441231        66.25759387227258
136.47410927773865        66.24281100779224
137.003622882777          66.22436724753143
137.46154853982273        66.2056593358677
137.9918567732954         66.18508052170559
138.4929752989221         66.17084815790398
138.99473745423546        66.15353682519898
139.4538146761625         66.13626829669026
139.95386387732805        66.1182805791076
140.46656081234835        66.09884344593411
141.003001476465          66.08335748867148
141.46185398637033        66.06615748536508
141.99105925744084        66.04419641362901
142.433384920952          66.02565534800428
142.98390762666043        66.00909177637709
143.42077785782863        65.9968624858315
143.98618879583415        65.97489161251127
144.44013027163578        65.95649494434322
145.0074783973099         65.93621961268192
145.46396865669317        65.91888966022145
146.0481212198714         65.89973562398524
146.47718696501317        65.88893701031114
146.98998992116333        65.8686745504011
147.47711543361504        65.85260022332744
147.98568980092773        65.8366612707383
148.44719763956607        65.81812085057079
149.00338368812606        65.79893247704608
149.45348500938383        65.78256719374997
149.9910592574406         65.7616374739218
150.45772257328497        65.74497481400181
150.99105925744055        65.72623973511325
151.45772257328497        65.71016607470189
151.9903054387746         65.693048833722
152.44341216667215        65.67878714862417
152.97399827626413        65.65798321897168
153.4517395999476         65.63546688625786
154.07351456049605        65.61924733662772
154.46654445683254        65.60893459976867
154.98833881835577        65.5841570001626
155.46544857437812        65.5689664104875
155.96456428769648        65.55550214615357
156.43842820470445        65.5389207517729
156.99171105567615        65.51952166096521
157.45464434529367        65.50394236349865
158.00808025352183        65.4849805268466
158.46393085365105        65.4672523369583
158.98120587921227        65.45011853576308
159.40950158234313        65.43471256182933
159.9953750601752         65.41096364986836
160.4564808099567         65.3947018325438
161.00554060410195        65.37629840781347
161.45669490125243        65.36061624773278
161.99105925744027        65.3401434721698
162.45399018518253        65.32541271028855
162.9712311137667         65.30788651714076
163.44379740666716        65.28741118512767
163.9938815939754         65.26933565359246
164.4474124167793         65.25582187023967
164.99105925744027        65.23513017790991
165.4577225732845         65.21881545635546
165.99105925744016        65.20029306930458
166.4577225732845         65.18341848001737
166.99105925744016        65.16478438452457
167.45772257328446        65.14847806374814
167.99771248721186        65.12954641823895
168.46717196567005        65.11338622572887
169.00887885421923        65.09620588465154
169.46106783299285        65.08078607229426
169.99105925744004        65.06051129036388
170.45772257328434        65.04425930157934
170.99105925744004        65.0262156786592
171.4577225732843         65.00987793653182
171.99105925743999        64.99116519421413
172.4577225732843         64.9747488056767
172.99105925744004        64.95594151502748
173.45772257328417        64.93954740554287
174.03122583178572        64.9236636956387
174.4607388097162         64.90919793432913
174.9910592574402         64.8862865388835
175.45772257328395        64.86953811003904
175.99105925744067        64.85129409724821
176.47448715894006        64.83610248879525
176.98860683610928        64.81913126152003
177.44593867996826        64.80126652676736
177.9888905438661         64.78274032677714
178.4453295897589         64.76732494065803
178.99105925744556        64.74683104682053
179.4577225732869         64.73037433515958
179.99105925744846        64.71139162169439
180.45772257328952        64.6949264324451
180.99105925745158        64.67673865363295
181.45772257329259        64.66044775891262
181.99105925745414        64.64178437495795
182.45772257329554        64.62545745644475
182.99105925745573        64.60679902705593
183.46302576151322        64.59226540369335
183.9764598930695         64.57490185487117
184.4750327674921         64.5577043005282
184.98961512787236        64.53956979154992
185.4651441120498         64.52371496480316
185.9984698620296         64.50848475893252
186.4631048655463         64.48984369908302
186.9917973327489         64.47024176979191
187.43600850353096        64.45531691894371
187.99105925745567        64.43340485368883
188.45772257329946        64.41700936025666
189.00838984652927        64.40044692681839
189.45227993333896        64.3852821711942
189.99105925745545        64.36386207086026
190.4577225732993         64.34728919761746
191.0115867829914         64.33046130317291
191.46180899975622        64.31481415458079
191.99105925745533        64.29412586796909
192.45772257329912        64.2780714399248
192.99105925745528        64.25920494116164
193.44700099454377        64.24592576663973
193.94364894125948        64.22915721762647
194.47100401505998        64.20969846964
194.98968217794413        64.19367158900596
195.44115139780592        64.17602943696536
195.99207127962995        64.15655241666666
196.43781283168147        64.1414581560027
196.99105925745488        64.1199998558513
197.45772257329878        64.10351695822374
197.99446407745103        64.08665922906377
198.44731104626146        64.07224752376449
198.9859779688257         64.05269193606125
199.4666256207592         64.03795004748761
199.9700837088966         64.02017961217885
200.47902008678284        64.00253153453579
200.97605275799407        63.98169610564547
201.4895841536494         63.95958428289462
201.99105925745448        63.94654409119158
202.45867568399456        63.932559688185535
202.95700099290866        63.91188102184972
203.46417292875935        63.894777519374045
203.96624947013623        63.88164094052121
204.4516156497309         63.864402363422506
205.00794527596656        63.84526218891743
205.46200164815673        63.82744258891821
206.01248896032837        63.809209110492326
206.45626590927992        63.79425202197088
206.99060430399345        63.77496367958123
207.43406960082638        63.759975838895
207.9910592574539         63.738464702162446
208.447892207201          63.725216393990074
208.9438795819492         63.70883466041753
209.45772257329764        63.68787685000763
209.9910592574538         63.66934463824643
210.45772257329753        63.65370252706344
210.99105925745368        63.635305340693954
211.45772257329747        63.619521728492565
211.99105925745368        63.602056493283655
212.45772257329742        63.58677398440025
212.9632528388849         63.56476047349073
213.46088137311563        63.54800078063542
213.99105925745351        63.53343643717735
214.42231066866992        63.512988518941555
214.9909850166482         63.48925541822274
215.51155582076774        63.476968930751525
215.99265942463416        63.46313166028649
216.4577225732972         63.44512973632788
216.9865679625787         63.42969160842734
217.41935107964173        63.41585018049829
217.99046857204758        63.393302763411825
218.45079875281192        63.37805720085811
218.9777774542353         63.361105368916725
219.44265340149815        63.34419805417529
219.991059257453          63.323458904064026
220.45772257329685        63.30724108103879
221.01496010875155        63.29067725468069
221.45505326387877        63.27501324445814
222.03345849573827        63.257029078880585
222.46276088654417        63.242678781932106
222.99105925745272        63.22021879451704
223.45772257329656        63.204070716216975
223.99105925745266        63.18590253119144
224.45772257329645        63.16993221583641
224.99105925745255        63.15152896408089
225.4577225732964         63.13568515265142
225.9910592574525         63.11655755526453
226.45772257329634        63.1001135104513
227.02336440600004        63.08446217456362
227.4546591042003         63.06991301485448
228.02251197131994        63.050963906795594
228.4547399398383         63.0365106142423
228.9910592574522         63.01428661390383
229.45772257329605        62.997943131351676
229.99105925745215        62.979871229160416
230.45772257329594        62.96356537856269
230.99105925745204        62.94507204996922
231.45772257329588        62.92943978904977
231.99105925745198        62.91139896703596
232.4577225732957         62.89538778467955
232.99105925745192        62.87725206962279
233.45772257329565        62.86125330245162
233.9910592574518         62.842882545649445
234.4577225732956         62.82653692999338
234.9974074555343         62.81042373090106
235.43766135995128        62.79519615728722
236.01199700805358        62.77480281918828
236.4592353722133         62.759254198862955
237.00929284268585        62.740536515894554
237.47202384467852        62.72680019157154
237.9939420934283         62.70681678253501
238.45436517661375        62.69090682198155
238.9651077283189         62.673813389306964
239.45772257329526        62.65483746825917
239.99105925745135        62.636459136779806
240.45772257329514        62.620746419382186
240.99294687599627        62.60510216523735
241.4324283799067         62.59035767680567
241.99262298011558        62.56631856553197
242.4747744573756         62.55171780739788
242.98836463649786        62.53831680877513
243.47438469276665        62.521909411430315
243.98165764849432        62.5026232156812
244.46182300211086        62.48528137298836
244.97630314021956        62.46783829744686
245.4692694250262         62.45120635765916
245.99224363718412        62.433522457457045
246.4577225732947         62.41556552388076
246.9910592574508         62.39699151497904
247.46180157999743        62.3813263079354
247.9913594618289         62.36285897770752
248.45570697095985        62.34730588223262
248.97298907946043        62.33184318323124
249.42430534973084        62.315630628156164
249.9946918769271         62.29568929526386
250.44387092555377        62.28224001278217
250.9786997520049         62.261885335617606
251.45519099118206        62.24352415874516
252.0145895053069         62.22703637821699
252.4392189753837         62.21184333063497
253.0304734451194         62.194225289343436
253.43750032824164        62.18045566891083
253.98105226352862        62.160157146644586
254.3892581371278         62.14748591733006
255.0208399425647         62.12450835170564
255.45984561686288        62.109261325451726
256.01426794908036        62.09145724557095
256.4468072729809         62.076883690037484
256.99105925744993        62.05490789493949
257.4577225732937         62.03915888804847
257.9910592574498         62.02122340204342
258.45772257329367        62.005031502765995
258.99105925744976        61.987254762258694
259.4585808880951         61.97319448333181
259.9714129590841         61.95585189188602
260.45857231981216        61.93925299841573
260.9716090818108         61.922207861777586
261.4575577015956         61.90352004345168
261.9826835761355         61.88548517715539
262.4908140280381         61.87109528258802
262.99644904316625        61.85379285546006
263.45772257329327        61.834689603068
263.99979064141326        61.81865527132084
264.43412043941134        61.80454043777414
265.0240396718987         61.78500680037957
265.454575855097          61.77010908884273
266.0198130263592         61.75123868161043
266.44574995121263        61.737959598876465
266.97913889320245        61.71617998599344
267.4612459913644         61.70203632596935
267.95689404330346        61.68561847500763
268.46214912426115        61.66464115831102
268.9920472986279         61.64666551825025
269.47794933283456        61.631909598443656
269.9934642826674         61.6141670708102
270.4739816458317         61.59852308125563
270.9859611045398         61.581505973612686
271.46928539052755        61.5644362987423
271.98770219302406        61.5470250921985
272.46720541803217        61.530689161670864
272.98830607714024        61.51290487886722
273.46460430096806        61.495931662270486
273.98937596095834        61.480286080948325
274.41941806726777        61.4644711888875
274.99075825615466        61.44487896333537
275.4258111724729         61.431140799692
275.9915306070181         61.408793462212344
276.45772257329224        61.39291336718242
276.9910592574483         61.37511363676238
277.4577225732922         61.35920931572797
277.9910592574482         61.34150340293626
278.4610583858416         61.32681123091008
278.98010666417184        61.309554264173045
279.457722573292          61.292088760761786
279.99105925744806        61.27367125693491
280.4647938937066         61.25800556276811
280.9905504202415         61.240107497913655
281.47253981505463        61.224510676415974
281.99522034247263        61.208710056528226
282.4388457864437         61.19256641331606
282.9977811690259         61.17381327973288
283.44661478442447        61.15887947343061
283.99937025258373        61.13853128464216
284.4763659372411         61.12387478983302
284.9844434674851         61.107271307736504
285.4304424613059         61.08794304420451
286.0493244917489         61.06832842012003
286.44310990957894        61.05734806608886
287.07463431354967        61.04016728502678
287.4650703742021         61.027513732390624
287.9910592574473         61.002442197855714
288.4577225732912         60.98606532179056
288.9910592574473         60.96830364218218
289.4577225732911         60.95261466874126
289.9966710511189         60.93479666221147
290.4581459756832         60.922033285093924
290.95768295384295        60.90517482988423
291.45772257329094        60.88530403803496
292.00869750939194        60.869338828152266
292.4479931365202         60.853634198027635
293.0029759079294         60.83201244881564
293.43529195345303        60.81481678656739
293.9979358145842         60.79535766082716
294.45499909808956        60.78513183342424
294.96463319854547        60.768764251196934
295.4577225732906         60.7494514650727
295.9910592574467         60.730767607723905
296.4848415986596         60.718385765137874
296.9792025527129         60.70153611138267
297.4586411147657         60.6807965112034
298.02668634685006        60.66426623462331
298.4608835739945         60.647435969254005
299.0303906282406         60.63321267415821
299.35883617978624        60.62652855189662
299.9842771216024         60.598951367068366
300.4578936986619         60.580691429415545
301.0087384945772         60.56418678996655
301.45238161911163        60.54884185593856
301.99105925744624        60.52848461218453
302.45772257329           60.51286520212524
303.0040480719222         60.4962880088812
303.4565260077548         60.48119378938284
303.9979239795891         60.464015260986514
304.44060533042955        60.44938193301977
304.991059257446          60.42880855682164
305.4577225732898         60.412969828110995
305.9910592574459         60.39526418833289
306.4577225732897         60.38016694559309
306.9910592574458         60.36236602421884
307.4408088423372         60.345728326194525
307.9790944593595         60.3278792035706
308.4521856405023         60.31395809607102
308.96699296960446        60.29696466316145
309.47071683735925        60.28036140394403
309.98484663986574        60.263081675521725
310.47902221163355        60.24734758002222
310.9868070265863         60.23048930330239
311.46993506811333        60.21330947398835
311.9865458035148         60.19606081753126
312.4692323356454         60.17988693807893
312.9868055170839         60.16249304796423
313.4577225732892         60.14505695161559
313.9910592574453         60.12693038564267
314.45772257328906        60.11142088834796
314.9910592574453         60.09359645787964
315.45772257328895        60.07800389178595
315.99105925744516        60.0601967210196
316.45772257328895        60.044739158102914
316.99105925744504        60.026531704135245
317.45772257328883        60.0109647614916
318.0009116562678         59.99401837069408
318.4588644918367         59.97883006277374
319.00449973144976        59.95863641102115
319.4766655013185         59.94246028935371
320.0079042678617         59.92757501537483
320.45084971710116        59.91307469140959
320.99223324379284        59.89417601700414
321.44077913579906        59.87910383894715
322.00331080666535        59.86028326081011
322.4672152142314         59.84673886827347
323.00690887768485        59.829289389500374
323.46007892098453        59.81231488116767
323.9959541102045         59.793491274207014
324.4571360174866         59.77892910386391
324.9803575170125         59.75807653463267
325.482501646512          59.741273709519334
325.9814232662693         59.725010535011194
326.47157611034595        59.706632056120505
326.999995050042          59.69142966965967
327.45912571218037        59.67661591650894
327.99105925744414        59.65793207961562
328.4577225732879         59.64274903233236
328.99105925744414        59.62517668167795
329.4577225732879         59.60940788213978
329.9910592574439         59.59065791817596
330.4577225732878         59.57481377615189
331.05333850886484        59.56198231929866
331.4573060403469         59.54929722124426
331.9870181967533         59.52770333837393
332.4198834826253         59.513080116916086
333.0311769609357         59.495017467384564
333.45198950045767        59.48077344572961
333.99105925744357        59.45815177022148
334.4723372471417         59.44337953973018
335.0055770635339         59.42537268993116
335.48446140085673        59.40819902932169
335.9913263919607         59.39138042178076
336.45772257328724        59.37492031578948
336.98778661102426        59.35960820481366
337.4234049714215         59.345371767820644
338.0096142068319         59.32560022474654
338.45207146280075        59.31109813874692
338.99105925744334        59.290727975118685
339.4596408488402         59.27732282290159
339.96929497301653        59.26144492889751
340.46133390753585        59.24456017578273
340.95223093950926        59.22435430913188
341.47959471655577        59.20550535140805
341.9946787733917         59.18964455008555
342.5083359866695         59.173337878136145
342.99702217867457        59.16126697482517
343.4485840732167         59.14731162386549
343.96655951802074        59.1285753252072
344.46533037658287        59.11220764502846
344.9633002821947         59.09763285105773
345.41366165772183        59.077648735906905
345.9845343403092         59.05733478602404
346.4334669288729         59.04544931598889
347.00908091343683        59.027277338525785
347.4497909496889         59.012191646441686
347.9942221912702         58.9896812382713
348.4764824758065         58.973426437995506
349.0118031666832         58.95981900180611
349.4554819918566         58.94528971511598
349.99105925744254        58.925208943328634
350.45772257328633        58.90954493419896
350.9853641050586         58.89415397375217
351.4235578115067         58.87972938413082
351.99105925744243        58.8586945984096
352.4577225732862         58.84316424055429
352.99043790015673        58.82689015504045
353.4387778602012         58.8123822328185
353.9910592574423         58.792794493557736
354.457722573286          58.77748602781875
354.9880207349303         58.75867889150718
355.45547532505464        58.7436881353092
355.9771236623783         58.729330333437396
356.4338411566307         58.71501060158949
356.9748366531687         58.697907243761215
357.4299511681928         58.68128516648008
357.99105925744186        58.65991921388756
358.45772257328554        58.644342317065664
358.9763357280294         58.62598513205658
359.4598342149309         58.611131383655945
359.99153452517555        58.59429729813687
360.4577225732854         58.57700129064579
360.99105925744163        58.55928281104923
361.4949515279427         58.54679478367158
361.99385611164075        58.53071683357257
362.4582392226023         58.51285147204717
362.9746451544254         58.496347783229
363.4690464427531         58.480334692276905
363.98829201850674        58.46312600329476
364.4577225732851         58.44596378368365
364.9910592574413         58.428181174698196
365.4577225732851         58.41288488504376
365.9910592574412         58.395078521870445
366.45772257328497        58.379898223835426
366.99105925744107        58.36231112240976
367.45772257328485        58.34673438771511
367.9888616641156         58.33062796615449
368.43223795045344        58.31648345531114
369.0159065640655         58.29829907570934
369.4551975251758         58.28380588988461
369.99502927809556        58.26355404141583
370.45626504833535        58.24810776749727
370.9964539798316         58.23203913625424
371.43391700985137        58.21782668692162
372.01744828586163        58.19910397904772
372.4766193873602         58.18639230720398
372.9922011700578         58.167824375077394
373.4431211701974         58.1495041206277
373.99987295483663        58.13242548604221
374.45463222134515        58.117563342487855
375.00470639668674        58.100113652416034
375.43260538587003        58.08683489779797
375.9920638680485         58.067063819262906
376.4447363033495         58.05261119671124
376.99138746544315        58.033070409843454
377.45772257328406        58.01686217136657
377.99105925744027        57.999381262146
378.45772257328406        57.98383183619659
378.99105925744016        57.96616663586518
379.45772257328395        57.95096735360298
379.9935554320575         57.93562147315249
380.4350863636929         57.921132661697335
380.9928203511531         57.90286927969227
381.4290748150669         57.888368049902844
382.0167845895862         57.87018402011191
382.44533098677573        57.8563787982597
382.9910592574398         57.83453356240505
383.4577225732835         57.818822478177125
383.99696692987675        57.8031947429735
384.43765111043706        57.788782988332095
385.02544920580226        57.77046560835266
385.46102171364873        57.756248515784144
386.01773089666995        57.73892844791828
386.4462144373746         57.72530988572719
386.9910592574395         57.703471019371065
387.45772257328326        57.68797011634909
387.9910592574395         57.67108730742027
388.45772257328326        57.65630054898117
388.99105925743936        57.639136331108816
389.43974678311645        57.6209261698043
390.01005075167086        57.60342043726604
390.45305276523413        57.593214499755064
390.95840610166886        57.572339522436145
391.48230994664755        57.55485002847993
391.96792328608706        57.542224754939184
392.484753473889          57.52703784138625
392.9784838838407         57.51147756301972
393.48122303584137        57.49498892496438
393.98012632180667        57.47833809819545
394.45120253292134        57.46152544494904
394.9517344793104         57.444963263915135
395.4577225732827         57.42600634159182
395.9856969630432         57.410793570580395
396.431104183602          57.396763566998004
396.98650438586776        57.374697385610126
397.45954995870056        57.35897218606176
398.0210422293195         57.34435180793147
398.4608475887601         57.32952646831008
398.99659286597546        57.30924308172131
399.47282285220774        57.29592231236851
399.99342745566696        57.279828255858725
400.45542570115026        57.262991460868435
400.99158663769606        57.24494526679648
401.45772257328224        57.229866012125804
401.99105925743834        57.21261579705732
402.4577225732821         57.19743636624576
402.99105925743834        57.178950878366756
403.457722573282          57.16357106383172
404.0209709349833         57.14794306568346
404.4568632700325         57.132478104654616
405.06223071113163        57.11571826438001
405.4561259021058         57.10475907409123
405.9910592574379         57.08223450542588
406.45772257328167        57.066505881732596
406.9910592574379         57.049523594486374
407.45772257328167        57.034231622914504
407.9910592574379         57.01692415394984
408.45772257328156        57.00190502161599
408.99105925743777        56.98452385250095
409.45772257328156        56.968900885778865
409.99105925743777        56.951418875594165
410.45772257328144        56.93572669533611
410.99105925743766        56.91833237325197
411.494990641952          56.905633514029255
411.994046187762          56.889947189434345
412.4764221009774         56.87374309822382
412.9840888523345         56.857491682636486
413.4552285117287         56.83920814119574
413.9890955308707         56.82161868259663
414.45772257328144        56.806849627382576
414.9910592574372         56.79003585800608
415.4512035323081         56.776943431051826
415.95738008429487        56.75851166908982
416.48911318952116        56.74101967801426
416.9559897582109         56.7237363786776
417.43319929391964        56.70426814923062
417.9783523656099         56.69056224386733
418.44182908607877        56.67672194946035
418.98668918309295        56.6612443514125
419.4078077431692         56.64787157819541
420.01491353441713        56.62738101612955
420.44112385142716        56.61091159032739
421.03763277655275        56.59148211716675
421.434004901776          56.57954444486103
421.99618762903765        56.55864850010966
422.4577225732935         56.54634356750257
422.98797036034057        56.52418137326181
423.4986856615151         56.507661737758
423.99120145630366        56.49559837432512
424.43106287470687        56.47900874821517
424.97216214586194        56.46316025447749
425.4499756834417         56.44717387750069
426.00051121723914        56.42970378640882
426.4588213605523         56.416036949816046
426.9721343995059         56.397229198827944
427.4605332436655         56.38337201943345
427.97963269519823        56.367363516568815
428.43195022803377        56.35053129382869
428.983750907992          56.3329099296003
429.4408724664461         56.31578414202976
429.9952584579994         56.296846418318374
430.46494785813206        56.2848347361401
430.9915957280506         56.26769900308201
431.4579158931439         56.25219181105069
431.9829480678993         56.23899702266071
432.40704806437475        56.22523497259026
432.9883850539354         56.204889608241544
433.4266347020923         56.19064622778974
434.0103865582016         56.1721231476993
434.4572261648053         56.15854543982086
434.9905767433388         56.13900387492545
435.458702733634          56.12356014512023
435.9859972493299         56.106318504078246
436.45078245306934        56.092712173237736
436.97630133460177        56.07832722122299
437.4615946974051         56.06064371832576
437.99105925744993        56.04147597025579
438.4577225732934         56.026596730371345
438.99105925744993        56.00960839811265
439.4577225732934         55.99461651030649
439.99105925744993        55.97744064830951
440.45772257329327        55.96245284153593
440.9910592574498         55.945380363373644
441.45772257329327        55.930888816853205
441.9931477094408         55.912879664521526
442.46557166363425        55.89875613468612
442.9713073530504         55.88273660395645
443.48021739393596        55.866880750117254
444.01196163234715        55.85181292217978
444.46295071686336        55.83546437244468
444.9901830886389         55.8165840251427
445.4583522396928         55.80255159933544
445.97873801601054        55.78622106942071
446.45772257329304        55.77001002245669
446.9910592574497         55.75261520448763
447.4440071966976         55.737523807005985
447.9958703380822         55.721089633931854
448.4395379118132         55.706281618214085
448.97491747029983        55.68775854405958
449.4560161927013         55.67324685255831
449.99541194157837        55.655788650202254
450.4676477385498         55.64078274774944
450.9919838360721         55.62374380449041
451.4762819686416         55.60923776649314
451.9929359850029         55.59282168108865
452.4577225732928         55.57598547167443
452.9910592574495         55.558681062372166
453.4577225732928         55.543600066492225
453.99105925744936        55.5265856335301
454.4577225732928         55.51244355681066
454.99105925744936        55.49561875991317
455.4577225732928         55.4804375900317
455.9705545001889         55.46223704846021
456.44152705683746        55.447206331109406
457.0172127602103         55.43249704650377
457.4612337644886         55.4184505869141
457.99105925744925        55.39894878109628
458.4577225732926         55.383824352961966
458.99105925744925        55.36647884468751
459.4577225732926         55.35119902159509
459.99105925744914        55.333944317334456
460.4577225732926         55.318944936203856
460.99105925744914        55.30186396973041
461.4577225732926         55.28713494339935
461.991059257449          55.26979278666317
462.45498487885175        55.25559221636367
462.98531758692366        55.242153875350255
463.4471077381529         55.22835743321368
463.9958965077352         55.21043309166297
464.4506931626938         55.19651446629043
464.9846106508503         55.17727163086513
465.4591747517733         55.15955582766402
465.9908082409962         55.14191961405838
466.45763768756535        55.12847562953771
466.97061977168664        55.11278510513232
467.4529163667679         55.095364878938206
467.9892242457008         55.078585271937406
468.45308229799593        55.06494800720284
468.99249897338746        55.04654328668771
469.48311749895356        55.032657079324224
469.98487496756013        55.01561938477556
470.4740958001712         54.99640115923401
470.9910592574487         54.981485715608855
471.457722573292          54.96709497404933
471.9910592574487         54.94967593507513
472.457722573292          54.93469486774534
472.99105925744857        54.91738918177428
473.457722573292          54.902321817453576
473.99105925744846        54.885549084186714
474.457722573292          54.87093701155262
474.99105925744857        54.85318263424167
475.457722573292          54.838022407850545
476.0123217841858         54.82298613991817
476.45671961248433        54.809064157708164
476.9944201730825         54.7898717535839
477.46263751494007        54.77486854518653
477.99105925744857        54.75756553259273
478.4577225732918         54.74278419605832
478.99687793717953        54.72619733034265
479.45716980558007        54.7115813087769
479.99105925744846        54.694433703399035
480.4577225732918         54.679653162717464
480.99105925744834        54.6627224454797
481.4577225732919         54.64756494697237
481.99105925744834        54.63087422540346
482.4577225732918         54.6162340627592
482.99105925744834        54.59917819764063
483.4577225732918         54.58444944217161
483.99105925744834        54.56739014585819
484.4577225732917         54.55282301010273
484.99105925744834        54.536082142454674
485.4577225732917         54.52079516917488
485.9910592574482         54.5040012716256
486.4577225732917         54.48893438315056
486.9910592574482         54.471868008305464
487.4577225732917         54.4571140385336
487.9910592574482         54.44010040070678
488.4577225732917         54.42534482937448
488.9910592574482         54.408172919811285
489.46144892169104        54.394392602548365
489.9780721937566         54.37838681507759
490.4876783722236         54.36359285097321
490.9942777863696         54.34761450420004
491.4823244265332         54.33172532266818
491.9937025445246         54.31558981219961
492.45772257329145        54.2984873042604
492.991059257448          54.28132219864866
493.45772257329145        54.26705244414584
493.9910592574479         54.25025646803719
494.45772257329145        54.23481883407441
494.9987126098729         54.21760533182873
495.48126206609527        54.20446704858715
496.00308000833616        54.18857422376971
496.47824939247255        54.17357985268227
497.0083874643361         54.15785871695715
497.45873403029816        54.143755642469
497.9716619153571         54.12548709954293
498.4607039710685         54.108581621542484
498.9814094217264         54.091946239273945
499.4667573387568         54.078273019201475
499.9681441425232         54.06257028243903
500.4577225732912         54.04379973945461
501.00078831845565        54.02965316649846
501.45239774033007        54.01883173827325
502.00763660773055        54.00049897450443
502.46134217384963        53.98308178114652
503.01144574127807        53.965047850691406
503.4609830196056         53.95100068214619
503.99105925744766        53.93247488092552
504.4577225732911         53.91751397241741
504.99021170544734        53.902481699663056
505.4312813211973         53.888711325333105
505.99018003405706        53.87060513400205
506.4302932624039         53.85714674144351
507.04416159733           53.84158168348645
507.45405137617115        53.82863586299184
507.99105925744755        53.806547857252866
508.45772257329077        53.791671110063334
508.9969164934639         53.77439891609012
509.4661551879208         53.759236190372306
509.9993867760834         53.743781583723035
510.45829763851543        53.729741027795406
510.9806417274251         53.71044892263751
511.46148106531996        53.69504680551013
511.9902689465622         53.680584649307974
512.4467872645657         53.66620911718349
512.9910592574472         53.64823030085975
513.4577225732907         53.63322358666455
513.9910592574472         53.6164812824621
514.4577225732905         53.60181128568416
514.9910592574472         53.585312827758955
515.4577225732905         53.5707555043486
515.9910592574471         53.554135190202736
516.4577225732905         53.539694056725835
516.9910592574471         53.52284510163685
517.4577225732907         53.508090792572844
517.991059257447          53.49136360290507
518.4577225732908         53.476633886883384
518.9910592574468         53.460002072001274
519.4577225732912         53.44554927089193
519.9910592574462         53.42885856505121
520.4577225732921         53.41406094516196
520.9956348543578         53.39892327747703
521.4437325956216         53.38484285306913
521.99176886079           53.36667806576843
522.4494855150317         53.3524507109685
522.9910592574354         53.33372296519172
523.4577225733119         53.31877782889125
524.0311494115952         53.30476319462034
524.4622917347563         53.29135829237616
524.9925515436234         53.27432377715055
525.4196617199929         53.26109325579937
525.9887840144338         53.24150743372338
526.4426016151193         53.227613728271805
526.9892434113901         53.209827367171286
527.4456965688737         53.1953259655664
527.991059257063          53.17763891920424
528.4577225740385         53.162845544195825
528.9910592567771         53.1460703935271
529.4577225747737         53.13138201277617
529.9910592563687         53.11480577248025
530.457722576392          53.10002674987189
530.9910592559526         53.082989482415925
531.4577225803705         53.0688027284986
531.9984203774009         53.0545260754664
532.4111727582616         53.038957413008525
533.0338876746773         53.01922738722073
533.4364504774302         53.00660929758466
534.0701004673995         52.98968402063575
534.4685379573033         52.980007056340924
534.9887058904123         52.958455500196095
535.4540477904868         52.94642506141756
535.9516761181507         52.93181662007861
536.4583759440968         52.91476270319533
536.9676175214072         52.89918105116249
537.4577244228374         52.88246950009685
537.9910598664987         52.865847392791835
538.4196476755858         52.84774268587391
538.9854066497752         52.82953904298999
539.4577285366526         52.81878926177936
539.991060897198          52.80210130037328
540.4577313063279         52.787599619484645
540.9910614719724         52.771169351442126
541.45773406881           52.75670988650715
541.9910620125181         52.740427950338514
542.4577367051224         52.726010866599474
542.9910625427842         52.70880309146814
543.457739312311          52.694215861764384
543.9910630701147         52.67746626891073
544.457741839117          52.662875816469246
544.9910635420827         52.64638683925655
545.4577440573742         52.6317907034765
545.989767116746          52.617412059051865
546.4305201374336         52.60409155237423
546.9910643764684         52.58430000328581
547.4577484054481         52.56961339389751
548.0023922292677         52.553707948755175
548.4599249542327         52.539512438456754
548.9910658955234         52.522195762401566
549.4577563480341         52.50757695809815
549.9919366573951         52.493062695039164
550.4356561807231         52.47954237908518
550.9903303054085         52.46164015228039
551.438851318575          52.447812757086346
551.9961878650195         52.42905832485331
552.456495205387          52.41453338391597
553.0423324488709         52.40020907666984
553.469073818188          52.38734913818438
554.0087399154105         52.36702403491698
554.4795775399766         52.35214506996738
554.9910685328197         52.33651839960595
555.4529513396915         52.32430622825182
555.9582965890979         52.309238425710056
556.4767285144405         52.292887383295
556.9899068596818         52.276854865511496
557.474603929211          52.26222340673192
557.9851343413543         52.24755477157129
558.4413800050716         52.23194775673517
558.9897334737741         52.21490543737787
559.4390115966843         52.2007739552174
560.0151426835221         52.18448790723039
560.4444382031877         52.17007830588927
561.0034667304111         52.14931578219508
561.4633524678923         52.13694259665188
561.9917328171359         52.121237231885175
562.4578094394791         52.106371667613274
562.9910768523647         52.08889111234391
563.4467217046349         52.07318870557728
564.0453614615795         52.06019313131864
564.4506636167316         52.047760832842386
565.0036333204607         52.02726152364293
565.4257578266034         52.01481487371485
566.0098826621257         51.99639645106881
566.4448772143933         51.984018868932495
567.0121429089144         51.96675549409618
567.4416161670313         51.95207107973666
567.9836508918469         51.93340433578089
568.4756980633715         51.921640132661516
569.0123968663258         51.908602307738164
569.4632119275623         51.892668857110046
570.0055476913071         51.87430686114245
570.4455594101527         51.86157642514723
570.9909476198893         51.84389567296684
571.4545469750566         51.829262152031774
571.9970045256962         51.812879647166405
572.457497945152          51.799094779221946
572.9868486833246         51.78201782492365
573.4501166369712         51.764458922872976
574.005266511833          51.750806570088635
574.4064999724906         51.741867649711274
574.9788234787009         51.72297817954626
575.4319620593694         51.709022538871274
575.98494969788           51.69048187871881
576.457795492538          51.6761002743828
576.9835683502274         51.66032977165498
577.4584842524241         51.64495429762839
577.9832401999163         51.628943089646306
578.479364770782          51.616373815233
578.9788398000652         51.601636082769375
579.4572477627056         51.584361721097956
579.9805126381489         51.568271092265
580.4500438865483         51.55447427273538
580.9691444885541         51.540400159766776
581.4303123808617         51.52726338306782
581.9765240954404         51.50860193755572
582.4581063196042         51.492200811179345
583.0155245033968         51.478139664274714
583.4670027994371         51.46629277034601
583.9738356593684         51.451794781519574
584.3979218590408         51.438598570887976
584.9760088976125         51.4178769034627
585.4569913065037         51.40366202412271
585.9700095300987         51.38835688343735
586.4564919980884         51.372723437332816
586.983344936607          51.356595040627525
587.4580066666514         51.341589883078704
587.9798510402017         51.32392771144032
588.4718567742776         51.30850479851796
588.9868070622176         51.2943711467216
589.4555148372322         51.28217712184012
589.963476451297          51.26744935289305
590.4573921978158         51.24954231120435
591.0226538964513         51.23460004007858
591.4725609571437         51.22385107130691
591.9837448047282         51.207892320565534
592.4857333386318         51.19335048958975
592.9688109239257         51.17985018773647
593.3987814543907         51.16501365420761
593.8978544789409         51.150854520801154
594.3913505793045         51.140605693485085
594.7513375917949         51.12080230913681
595.044785577671          51.11496262218039
595.5244451849285         51.09403020509673
595.864499952195          51.067732231379104
596.6434387703108         51.061740473100464
596.7031293030346         51.05680766595369
596.7408948606328         51.05736921409715
597.5202287523113         50.984773906256144
598.1918919646375         50.98843424963075
598.3360141741744         50.971785102606674
598.4713862626388         50.97391554508095
599.1240553110965         50.90400684834544
599.7263648476633         50.92686190941854
600                       50.90970754133901
