85
85.00000038
85.00000386
85.00000197
85.00000137
84.99999828
84.99998326
84.99997832
84.99997354
84.99996952
84.99992539
84.99992114
84.99982259
84.99966984
84.99953574
84.99936564
84.99888605
84.99858504
84.99810655
84.99731938
84.99638543
84.99584685
84.99426096
84.99312645
84.99152421
84.98993898
84.98843237
84.98671839
84.98375671
84.98135627
84.97844336
84.97561768
84.97278944
84.96971531
84.96593036
84.96247001
84.95733039
84.95287145
84.948547
84.94343402
84.93633625
84.93231612
84.92700711
84.92156686
84.9138916
84.90749405
84.90040042
84.89373984
84.88599749
84.87883091
84.87037092
84.86196735
84.85276941
84.84439592
84.83405477
84.82544164
84.8151962
84.80625308
84.79574849
84.78568209
84.77476425
84.76560681
84.75484719
84.74408052
84.73020351
84.71903486
84.7063159
84.69453502
84.68177009
84.6694172
84.65620167
84.64671637
84.63479532
84.62101578
84.60753866
84.59255572
84.57713388
84.56696946
84.54982154
84.53395593
84.5193238
84.50575355
84.49077468
84.4785741
84.46371619
84.44943442
84.43067136
84.41308989
84.40007984
84.38606137
84.36745342
84.35331898
84.33889872
84.31978758
84.29859373
84.29104143
84.27210975
84.25741063
84.23996263
84.2246463
84.20284164
84.18873306
84.17556717
84.15702326
84.13946577
84.12432433
84.10392931
84.08795903
84.06916005
84.05297958
84.03458125
84.01950482
84.00189124
83.98454798
83.96615936
83.94925024
83.93069426
83.91644633
83.89955035
83.88025159
83.86195871
83.84271547
83.82382302
83.80536922
83.78639445
83.77321171
83.75646671
83.73517746
83.71649048
83.69806806
83.67929791
83.65971961
83.63933689
83.62213441
83.60191684
83.5849708
83.56785695
83.5527435
83.52766056
83.51100546
83.49111243
83.47013272
83.45442389
83.44208635
83.41958431
83.40198584
83.37793203
83.36003503
83.33818983
83.31556169
83.29800763
83.28614313
83.26454487
83.24829928
83.22568842
83.20865029
83.18758906
83.17066823
83.14896846
83.13150989
83.10983454
83.09300745
83.07579158
83.06124969
83.03203341
83.01386033
82.99483129
82.97781627
82.9557936
82.9389128
82.92191034
82.90721202
82.87909708
82.86111341
82.83802598
82.82119268
82.80354732
82.78427719
82.76457204
82.7485634
82.71735886
82.70389619
82.69167864
82.66372858
82.64216813
82.63164061
82.6042419
82.58860255
82.57017459
82.55038701
82.52795429
82.5102788
82.49293732
82.47078956
82.45065327
82.43693872
82.41002841
82.39121331
82.37047277
82.35139124
82.32830079
82.31347372
82.28843955
82.27599888
82.25415153
82.23679752
82.21448501
82.19712891
82.17487221
82.15740958
82.13971571
82.12468808
82.09521754
82.0769918
82.05787119
82.04065291
82.01848545
82.00178328
81.98281802
81.96622203
81.93945496
81.92141804
81.90109055
81.88395689
81.86187582
81.84449821
81.82222591
81.8051319
81.78330438
81.76586476
81.74445869
81.72738181
81.70230199
81.68360656
81.66553419
81.64835781
81.62534434
81.60784345
81.58467762
81.56653899
81.54606954
81.52811008
81.50754227
81.49158583
81.46896601
81.45092944
81.43136957
81.41062387
81.39080585
81.36961003
81.3488694
81.33066074
81.30948751
81.2912725
81.27160549
81.25374783
81.23111284
81.21277081
81.1918789
81.17343665
81.15416243
81.13650697
81.11483407
81.09729028
81.07407782
81.05597
81.03527938
81.01698385
80.9977287
80.98002752
80.95874991
80.94112588
80.91780477
80.89902587
80.87816064
80.8602555
80.84134524
80.82490867
80.80440149
80.78360037
80.76071889
80.74489394
80.72564531
80.70644413
80.68644317
80.66483033
80.64761085
80.62848519
80.60406531
80.58344809
80.56502982
80.55143093
80.5269994
80.5065421
80.48399557
80.46472411
80.44342418
80.43141563
80.40888267
80.39100712
80.37328198
80.35266355
80.33132435
80.31312438
80.28984825
80.27131734
80.25048156
80.23260548
80.21356868
80.19770748
80.17457002
80.14952773
80.1314887
80.1200189
80.09246111
80.07556588
80.06059066
80.04214833
80.0205719
80.00324371
79.98215314
79.96243458
79.94337702
79.92624099
79.89982506
79.88173679
79.86126621
79.84382239
79.82104965
79.80466389
79.78516847
79.76239217
79.74228534
79.7272526
79.70423499
79.6860862
79.66548145
79.64670942
79.62598
79.60783989
79.58677909
79.56880128
79.54968833
79.53253382
79.50997795
79.49189728
79.47182329
79.45364681
79.43282792
79.41456354
79.39363913
79.37539927
79.35772708
79.34163238
79.31614081
79.29750597
79.27720705
79.26030407
79.24142087
79.22154331
79.20092965
79.18377704
79.16097335
79.14266163
79.121539
79.10321749
79.0829792
79.06485133
79.04408331
79.02591501
79.00515205
78.98897899
78.96965666
78.95051877
78.93033802
78.91269391
78.89574479
78.87499975
78.85318517
78.83657529
78.81218923
78.79394233
78.77550949
78.75863191
78.73479239
78.71634723
78.69761818
78.68020297
78.65717686
78.63930814
78.61830924
78.60352905
78.58486492
78.56320624
78.54536724
78.52572995
78.50405026
78.48724869
78.4633631
78.44501545
78.42625052
78.41020815
78.38843952
78.37202919
78.35224731
78.33260142
78.3094072
78.28479165
78.27027473
78.25470662
78.23168572
78.21264489
78.19802021
78.17882842
78.15751944
78.13768035
78.11738046
78.10072795
78.07925309
78.06256604
78.0386159
78.02386518
78.00562561
77.98229078
77.96165639
77.94423972
77.92375515
77.90618049
77.88673333
77.86971626
77.84520384
77.82654154
77.81032356
77.78755338
77.76112503
77.74744298
77.73203393
77.71198693
77.69479485
77.67938073
77.65427109
77.63729282
77.6184142
77.59958484
77.57648784
77.55842592
77.53997848
77.52253278
77.50250308
77.48652029
77.46150511
77.44351965
77.42328403
77.40549617
77.38499824
77.36735088
77.34604562
77.32772917
77.31029559
77.29408945
77.27298215
77.25688239
77.23212663
77.21392087
77.1937896
77.17562532
77.15502403
77.13760988
77.11751237
77.09967559
77.07947181
77.06164837
77.04118231
77.02297199
77.00502053
76.98805531
76.96533475
76.94801153
76.92715733
76.91185288
76.889588
76.87186137
76.85281599
76.83167296
76.81119548
76.79368778
76.77625627
76.75982692
76.7330406
76.716771
76.70183819
76.6835551
76.66206389
76.64273899
76.62330116
76.60476703
76.58506036
76.56504892
76.54434972
76.52689187
76.50631104
76.48897772
76.47174503
76.45367633
76.43145182
76.41646243
76.39377662
76.37331223
76.35493566
76.33800188
76.31836515
76.30301748
76.28039263
76.2662689
76.24065737
76.22366216
76.20381654
76.18757165
76.16307538
76.14551988
76.12552677
76.10747695
76.08766036
76.07198641
76.05265314
76.03414876
76.01514672
75.99431288
75.97420695
75.95816436
75.93887445
75.91757653
75.89969993
75.88396315
75.86218463
75.84557435
75.82453469
75.80972894
75.78544526
75.76967516
75.75136897
75.72797863
75.70793514
75.69148141
75.67169717
75.65425287
75.63527718
75.61624258
75.59682697
75.57861009
75.55877786
75.53984971
75.522402
75.50476522
75.4829157
75.46759434
75.44267148
75.42496097
75.40510943
75.38737146
75.36762412
75.35123755
75.33199025
75.31251022
75.29196804
75.27449473
75.2545314
75.23713459
75.21951026
75.20150305
75.18058492
75.1639266
75.14122859
75.12487935
75.10635794
75.08479669
75.06291591
75.0506667
75.03150043
75.01738425
74.98941471
74.97114431
74.95132881
74.93382555
74.91394664
74.89970684
74.88089813
74.85872843
74.84091579
74.82339345
74.79926905
74.78008241
74.75837034
74.74696035
74.7286973
74.70714752
74.68629923
74.67248292
74.65368084
74.63053783
74.61209157
74.59331028
74.57743817
74.56997899
74.53920417
74.51882634
74.50040737
74.48328237
74.46056332
74.44313156
74.42463054
74.40778442
74.38861181
74.37227949
74.34931738
74.33163922
74.31187715
74.29502625
74.27515731
74.25658631
74.23666314
74.22112402
74.20215536
74.18362201
74.16433323
74.14676951
74.12795071
74.10877261
74.0895175
74.07146185
74.05204398
74.03257871
74.01234239
73.99502745
73.97512795
73.95771976
73.93783896
73.92058111
73.90025278
73.88287233
73.86395154
73.84699325
73.82444604
73.80638435
73.78976389
73.77357298
73.75247072
73.73564074
73.7146251
73.69950072
73.68001547
73.66106033
73.64004016
73.62377844
73.60049171
73.58172699
73.56356492
73.54304018
73.52606216
73.5095181
73.48865168
73.47169478
73.45206919
73.43445738
73.4135158
73.39581942
73.38148784
73.3673195
73.3432005
73.32686682
73.30669135
73.29078072
73.26551222
73.2490112
73.22889669
73.2097127
73.19092504
73.1725376
73.15543242
73.13952856
73.11744112
73.10124016
73.07848338
73.06350749
73.04576892
73.02690514
73.00433071
72.98327162
72.96555084
72.94733184
72.93384508
72.91825269
72.89731834
72.8790302
72.86274509
72.84041537
72.81771679
72.80443589
72.78413034
72.76727276
72.74211851
72.72395457
72.70874858
72.69251216
72.67007179
72.65256684
72.63536675
72.61924629
72.59573852
72.57838201
72.56019391
72.54397956
72.52208765
72.50497813
72.48395781
72.46720279
72.4511552
72.43514983
72.41603312
72.39745381
72.37357181
72.35616026
72.33564065
72.3190369
72.30021936
72.28088512
72.26107845
72.24711842
72.22914511
72.20917335
72.19072374
72.17282219
72.15358378
72.1343969
72.11451627
72.09741497
72.07750719
72.06053519
72.04087207
72.02345623
72.00544799
71.98963313
71.9693011
71.95309585
71.93045148
71.91318008
71.89521261
71.87932046
71.85838486
71.8441704
71.82340708
71.80292041
71.78382206
71.76720198
71.74768808
71.7328381
71.71072765
71.69456463
71.67271096
71.65458391
71.63503337
71.6176427
71.59788556
71.58088613
71.56372259
71.54751718
71.52708992
71.51087015
71.49053102
71.47508938
71.45065446
71.43308056
71.41559963
71.39947866
71.37898871
71.36308505
71.34371014
71.3284756
71.30404509
71.28670434
71.26781761
71.25127546
71.23207334
71.21170048
71.19211557
71.18069721
71.15734226
71.13777483
71.12364921
71.10665739
71.08924762
71.07079886
71.05216826
71.03335624
71.01482429
70.9936127
70.97659046
70.96089119
70.93619932
70.91860273
70.9022423
70.8856522
70.86295418
70.84804731
70.83003693
70.81119483
70.79099899
70.77412328
70.75481784
70.73782959
70.71714097
70.69992806
70.68243708
70.66512827
70.64637018
70.634104
70.60889323
70.59128833
70.57228008
70.55516348
70.53579064
70.51897906
70.49952319
70.48203503
70.46246572
70.44489963
70.42542804
70.41121237
70.39365228
70.37551235
70.35731909
70.33685062
70.31715896
70.30062452
70.28180082
70.26714306
70.24650716
70.2269232
70.20757248
70.1857751
70.17042946
70.15493311
70.13760335
70.12262994
70.09968671
70.08124557
70.05948984
70.04612244
70.02272402
70.00894523
69.98412786
69.96562908
69.95212023
69.93354226
69.91579426
69.89789135
69.87832686
69.86302144
69.84195834
69.82643925
69.80851052
69.78965901
69.76992358
69.75074267
69.72953218
69.71607881
69.6968862
69.67951735
69.66473841
69.64932369
69.62653511
69.61058085
69.58983266
69.57462368
69.55273409
69.53543442
69.51612047
69.50087859
69.48476437
69.46495479
69.44348224
69.42681354
69.40778204
69.3909867
69.37174448
69.35495325
69.33582635
69.31959082
69.29941391
69.28359009
69.26564181
69.24787667
69.23099425
69.21267657
69.19152208
69.17579915
69.15750113
69.13933671
69.11984558
69.10293518
69.08451996
69.06792658
69.04717009
69.03090841
69.01134468
68.9945286
68.97543422
68.95917802
68.94078114
68.92191317
68.9025203
68.88561887
68.86655055
68.85070124
68.83184496
68.81483037
68.79443155
68.77758527
68.7610991
68.74535547
68.7234972
68.70654492
68.6871029
68.66997595
68.6506353
68.63382236
68.61467595
68.5981657
68.57872605
68.56280769
68.54774374
68.53227805
68.51218483
68.49658172
68.4750099
68.45514954
68.43537812
68.42030638
68.40271591
68.38318595
68.36437397
68.34908475
68.32845049
68.31288181
68.29377965
68.27223229
68.25550897
68.23937386
68.21984304
68.20304551
68.18364131
68.16674662
68.14793967
68.13155519
68.11164688
68.09464723
68.07778656
68.06217506
68.04065343
68.02382903
68.00442543
67.98784955
67.96924866
67.95285769
67.93362766
67.91705177
67.89806442
67.88106528
67.86234665
67.84592748
67.82679879
67.81027982
67.79114684
67.77480876
67.75603254
67.73888661
67.72005045
67.703151
67.68400872
67.66745994
67.64837637
67.6318254
67.6125638
67.59710632
67.57915246
67.56255766
67.54463406
67.52681024
67.50870994
67.48952466
67.47026898
67.45426115
67.43541919
67.41810068
67.3987897
67.38405038
67.36622078
67.34939884
67.33176142
67.31593903
67.29544322
67.27647646
67.25781252
67.24247172
67.22485373
67.20379357
67.18792128
67.17577952
67.15520983
67.13566709
67.11543219
67.09967037
67.07888319
67.06209575
67.04522811
67.02977626
67.00945908
66.99435708
66.97689091
66.96236355
66.93757727
66.92088296
66.90150028
66.88448457
66.86714118
66.85138453
66.82973414
66.81244915
66.7962188
66.78008545
66.75990817
66.74306607
66.72427605
66.70781157
66.68929489
66.67295658
66.65430275
66.63809452
66.6191836
66.60262349
66.58384891
66.56731604
66.54864814
66.53242583
66.51369147
66.49708172
66.4800902
66.46428514
66.44389538
66.42792518
66.406903
66.3901267
66.37439482
66.35934717
66.34022504
66.32537281
66.30338632
66.28778949
66.26782247
66.25154298
66.23168723
66.2150797
66.1962472
66.17975726
66.16114778
66.14455568
66.12542821
66.10950089
66.0934725
66.07599325
66.05384187
66.039675
66.02067224
66.00980736
65.98561017
65.97210275
65.95570067
65.93655261
65.91905743
65.90029347
65.88162973
65.86130092
65.84086109
65.82879066
65.81005232
65.79376874
65.77531945
65.75908299
65.74079999
65.72461085
65.70528776
65.68890727
65.67009847
65.65371408
65.63519769
65.61880667
65.60265982
65.58770105
65.56547523
65.54898207
65.53112001
65.51517809
65.49573095
65.47931342
65.46301322
65.4478291
65.4277237
65.41219446
65.39113164
65.37481875
65.35873111
65.34428795
65.32146053
65.30474954
65.2871987
65.27348269
65.25655929
65.23819447
65.22018725
65.20375354
65.18727796
65.16974834
65.15060647
65.13473378
65.11644102
65.10025577
65.07693466
65.0630365
65.04539551
65.02869768
65.00906234
64.99142427
64.9768267
64.96286164
64.939835
64.92585365
64.90516414
64.89126016
64.8718678
64.85537227
64.83440318
64.82118795
64.80654192
64.78864292
64.76801573
64.75371465
64.73385247
64.71741341
64.69900937
64.68352345
64.66433913
64.64461322
64.62927595
64.61923367
64.59801268
64.58233442
64.56150504
64.54534802
64.52763053
64.51035667
64.49236855
64.47824726
64.4616897
64.44228216
64.42420443
64.40870376
64.39289141
64.37813209
64.35716567
64.33873858
64.32294048
64.30963006
64.29334103
64.27851447
64.25523269
64.23926149
64.22206522
64.20450004
64.18637862
64.16951912
64.14967423
64.13234523
64.11646476
64.10276356
64.08621542
64.06609498
64.0493057
64.03722797
64.01929642
64.00295684
63.98778755
63.97111668
63.95520695
63.94369092
63.92143892
63.91487711
63.89135627
63.86180639
63.85507335
63.84953053
63.85016152
63.76858877
63.77270144
63.75399312
63.75638695
63.67783077
63.70351175
63.68423515