% Model:              CMSL_AJB_O2_20210227_AdptLKR.mph
% Version:            COMSOL 5.5.0.359
% Date:               Feb 28 2021, 00:51
% Dimension:          1
% Nodes:              1208
% Expressions:        1
% Description:        Line graph
% cln1x                   Height
0                         80
0.07644537880878488       80.00000034883318
0.8127602615697924        80.00000365274352
1.5333611862234306        80.00000200906022
1.691313091440577         80.00000145953882
1.8429681349171005        79.99999848006878
2.5419370262270036        79.9999837865418
3.2174618005118987        79.9999793330367
3.274558342129012         79.99997470592331
3.404895743775228         79.99997101310313
3.955876995275162         79.99992880023994
4.140306653069729         79.99992476847417
4.689754130582742         79.99983073887933
4.9906938820326445        79.99968320392009
5.457047219396202         79.99955299594927
5.655585384957362         79.999388577933
6.129825952080182         79.99892458359594
6.526795916652645         79.99863336356323
7.013540003992716         79.99817027663617
7.396171616410868         79.9974083927027
7.98464101751739          79.99650405739195
8.354363779026244         79.9959829425006
9.000420925930882         79.99444686454062
9.443002490288109         79.99334909097065
9.998298162578806         79.9917982001505
10.467453214465024        79.99026429715278
10.997184887368007        79.98880643138699
11.423543391872272        79.98714719653236
11.99901420936078         79.98427938592987
12.474907543775771        79.98195388727133
12.9889728045693          79.97913318443264
13.468372678326318        79.97639684933431
14.0151494739913          79.97365856505891
14.464274135202345        79.97068274638347
15.011120710228454        79.96701981929053
15.462006218028478        79.96367097699083
15.996249183457735        79.95869892106786
16.45760037942813         79.95438503065084
16.991022358406894        79.9502018959011
17.387868124577608        79.94525568074653
17.97390812048758         79.9383902335436
18.459738787339063        79.93450157097791
19.015126087754936        79.92936615400635
19.456953417825503        79.92410304283251
19.99122301803868         79.9166775880307
20.457522880578153        79.91048787367835
20.991816970559114        79.90362472648677
21.456958540726703        79.89718026063035
21.992082734458506        79.88968895021364
22.465177304545932        79.88275456318443
22.99468565551541         79.87456834864417
23.45601706578134         79.86643648624317
23.991781244174263        79.85753580175049
24.45108715582711         79.84943281943204
24.987735683116284        79.83942547485793
25.45481915394157         79.83109035454623
25.989499946149294        79.82117541664434
26.454353436130077        79.81252085899494
26.987305351910095        79.80235495839901
27.455936879918227        79.79261313501686
27.98371566160165         79.7820472244583
28.460673446828764        79.77318502033404
28.986459129118657        79.76277214928915
29.434175488268124        79.75235248075887
29.98234061628682         79.7389226666486
30.45698550812233         79.72811397868614
30.98872887234228         79.71580483706606
31.466293792747194        79.70440362718504
31.985726064324012        79.6920499772104
32.460581488074354        79.68009520566426
32.98845594957436         79.66730553749946
33.499963982363624        79.65812589373512
33.98755619883059         79.64658889259161
34.4508611474314          79.63325343190145
34.97375599796976         79.62021052954663
35.433523469263946        79.6057105084064
36.030909973715666        79.59078566982616
36.49141286615696         79.58094886805512
37.01697752822918         79.5643536852399
37.48871948917213         79.54899952697889
37.99714710422535         79.53483900641915
38.46562238389396         79.52170624694203
38.995657682003184        79.50721024439623
39.4594829601063          79.49540302012558
39.97535304896587         79.48102413133479
40.447898666307765        79.46720287310012
40.94794976231981         79.44904481704064
41.45269734102067         79.43203030139969
41.98986735275395         79.41943970145154
42.450082874653674        79.40587332868989
42.9890934352357          79.38786548640589
43.45798373806025         79.37418692160684
44.014493317146815        79.3602316823123
44.41013465787515         79.34173701181935
45.039189791509386        79.32122677258303
45.419577315822835        79.3139181376434
45.9517836630215          79.29559720764846
46.430818837314405        79.28137226749226
46.98057737818172         79.26448717014871
47.43891133224773         79.24966501288094
47.98868472333177         79.22856380096115
48.483664945387005        79.2149104010538
48.96861828489892         79.20216924378539
49.44980538344299         79.18422358077623
49.99164740172577         79.16723253040843
50.44263051062799         79.15257963936989
50.993197390963616        79.13284265421831
51.45691129547126         79.11738767684237
51.991035510655394        79.09919526836985
52.45760323359596         79.08353690022584
52.99103794092318         79.0657322387802
53.46998176026338         79.0511423199032
53.98965312332709         79.034097092704
54.46449569876623         79.01731347966805
54.98873717373891         78.99951825212317
55.46071529750509         78.9831548096775
55.97994557701398         78.96519765526699
56.5014107003019          78.95140956326867
56.98917752660276         78.93505884397032
57.45927018372345         78.91638288180353
57.96441676910541         78.89868038131158
58.45811119115052         78.8800582056592
58.97699945457083         78.86177551402422
59.461074000348844        78.84391735835166
59.98269371781589         78.825555045667
60.52304041236175         78.81279787723408
60.99924531228811         78.79659339072235
61.459346302326026        78.77599131433571
61.96819794805447         78.75790758930236
62.47341238404846         78.74007990703014
62.98622994912057         78.72191571585834
63.457682705356206        78.70296949266361
63.99105189502359         78.68324482988933
64.45768715615668         78.666597794446
65.00329127792327         78.64703304040447
65.45890950807319         78.63063419614757
66.04322665172725         78.61407303475936
66.46288717513107         78.59944768069796
66.99105464832667         78.57517465387328
67.45631318986682         78.55905741532439
67.98378545437663         78.53980682963676
68.44829493470456         78.51950466819086
68.99859810087469         78.50430329194323
69.42946540451305         78.49236435097882
69.99352637339246         78.47058914497518
70.42626308437178         78.45355916550328
70.99151590523553         78.43028225747507
71.45771301639945         78.41296341036337
71.97241865834104         78.39182400465934
72.42126092465628         78.36992687853284
73.02958623085601         78.35294017409015
73.44704349161344         78.3414592103181
73.9993910656134          78.32055886017706
74.42935210695066         78.30483829388066
74.9882889069367          78.28295798411749
75.43677127134242         78.2664704607571
75.98666799450729         78.24608993619051
76.42782936332429         78.2297160150123
77.02135639867714         78.20871759035927
77.46056789808563         78.19182334270288
78.02338308213194         78.17084857933543
78.46075874005152         78.15456535598054
78.99498492127509         78.13790603658948
79.39112415035277         78.12383426335178
79.99273073616695         78.09556201820665
80.45086680501265         78.07797636847422
81.02224203457922         78.05956251017274
81.46065278567045         78.04309751722708
82.02085216524421         78.02178676070137
82.46052223059792         78.00545164762292
82.99366190831842         77.98899894962163
83.39156668705658         77.97477589635518
83.99137135937207         77.94756960320832
84.44276629072874         77.9301674103681
84.99105836031458         77.90782634159025
85.46060442619762         77.89153733850677
86.00955454147282         77.87446267489956
86.45267276390007         77.85581555707722
87.03934353718859         77.83674759468123
87.44926522137337         77.82125661376867
87.97237324519335         77.79106063485884
88.54438952961164         77.77803358350263
89.0270039971989          77.7662114029966
89.43604602990285         77.73916487930732
90.05287370054725         77.71830197920535
90.44075791480816         77.70811515843928
90.98361585740713         77.68160233108287
91.45561317221859         77.66646900905734
91.9615635584542          77.64863726503842
92.43944086785154         77.62948972344292
92.97457731108403         77.6077826537367
93.45204878335767         77.59067900415225
93.98494554759816         77.57389873484551
94.43810425388483         77.5524673845875
94.97841903163771         77.53298266212786
95.39639384410799         77.51971194093485
95.99400128187733         77.49367221507023
96.44287873649739         77.47546590151711
97.02248489452461         77.45539661007864
97.4233900579751          77.43693253983176
98.05526000890058         77.41458950903755
98.46066129239352         77.40024240180315
99.01587840049876         77.37601832406158
99.43062801729718         77.36398044320993
99.98622496287459         77.3428403163152
100.42366595032638        77.3260481621889
101.02421174210622        77.30445798606294
101.46084539255543        77.28766383268223
102.02330385825758        77.2661277425366
102.46075987428901        77.24923052370747
102.99485024070498        77.2321096499821
103.3934355389132         77.21756868243007
103.99273229019082        77.18905219602898
104.45087309134544        77.17141669051342
105.02421174116279        77.1529154073273
105.46084539342212        77.1362548004013
106.02330385772586        77.11480536414136
106.46075987478451        77.09864417705998
106.99393287741202        77.0802932808694
107.40918929553163        77.06423497574065
107.99418481503687        77.03833488057762
108.44575184396928        77.02088229933786
109.01961021913735        77.00121347215014
109.45545478936049        76.98463496043284
110.02161344345745        76.96326934676291
110.4621978411709         76.94645483869705
110.99139295335698        76.92490430507308
111.43340506813934        76.90836427971722
111.99138826141376        76.8872441164501
112.43374698520773        76.87036973225787
112.99217091170277        76.84965744663587
113.43013755660166        76.83313411911911
113.99105925744198        76.80886714721109
114.45772257328576        76.79077773301482
114.98838571323938        76.77329130315626
115.42840765913456        76.756671789172
116.00746049229139        76.73440444866053
116.45185533674328        76.71747102292667
116.99726481429946        76.69505627483737
117.45598356572953        76.6775058121541
118.01019579787373        76.65770016932689
118.46057008740331        76.64032313611126
119.01227208302055        76.62042233601667
119.47612937348174        76.60498345522971
119.98891412817238        76.58309727942138
120.49045264078632        76.56564585535241
120.98912886755318        76.54672056995012
121.48652322026771        76.52664790856352
121.99489805281843        76.50747289743255
122.45772257328571        76.48696471030169
122.99105925744135        76.46689702962499
123.45772257328565        76.44927921385742
124.00748512454527        76.42879307651634
124.47607161348935        76.41116917902457
125.00567693365804        76.39214054950487
125.45998221559773        76.37486252384616
125.9910592574413         76.35296222121255
126.45772257328565        76.3352155980371
126.9910592574413         76.31500191560892
127.45772257328565        76.29715840662993
127.99030536194857        76.27850998041725
128.44570676630042        76.26142778648311
129.00359566118823        76.24045871239865
129.4534121257425         76.22348469246927
129.99105925744124        76.20102604556719
130.45772257328548        76.1835063506799
130.99105925744118        76.16348776739432
131.45772257328542        76.14578653501374
131.99039214618801        76.12715689589398
132.447089958908          76.1100307780174
133.00419098270714        76.08944454000518
133.45320743369268        76.0723931981717
133.99105925744118        76.04982986412999
134.45772257328537        76.03166123974829
134.99105925744112        76.0114741046921
135.46522164713684        75.99415091505226
135.99073749441231        75.9758552918907
136.47410927773865        75.95995303356908
137.003622882777          75.94011255731833
137.46154853982273        75.91998771248544
137.9918567732954         75.89785012857939
138.4929752989221         75.88253975394943
138.99473745423546        75.86391701852546
139.4538146761625         75.84534024527183
139.95386387732805        75.8259897533094
140.46656081234835        75.80507982887023
141.003001476465          75.78842055587323
141.46185398637033        75.7699170406643
141.99105925744084        75.74629155861294
142.433384920952          75.72634507036234
142.98390762666043        75.7085261278566
143.42077785782863        75.69536979384458
143.98618879583415        75.6717332215673
144.44013027163578        75.65194166720721
145.0074783973099         75.63012900762405
145.46396865669317        75.61148482916009
146.0481212198714         75.59087823015531
146.47718696501317        75.57926066739682
146.98998992116333        75.55746120572755
147.47711543361504        75.54016766182002
147.98568980092773        75.52301967974464
148.44719763956607        75.50307261682894
149.00338368812606        75.48242841621938
149.45348500938383        75.46482126232092
149.9910592574406         75.44230321880971
150.45772257328497        75.42437594141299
150.99105925744055        75.40421888817724
151.45772257328497        75.38692515328447
151.9903054387746         75.36850855170309
152.44341216667215        75.35316416186858
152.97399827626413        75.33078068612876
153.4517395999476         75.3065544753503
154.07351456049605        75.28910344262029
154.46654445683254        75.27800752979832
154.98833881835577        75.25134783278989
155.46544857437812        75.23500340878681
155.96456428769648        75.22051643556922
156.43842820470445        75.2026753518045
156.99171105567615        75.18180238430395
157.45464434529367        75.16503925938652
158.00808025352183        75.14463648301448
158.46393085365105        75.12556096712443
158.98120587921227        75.10712499103626
159.40950158234313        75.09054793184882
159.9953750601752         75.06499362438326
160.4564808099567         75.04749546304637
161.00554060410195        75.02769281170487
161.45669490125243        75.01081818560463
161.99105925744027        74.98878849878402
162.45399018518253        74.97293748242727
162.9712311137667         74.95407834655865
163.44379740666716        74.93204542400974
163.9938815939754         74.91259490405324
164.4474124167793         74.89805293722988
164.99105925744027        74.87578680411741
165.4577225732845         74.85823061164785
165.99105925744016        74.83829865702576
166.4577225732845         74.82013967805112
166.99105925744016        74.80008722754664
167.45772257328446        74.78253958416124
167.99771248721186        74.76216667571025
168.46717196567005        74.74477610410966
169.00887885421923        74.72628758332077
169.46106783299285        74.70969352660782
169.99105925744004        74.68787461768596
170.45772257328434        74.67038475860983
170.99105925744004        74.65096674125009
171.4577225732843         74.63338431636957
171.99105925743999        74.6132458911413
172.4577225732843         74.59557856290203
172.99105925744004        74.57533816484728
173.45772257328417        74.55769463449172
174.03122583178572        74.5406003347837
174.4607388097162         74.52503193057882
174.9910592574402         74.50037393441566
175.45772257328395        74.48234857645888
175.99105925744067        74.46271356325413
176.47448715894006        74.44636351116421
176.98860683610928        74.42809807391237
177.44593867996826        74.40887082597692
177.9888905438661         74.3889316044093
178.4453295897589         74.37234027388585
178.99105925744556        74.3502828528752
179.4577225732869         74.33257048028473
179.99105925744846        74.31213925138172
180.45772257328952        74.29441751552024
180.99105925745158        74.27484173007812
181.45772257329259        74.25730736992813
181.99105925745414        74.23721934508602
182.45772257329554        74.21964597175452
182.99105925745573        74.19956294790595
183.46302576151322        74.18391957404233
183.9764598930695         74.16523010779348
184.4750327674921         74.14671911568591
184.98961512787236        74.12719949276692
185.4651441120498         74.11013349596656
185.9984698620296         74.0937397877667
186.4631048655463         74.07367452027371
186.9917973327489         74.05257484582725
187.43600850353096        74.03650939076259
187.99105925745567        74.01292266043882
188.45772257329946        73.99527394535285
189.00838984652927        73.97744545182498
189.45227993333896        73.96112128830617
189.99105925745545        73.93806346831249
190.4577225732993         73.92022324900229
191.0115867829914         73.90210847621401
191.46180899975622        73.88526452726215
191.99105925745533        73.86299376273183
192.45772257329912        73.84571123452989
192.99105925745528        73.8254013006541
193.44700099454377        73.81110610006107
193.94364894125948        73.79305445479366
194.47100401505998        73.77210659386655
194.98968217794413        73.75485311922839
195.44115139780592        73.73586045866885
195.99207127962995        73.71489246964637
196.43781283168147        73.69864253050713
196.99105925745488        73.67554120179634
197.45772257329878        73.65779606615831
197.99446407745103        73.63964736374838
198.44731104626146        73.6241318710069
198.9859779688257         73.60307826392778
199.4666256207592         73.58720702528211
199.9700837088966         73.56807504666769
200.47902008678284        73.54907466884437
200.97605275799407        73.5266425929499
201.4895841536494         73.50283602810731
201.99105925745448        73.48879627879332
202.45867568399456        73.47373986895182
202.95700099290866        73.45147576275848
203.46417292875935        73.43306092443106
203.96624947013623        73.41891710495558
204.4516156497309         73.40035642516065
205.00794527596656        73.37974823104922
205.46200164815673        73.3605616575123
206.01248896032837        73.34092946825318
206.45626590927992        73.32482476844348
206.99060430399345        73.30405639905044
207.43406960082638        73.28791837867796
207.9910592574539         73.26475628424753
208.447892207201          73.25049102761048
208.9438795819492         73.23285176970816
209.45772257329764        73.21028498770505
209.9910592574538         73.19032984974282
210.45772257329753        73.17348656068889
210.99105925745368        73.15367646116535
211.45772257329747        73.13668050856555
211.99105925745368        73.11787373476999
212.45772257329742        73.1014171183957
212.9632528388849         73.07771212466426
213.46088137311563        73.05966459616828
213.99105925745351        73.04398096879432
214.42231066866992        73.02196113708465
214.9909850166482         72.99640363905719
215.51155582076774        72.98317252294525
215.99265942463416        72.96827136907223
216.4577225732972         72.94888516654636
216.9865679625787         72.93225983094138
217.41935107964173        72.91735387967016
217.99046857204758        72.89307211752472
218.45079875281192        72.87665371580032
218.9777774542353         72.85839768261701
219.44265340149815        72.84018937331223
219.991059257453          72.81785423711779
220.45772257329685        72.80038817405277
221.01496010875155        72.78254938699622
221.45505326387877        72.76567937970884
222.03345849573827        72.74631063537892
222.46276088654417        72.73085534300714
222.99105925745272        72.70666577733029
223.45772257329656        72.68927401697022
223.99105925745266        72.66970643595528
224.45772257329645        72.65250586516437
224.99105925745255        72.63268477526442
225.4577225732964         72.61562018258483
225.9910592574525         72.59501858902198
226.45772257329634        72.57730715808657
227.02336440600004        72.56044948988588
227.4546591042003         72.54477875958575
228.02251197131994        72.52436881633243
228.4547399398383         72.5088010754583
228.9910592574522         72.4848633723731
229.45772257329605        72.46725936091067
229.99105925745215        72.44779353133039
230.45772257329594        72.43022975497473
230.99105925745204        72.41030960260011
231.45772257329588        72.39347122721956
231.99105925745198        72.37403828472473
232.4577225732957         72.35679139579422
232.99105925745192        72.33725586467374
233.45772257329565        72.32002201644208
233.9910592574518         72.30023301572788
234.4577225732956         72.28262522421282
234.9974074555343         72.26526776450252
235.43766135995128        72.24886402822123
236.01199700805358        72.22689545448145
236.4592353722133         72.21014565467691
237.00929284268585        72.18998181261769
237.47202384467852        72.17518406604748
237.9939420934283         72.15365637879891
238.45436517661375        72.1365167751286
238.9651077283189         72.11810213654783
239.45772257329526        72.09765935953683
239.99105925745135        72.07786018728575
240.45772257329514        72.0609324958912
240.99294687599627        72.04407850694459
241.4324283799067         72.02819357628921
241.99262298011558        72.00229493931819
242.4747744573756         71.98656460511693
242.98836463649786        71.9721267806424
243.47438469276665        71.95444978934783
243.98165764849432        71.93367108607113
244.46182300211086        71.91498698197643
244.97630314021956        71.89619372601788
245.4692694250262         71.87827425401873
245.99224363718412        71.85922121989665
246.4577225732947         71.83987365529988
246.9910592574508         71.81986117824032
247.46180157999743        71.80298259126005
247.9913594618289         71.78308471182753
248.45570697095985        71.76632664566998
248.97298907946043        71.74966591342678
249.42430534973084        71.73219700199172
249.9946918769271         71.71071026620744
250.44387092555377        71.69621854119399
250.9786997520049         71.67428600937322
251.45519099118206        71.6545012567399
252.0145895053069         71.63673504762437
252.4392189753837         71.6203637688806
253.0304734451194         71.60137937443568
253.43750032824164        71.58654164546604
253.98105226352862        71.56466852567284
254.3892581371278         71.55101416380325
255.0208399425647         71.52625376558422
255.45984561686288        71.50982346891202
256.01426794908036        71.49063756094932
256.4468072729809         71.47493275012164
256.99105925744993        71.45125094123742
257.4577225732937         71.4342791968694
257.9910592574498         71.41495099771618
258.45772257329367        71.39750154374052
258.99105925744976        71.37834411235397
259.4585808880951         71.36319160368458
259.9714129590841         71.3445016053888
260.45857231981216        71.32661297309978
260.9716090818108         71.30824329420729
261.4575577015956         71.28810292425018
261.9826835761355         71.26866624555163
262.4908140280381         71.25315771258069
262.99644904316625        71.23451005520113
263.45772257329327        71.21392133845109
263.99979064141326        71.19664007094565
264.43412043941134        71.18142741420208
265.0240396718987         71.16037432811142
265.454575855097          71.14431745669046
266.0198130263592         71.12397877614315
266.44574995121263        71.1096663659781
266.97913889320245        71.08619184964115
267.4612459913644         71.070947337229
267.95689404330346        71.05325136854911
268.46214912426115        71.03064080059119
268.9920472986279         71.01126553108347
269.47794933283456        70.99536044525101
269.9934642826674         70.97623598159747
270.4739816458317         70.95937345143226
270.9859611045398         70.94103068100571
271.46928539052755        70.92263105171197
271.98770219302406        70.9038631703843
272.46720541803217        70.88625412061194
272.98830607714024        70.86708370184886
273.46460430096806        70.84878728971336
273.98937596095834        70.831921961841
274.41941806726777        70.81487392809763
274.99075825615466        70.79375386688932
275.4258111724729         70.7789441202485
275.9915306070181         70.75485354231999
276.45772257329224        70.7377345478808
276.9910592574483         70.7185460625436
277.4577225732922         70.70140064715021
277.9910592574482         70.68231300343977
278.4610583858416         70.66647398765288
278.98010666417184        70.64786988449676
279.457722573292          70.62904085983503
279.99105925744806        70.60918528957313
280.4647938937066         70.59229611892921
280.9905504202415         70.57300020028624
281.47253981505463        70.5561850717077
281.99522034247263        70.53915010153172
282.4388457864437         70.52174511996493
282.9977811690259         70.50152663450967
283.44661478442447        70.48542560273091
283.99937025258373        70.46348696573361
284.4763659372411         70.44768475895476
284.9844434674851         70.42978316157561
285.4304424613059         70.40894353530763
286.0493244917489         70.38779510207063
286.44310990957894        70.37595593226814
287.07463431354967        70.35743130282965
287.4650703742021         70.34378779141043
287.9910592574473         70.31675476853574
288.4577225732912         70.2990962899621
288.9910592574473         70.27994451751711
289.4577225732911         70.26302756550302
289.9966710511189         70.24381466932977
290.4581459756832         70.23005199675113
290.95768295384295        70.21187355361292
291.45772257329094        70.19044678678063
292.00869750939194        70.17323118522526
292.4479931365202         70.15629627198452
293.0029759079294         70.13298064876612
293.43529195345303        70.11443742199039
293.9979358145842         70.09345342930315
294.45499909808956        70.0824261180604
294.96463319854547        70.06477562462074
295.4577225732906         70.04394877824997
295.9910592574467         70.02379995870436
296.4848415986596         70.01044722538624
296.9792025527129         69.9922761257522
297.4586411147657         69.96990983311505
298.02668634685006        69.95208277828857
298.4608835739945         69.93393200719001
299.0303906282406         69.91859276321793
299.35883617978624        69.91138406541424
299.9842771216024         69.88164261546986
300.4578936986619         69.86194923964445
301.0087384945772         69.84414894305947
301.45238161911163        69.8275992138956
301.99105925744624        69.80564343840133
302.45772257329           69.78879738776286
303.0040480719222         69.77091811127413
303.4565260077548         69.75463816110765
303.9979239795891         69.73610999286393
304.44060533042955        69.7203267459549
304.991059257446          69.69813661406391
305.4577225732898         69.68105291526304
305.9910592574459         69.66195543627748
306.4577225732897         69.6456712753886
306.9910592574458         69.6264706749363
307.4408088423372         69.60852447062086
307.9790944593595         69.5892715827619
308.4521856405023         69.57425536107846
308.96699296960446        69.55592505375868
309.47071683735925        69.53801546557673
309.98484663986574        69.51937596665238
310.47902221163355        69.50240354561151
310.9868070265863         69.48421834656227
311.46993506811333        69.46568605133258
311.9865458035148         69.44707938976846
312.4692323356454         69.42963189406703
312.9868055170839         69.4108681421788
313.4577225732892         69.39205866768287
313.9910592574453         69.37250418635286
314.45772257328906        69.35577273235829
314.9910592574453         69.33654386693756
315.45772257328895        69.31972245353097
315.99105925744516        69.30051182290461
316.45772257328895        69.28383579709406
316.99105925744504        69.26419290722481
317.45772257328883        69.24739855583898
318.0009116562678         69.22911586683466
318.4588644918367         69.21272961659228
319.00449973144976        69.19094304540933
319.4766655013185         69.17349075241249
320.0079042678617         69.15743108560503
320.45084971710116        69.14178655175958
320.99223324379284        69.12139646457146
321.44077913579906        69.10513459028668
322.00331080666535        69.08482836316708
322.4672152142314         69.07021461961932
323.00690887768485        69.05138731040978
323.46007892098453        69.03307229135298
323.9959541102045         69.0127620253946
324.4571360174866         68.99704957494929
324.9803575170125         68.97454954392086
325.482501646512          68.95641889203179
325.9814232662693         68.93887053625194
326.47157611034595        68.91903945498474
326.999995050042          68.90263531134246
327.45912571218037        68.88665047335715
327.99105925744414        68.86648945039975
328.4577225732879         68.85010584951966
328.99105925744414        68.83114386271778
329.4577225732879         68.814127699476
329.9910592574439         68.79389444448934
330.4577225732878         68.77679670120523
331.05333850886484        68.76294996684989
331.4573060403469         68.74926100556713
331.9870181967533         68.72595811088686
332.4198834826253         68.7101772455999
333.0311769609357         68.69068463234262
333.45198950045767        68.67531264746869
333.99105925744357        68.65089958393625
334.4723372471417         68.63495730815796
335.0055770635339         68.61552399268328
335.48446140085673        68.59698974249453
335.9913263919607         68.57883848471916
336.45772257328724        68.56107395473057
336.98778661102426        68.54454830640034
337.4234049714215         68.52918335441791
338.0096142068319         68.50784441399641
338.45207146280075        68.49219252904369
338.99105925744334        68.47020710470115
339.4596408488402         68.45573887362616
339.96929497301653        68.43860167879117
340.46133390753585        68.42037751742538
340.95223093950926        68.39856861544712
341.47959471655577        68.3782238479818
341.9946787733917         68.36110421940633
342.5083359866695         68.34350329246594
342.99702217867457        68.33047414899761
343.4485840732167         68.31541085282427
343.96655951802074        68.29518692476732
344.46533037658287        68.27751949217024
344.9633002821947         68.26178717862511
345.41366165772183        68.24021557983426
345.9845343403092         68.21828772935008
346.4334669288729         68.20545783754547
347.00908091343683        68.18584187069347
347.4497909496889         68.16955697434891
347.9942221912702         68.1452572401333
348.4764824758065         68.12771035011257
349.0118031666832         68.11302102939842
349.4554819918566         68.09733637468716
349.99105925744254        68.07565865375412
350.45772257328633        68.05874871587518
350.9853641050586         68.0421333618257
351.4235578115067         68.02656102306388
351.99105925744243        68.00385255372957
352.4577225732862         67.98708627725426
352.99043790015673        67.96951681494424
353.4387778602012         67.95385400034797
353.9910592574423         67.93270682883235
354.457722573286          67.91617943295493
354.9880207349303         67.89587444387094
355.45547532505464        67.87968965892308
355.9771236623783         67.86418822747531
356.4338411566307         67.84872768268822
356.9748366531687         67.83026171777088
357.4299511681928         67.81231501703991
357.99105925744186        67.78924624080935
358.45772257328554        67.77242767701411
358.9763357280294         67.75260699157073
359.4598342149309         67.73656886849736
359.99153452517555        67.71839242069592
360.4577225732854         67.69971696878508
360.99105925744163        67.68058523088682
361.4949515279427         67.66710097452973
361.99385611164075        67.6497402797136
362.4582392226023         67.6304493464571
362.9746451544254         67.61262869319256
363.4690464427531         67.59533752856835
363.98829201850674        67.57675517067914
364.4577225732851         67.5582226973922
364.9910592574413         67.53902019302517
365.4577225732851         67.52250230677201
365.9910592574412         67.50327374771376
366.45772257328497        67.48688086289593
366.99105925744107        67.467888759054
367.45772257328485        67.45106735526113
367.9888616641156         67.4336738242412
368.43223795045344        67.41839885991897
369.0159065640655         67.39876099555495
369.4551975251758         67.38310912318869
369.99502927809556        67.36123806629668
370.45626504833535        67.34455658756893
370.9964539798316         67.32720287028728
371.43391700985137        67.31185363073112
372.01744828586163        67.2916332863887
372.4766193873602         67.27790455997936
372.9922011700578         67.25785084578264
373.4431211701974         67.23806441390846
373.99987295483663        67.21961888960995
374.45463222134515        67.20356701628256
375.00470639668674        67.18472031655183
375.43260538587003        67.17037819450144
375.9920638680485         67.1490238844863
376.4447363033495         67.13341371261687
376.99138746544315        67.11230762128474
377.45772257328406        67.09480078148297
377.99105925744027        67.0759192022784
378.45772257328406        67.05912367278968
378.99105925744016        67.04004270446391
379.45772257328395        67.0236251311298
379.9935554320575         67.00704911136387
380.4350863636929         66.99139855611402
380.9928203511531         66.97167072389036
381.4290748150669         66.9560064374229
382.0167845895862         66.93636389817082
382.44533098677573        66.92145119100687
382.9910592574398         66.89785333768718
383.4577225732835         66.88088155427003
383.99696692987675        66.86399963753048
384.43765111043706        66.84843113577914
385.02544920580226        66.82864342821306
385.46102171364873        66.8132849156385
386.01773089666995        66.79457419709972
386.4462144373746         66.7798619922963
386.9910592574395         66.7562691796272
387.45772257328326        66.73952312950452
387.9910592574395         66.72128413018812
388.45772257328326        66.7053093788911
388.99105925743936        66.68676597475763
389.43974678311645        66.6670921689473
390.01005075167086        66.64817931772579
390.45305276523413        66.63715284207281
390.95840610166886        66.61459950027206
391.48230994664755        66.59570372530256
391.96792328608706        66.58206306977019
392.484753473889          66.56565465741268
392.9784838838407         66.54884270133942
393.48122303584137        66.53102751906405
393.98012632180667        66.51303685029774
394.45120253292134        66.494871094524
394.9517344793104         66.4769758402505
395.4577225732827         66.45649303884103
395.9856969630432         66.44005568813444
396.431104183602          66.42489598339714
396.98650438586776        66.40105282757611
397.45954995870056        66.38406113893554
398.0210422293195         66.36826315746983
398.4608475887601         66.35224349248134
398.99659286597546        66.33032597417987
399.47282285220774        66.31593179050303
399.99342745566696        66.29854083404304
400.45542570115026        66.28034692496291
400.99158663769606        66.26084593362309
401.45772257328224        66.24455090717603
401.99105925743834        66.22590979763079
402.4577225732821         66.20950622154798
402.99105925743834        66.18952974516132
403.457722573282          66.1729093584619
404.0209709349833         66.15602057091738
404.4568632700325         66.13930776254597
405.06223071113163        66.12119558890882
405.4561259021058         66.10935187666298
405.9910592574379         66.08500939163618
406.45772257328167        66.06801097725634
406.9910592574379         66.04965759661891
407.45772257328167        66.03313079058624
407.9910592574379         66.01442556529283
408.45772257328156        65.99819337121546
408.99105925743777        65.979408128958
409.45772257328156        65.96252287632292
409.99105925743777        65.94362826948702
410.45772257328144        65.92666790193118
410.99105925743766        65.90786777030871
411.494990641952          65.89414238861563
411.994046187762          65.87718797714327
412.4764221009774         65.85967379395375
412.9840888523345         65.84210821974928
413.4552285117287         65.82234600848918
413.9890955308707         65.80333387014471
414.45772257328144        65.78737007596574
414.9910592574372         65.76919606505594
415.4512035323081         65.7550442797182
415.95738008429487        65.73512084960385
416.48911318952116        65.71621310048212
416.9559897582109         65.69753065801224
417.43319929391964        65.67648616540667
417.9783523656099         65.66167055620558
418.44182908607877        65.64670951159052
418.98668918309295        65.62997844923906
419.4078077431692         65.6155224326482
420.01491353441713        65.59337201195541
420.44112385142716        65.57556821614044
421.03763277655275        65.55456443690241
421.434004901776          65.54165917912648
421.99618762903765        65.51906966923708
422.4577225732935         65.50576729306967
422.98797036034057        65.48180819082972
423.4986856615151         65.46394915439765
423.99120145630366        65.45090754629129
424.43106287470687        65.43297229966448
424.97216214586194        65.41583830596453
425.4499756834417         65.39855490020518
426.00051121723914        65.37966741626649
426.4588213605523         65.36489166076362
426.9721343995059         65.34455758780277
427.4605332436655         65.32957570463945
427.97963269519823        65.31226767983581
428.43195022803377        65.29406889263552
428.983750907992          65.2750168306725
429.4408724664461         65.25650023061664
429.9952584579994         65.23602440056207
430.46494785813206        65.22303704926324
430.9915957280506         65.20450931579718
431.4579158931439         65.18774224007309
431.9829480678993         65.17347537138129
432.40704806437475        65.15859487338162
432.9883850539354         65.13659605096603
433.4266347020923         65.12119482767883
434.0103865582016         65.1011659003284
434.4572261648053         65.0864842205573
434.9905767433388         65.06535362355334
435.458702733634          65.0486538759351
435.9859972493299         65.0300097925087
436.45078245306934        65.01529659657236
436.97630133460177        64.99974136080534
437.4615946974051         64.98061903106294
437.99105925744993        64.95989149970953
438.4577225732934         64.94380124222556
438.99105925744993        64.92543019056116
439.4577225732934         64.90921780958362
439.99105925744993        64.890643540299
440.45772257329327        64.87443525646064
440.9910592574498         64.85597244735999
441.45772257329327        64.84030065147043
441.9931477094408         64.82082446371983
442.46557166363425        64.80555026013236
442.9713073530504         64.78822544220989
443.48021739393596        64.7710774769906
444.01196163234715        64.75478161629417
444.46295071686336        64.73710045403773
444.9901830886389         64.71668108060949
445.4583522396928         64.70150459599634
445.97873801601054        64.6838425650026
446.45772257329304        64.66630956795606
446.9910592574497         64.64749607245281
447.4440071966976         64.63117365666227
447.9958703380822         64.61339880466343
448.4395379118132         64.59738253975927
448.97491747029983        64.57734800096196
449.4560161927013         64.56165199805915
449.99541194157837        64.54276887168078
450.4676477385498         64.52653793137368
450.9919838360721         64.50810796553601
451.4762819686416         64.49241750146564
451.9929359850029         64.47466091026546
452.4577225732928         64.45644969873277
452.9910592574495         64.4377319243288
453.4577225732928         64.42141893952493
453.99105925744936        64.40301453637151
454.4577225732928         64.38771709138021
454.99105925744936        64.3695174834781
455.4577225732928         64.35309553879772
455.9705545001889         64.33340730639884
456.44152705683746        64.3171479050948
457.0172127602103         64.30123610804392
457.4612337644886         64.28604108326374
457.99105925744925        64.2649445363407
458.4577225732926         64.2485831070608
458.99105925744925        64.22981877593637
459.4577225732926         64.21328890299321
459.99105925744914        64.19462253564205
460.4577225732926         64.17839582095118
460.99105925744914        64.15991705758199
461.4577225732926         64.14398258678963
461.991059257449          64.12522094453747
462.45498487885175        64.10985785579358
462.98531758692366        64.09531937801327
463.4471077381529         64.08039326638283
463.9958965077352         64.06100113136395
464.4506931626938         64.04594252263898
464.9846106508503         64.0251235424643
465.4591747517733         64.00595640221896
465.9908082409962         63.98687517598734
466.45763768756535        63.972329606089325
466.97061977168664        63.95535328851406
467.4529163667679         63.93650529132091
467.9892242457008         63.91835027050536
468.45308229799593        63.90359503861816
468.99249897338746        63.883681467972586
469.48311749895356        63.868656641545904
469.98487496756013        63.85022181863134
470.4740958001712         63.82942734669205
470.9910592574487         63.81328841203718
471.457722573292          63.797717165806596
471.9910592574487         63.77886897024778
472.457722573292          63.76265860603009
472.99105925744857        63.74393275066187
473.457722573292          63.727628731428226
473.99105925744846        63.70947933675568
474.457722573292          63.693667781139226
474.99105925744857        63.67445572343788
475.457722573292          63.65805066423277
476.0123217841858         63.6417797277315
476.45671961248433        63.62671435742876
476.9944201730825         63.6059456390446
477.46263751494007        63.589709933462146
477.99105925744857        63.57098534127796
478.4577225732918         63.554989537997955
478.99687793717953        63.53703967573354
479.45716980558007        63.52122244901943
479.99105925744846        63.50266555068185
480.4577225732918         63.486670000901995
480.99105925744834        63.46834744587893
481.4577225732919         63.45194361103464
481.99105925744834        63.433880490856275
482.4577225732918         63.41803637358991
482.99105925744834        63.399577714395924
483.4577225732918         63.383637426809756
483.99105925744834        63.36517475238625
484.4577225732917         63.349409116954924
484.99105925744834        63.331290815859006
485.4577225732917         63.31474578144394
485.9910592574482         63.296569770429855
486.4577225732917         63.280262681689585
486.9910592574482         63.261791426359586
487.4577225732917         63.2458228033822
487.9910592574482         63.22740832754983
488.4577225732917         63.21143770437627
488.9910592574482         63.19285158308426
489.46144892169104        63.17793623472926
489.9780721937566         63.16061207375335
490.4876783722236         63.14459937920364
490.9942777863696         63.12730456964422
491.4823244265332         63.11010610566054
491.9937025445246         63.0926409091672
492.45772257329145        63.074128865856835
492.991059257448          63.05554894328914
493.45772257329145        63.04010293232612
493.9910592574479         63.02192232075445
494.45772257329145        63.00521178556654
494.9987126098729         62.98657880074952
495.48126206609527        62.97235700235471
496.00308000833616        62.955153445429715
496.47824939247255        62.93892225396499
497.0083874643361         62.92190424944057
497.45873403029816        62.90663761307983
497.9716619153571         62.886861747992135
498.4607039710685         62.86856127750719
498.9814094217264         62.85055304667575
499.4667573387568         62.835751276005716
499.9681441425232         62.81875237720327
500.4577225732912         62.79843231015578
501.00078831845565        62.78311784548494
501.45239774033007        62.77140287207643
502.00763660773055        62.751556239920745
502.46134217384963        62.732700561953045
503.01144574127807        62.71317710397019
503.4609830196056         62.69796952697672
503.99105925744766        62.67791330889994
504.4577225732911         62.661716276107285
504.99021170544734        62.64544190147938
505.4312813211973         62.63053356784039
505.99018003405706        62.61093106393282
506.4302932624039         62.596360340341874
507.04416159733           62.57950868905675
507.45405137617115        62.56549254304067
507.99105925744755        62.541578444485644
508.45772257329077        62.525471638303756
508.9969164934639         62.50677114739742
509.4661551879208         62.49035438746816
509.9993867760834         62.47362152426657
510.45829763851543        62.45841958016437
510.9806417274251         62.4375314711978
511.46148106531996        62.420855096644445
511.9902689465622         62.40519628811599
512.4467872645657         62.38963112726426
512.9910592574472         62.37016447300569
513.4577225732907         62.35391563540898
513.9910592574472         62.335787509531905
514.4577225732905         62.319903065950015
514.9910592574472         62.3020387451287
515.4577225732905         62.286276109537376
515.9910592574471         62.26827957926786
516.4577225732905         62.252642536136456
516.9910592574471         62.23439811462524
517.4577225732907         62.2184217011474
517.991059257447          62.200308904393346
518.4577225732908         62.18435887060814
518.9910592574468         62.166349097588245
519.4577225732912         62.150698750202004
519.9910592574462         62.13262496698231
520.4577225732921         62.11660095445502
520.9956348543578         62.10020865890721
521.4437325956216         62.08496105366918
521.99176886079           62.06529047088471
522.4494855150317         62.049883611150555
522.9910592574354         62.02960306163098
523.4577225733119         62.013418651115884
524.0311494115952         61.99824183976644
524.4622917347563         61.983725173432525
524.9925515436234         61.96527781996655
525.4196617199929         61.950949773306576
525.9887840144338         61.92973925166976
526.4426016151193         61.91469291741172
526.9892434113901         61.89543075111059
527.4456965688737         61.879725992779946
527.991059257063          61.860571224556956
528.4577225740385         61.844550084301446
528.9910592567771         61.8263825802791
529.4577225747737         61.810474950622655
529.9910592563687         61.79252266944747
530.457722576392          61.776516609813406
530.9910592559526         61.758064750797594
531.4577225803705         61.74270002879725
531.9984203774009         61.727237848668246
532.4111727582616         61.710376148231425
533.0338876746773         61.68900741915431
533.4364504774302         61.675341152777484
534.0701004673995         61.65700989389072
534.4685379573033         61.64652898131886
534.9887058904123         61.62318692081144
535.4540477904868         61.61015690128401
535.9516761181507         61.59433456865385
536.4583759440968         61.57586338964294
536.9676175214072         61.558986712890004
537.4577244228374         61.54088613410187
537.9910598664987         61.52288230512121
538.4196476755858         61.503272374345265
538.9854066497752         61.483555333039924
539.4577285366526         61.47191177124084
539.991060897198          61.45383616003522
540.4577313063279         61.43812852747478
540.9910614719724         61.42033183197409
541.45773406881           61.40466973433525
541.9910620125181         61.38703352320193
542.4577367051224         61.37141714856764
542.9910625427842         61.35277777884524
543.457739312311          61.336976903812506
543.9910630701147         61.31883368481775
544.457741839117          61.30302913708492
544.9910635420827         61.28516804598881
545.4577440573742         61.26935716654843
545.989767116746          61.25378183820188
546.4305201374336         61.23935258669828
546.9910643764684         61.217913566742
547.4577484054481         61.20200431806395
548.0023922292677         61.184774672877026
548.4599249542327         61.16939722812159
548.9910658955234         61.1506386951113
549.4577563480341         61.13480254050616
549.9919366573951         61.119079592793625
550.4356561807231         61.10443324042413
550.9903303054085         61.085039945405676
551.438851318575          61.07006077084604
551.9961878650195         61.04974405945524
552.456495205387          61.034009063420804
553.0423324488709         61.01849136069623
553.469073818188          61.004559925911025
554.0087399154105         60.982541291592675
554.4795775399766         60.96642243969663
554.9910685328197         60.94949351967636
555.4529513396915         60.93626357701319
555.9582965890979         60.91993993173115
556.4767285144405         60.90222599907175
556.9899068596818         60.88485702835828
557.474603929211          60.86900583543659
557.9851343413543         60.85311428320668
558.4413800050716         60.836206077757595
558.9897334737741         60.81774281197344
559.4390115966843         60.80243290539456
560.0151426835221         60.78478874500045
560.4444382031877         60.76917740648223
561.0034667304111         60.746683264473084
561.4633524678923         60.73327799911529
561.9917328171359         60.716262629347106
562.4578094394791         60.70015701225013
562.9910768523647         60.68121812492307
563.4467217046349         60.66420568192847
564.0453614615795         60.65012590153865
564.4506636167316         60.636656251124556
565.0036333204607         60.61444647116458
565.4257578266034         60.600961160348454
566.0098826621257         60.5810056885944
566.4448772143933         60.56759505749607
567.0121429089144         60.548890811235616
567.4416161670313         60.53298065322586
567.9836508918469         60.512755705562114
568.4756980633715         60.50000946507099
569.0123968663258         60.485883226765
569.4632119275623         60.46861951118117
570.0055476913071         60.44872444867601
570.4455594101527         60.434931019703306
570.9909476198893         60.415773896016205
571.4545469750566         60.39991839765252
571.9970045256962         60.38216773971002
572.457497945152          60.36723161183919
572.9868486833246         60.348728410934946
573.4501166369712         60.3297028888613
574.005266511833          60.31491019956417
574.4064999724906         60.30522453865961
574.9788234787009         60.28475710849464
575.4319620593694         60.26963561369844
575.98494969788           60.249545959710154
576.457795492538          60.233962765932375
576.9835683502274         60.21687455576336
577.4584842524241         60.20021426334456
577.9832401999163         60.18286508829675
578.479364770782          60.169245423585274
578.9788398000652         60.15327604212732
579.4572477627056         60.13455795070017
579.9805126381489         60.11712245848795
580.4500438865483         60.102172484617164
580.9691444885541         60.086921938224556
581.4303123808617         60.07268703296864
581.9765240954404         60.052465587195506
582.4581063196042         60.03469329507652
583.0155245033968         60.01945658210831
583.4670027994371         60.006619182716676
583.9738356593684         59.99090901901686
584.3979218590408         59.97660939536469
584.9760088976125         59.95415504605356
585.4569913065037         59.93875149040886
585.9700095300987         59.922166441993035
586.4564919980884         59.905225602476385
586.983344936607          59.887748330674626
587.4580066666514         59.87148815549851
587.9798510402017         59.852348720079206
588.4718567742776         59.83563576944363
588.9868070622176         59.82031987522606
589.4555148372322         59.80710579834347
589.963476451297          59.79114600159531
590.4573921978158         59.77174093611307
591.0226538964513         59.75554860793594
591.4725609571437         59.743900337697454
591.9837448047282         59.72660639640409
592.4857333386318         59.71084784846517
592.9688109239257         59.69621797376555
593.3987814543907         59.68013995720816
593.8978544789409         59.66479603196737
594.3913505793045         59.65368955258101
594.7513375917949         59.63222893125593
595.044785577671          59.625900556202126
595.5244451849285         59.60321645024372
595.864499952195          59.57471750163644
596.6434387703108         59.56822518750032
596.7031293030346         59.56287955835572
596.7408948606328         59.563488124459674
597.5202287523113         59.48481531842834
598.1918919646375         59.48878366219837
598.3360141741744         59.47074078586936
598.4713862626388         59.47304974712026
599.1240553110965         59.39728959357631
599.7263648476633         59.42206029974725
600                       59.40347028647423
