110.7517243
110.7517267
110.7517497
110.7517653
110.7517684
110.7517681
110.7517662
110.7517762
110.7517718
110.7517706
110.7517334
110.7517332
110.7516331
110.7514643
110.751322
110.7511312
110.7505921
110.7502552
110.7497163
110.748821
110.7477618
110.7471522
110.7453424
110.7440487
110.7422194
110.7404076
110.7386893
110.7367299
110.7333379
110.7305885
110.7272512
110.7240129
110.7207743
110.7172506
110.7129134
110.7089466
110.7030529
110.6979388
110.6929827
110.6871167
110.6789751
110.6743667
110.6682792
110.6620377
110.6532293
110.6458872
110.6377469
110.6301022
110.6212158
110.6129892
110.603277
110.5936277
110.5830671
110.5734522
110.5615769
110.5516863
110.5399205
110.5296503
110.5175862
110.5060243
110.4934851
110.4829682
110.4706107
110.4582434
110.4423022
110.429473
110.4148624
110.4013291
110.3866653
110.3724744
110.3572925
110.3463988
110.332704
110.3168722
110.3013895
110.2841739
110.2664573
110.254782
110.2350786
110.2168485
110.2000372
110.1844458
110.1672363
110.1532195
110.1361486
110.1197395
110.0981782
110.077975
110.0630291
110.0469219
110.0255394
110.0092985
109.9927307
109.9707666
109.9464136
109.9377395
109.9159851
109.899095
109.8790466
109.861447
109.8363882
109.8201774
109.8050503
109.783739
109.7635642
109.7461648
109.7227269
109.7043745
109.6827712
109.664177
109.6430342
109.6257095
109.6054684
109.5855371
109.5644048
109.5449725
109.5236472
109.5072758
109.4878584
109.4656781
109.4446549
109.4225383
109.4008258
109.3796167
109.3578092
109.3426623
109.3234176
109.2989473
109.2774702
109.2562967
109.2347239
109.2122204
109.1887933
109.1690215
109.1457841
109.1263065
109.1066396
109.0892693
109.0604361
109.0412933
109.0184275
108.9943104
108.9762583
108.9620799
108.9362149
108.9159861
108.8883357
108.8677637
108.8426515
108.8166372
108.7964632
108.7828277
108.7580008
108.7393267
108.7133347
108.6937491
108.6695389
108.6500878
108.6251435
108.6050736
108.5801561
108.560812
108.5410242
108.5243082
108.4907174
108.4698251
108.4479508
108.4283898
108.4030713
108.3836643
108.3641208
108.3472238
108.314898
108.2942225
108.2676776
108.2483252
108.2280401
108.2058833
108.1832303
108.1648251
108.1289404
108.113467
108.0994235
108.0672798
108.0424927
108.0303917
107.9988852
107.9809045
107.9597165
107.9369635
107.9111684
107.8908445
107.870906
107.8454358
107.8222835
107.8065151
107.7755688
107.7539319
107.7300829
107.7081384
107.6815871
107.6645373
107.6357479
107.6214439
107.5963198
107.5763629
107.550704
107.5307441
107.5051479
107.4850647
107.464719
107.4474374
107.4135407
107.3925793
107.3705909
107.350788
107.3252928
107.3060835
107.2842729
107.2651852
107.2343966
107.2136508
107.1902719
107.1705649
107.1451674
107.1251795
107.0995608
107.0798989
107.0547921
107.034732
107.0101099
106.9904671
106.9616158
106.9401099
106.9193229
106.8995645
106.873091
106.8529589
106.8263086
106.8054423
106.7818951
106.7612344
106.7375737
106.7192186
106.6931942
106.6724451
106.649942
106.6260738
106.6032736
106.578886
106.5550242
106.5340745
106.5097142
106.4887568
106.4661294
106.4455828
106.4195383
106.3984338
106.3743952
106.3531747
106.3309982
106.310683
106.2857449
106.2655579
106.2388462
106.2180097
106.1942007
106.1731472
106.1509906
106.1306209
106.1061356
106.0858542
106.059015
106.0374036
106.0133912
105.9927855
105.9710237
105.9521088
105.9285074
105.904566
105.8782302
105.8600191
105.8378651
105.8157652
105.7927447
105.7678674
105.7480502
105.7260355
105.6979256
105.6741921
105.6529945
105.6373433
105.6092194
105.5856695
105.5597156
105.5375306
105.5130128
105.4991922
105.4732513
105.4526741
105.4322704
105.4085327
105.3839669
105.3630138
105.3362158
105.3148814
105.2908934
105.2703128
105.2483966
105.2301363
105.2034951
105.1746582
105.1538926
105.1406892
105.1089547
105.0895018
105.0722614
105.0510258
105.0261815
105.0062285
104.9819427
104.9592352
104.9372913
104.9175583
104.8871368
104.8663065
104.8427332
104.8226449
104.796418
104.7775485
104.7550967
104.728863
104.7057076
104.6883958
104.6618847
104.640982
104.6172504
104.5956287
104.5717529
104.550859
104.5266006
104.5058932
104.483879
104.4641197
104.4381369
104.4173097
104.3941866
104.3732483
104.3492659
104.3282256
104.3041208
104.2831081
104.2627519
104.244211
104.2148408
104.1933718
104.1699859
104.1505126
104.1287574
104.1058545
104.0821051
104.0623429
104.0360677
104.0149686
103.9906302
103.9695191
103.9461999
103.9253116
103.9013808
103.8804453
103.8565195
103.8378839
103.8156179
103.7935639
103.7703074
103.7499742
103.7304433
103.7065342
103.6813938
103.6622516
103.634145
103.6131147
103.5918719
103.5724198
103.5449414
103.5236811
103.5020954
103.4820222
103.4554798
103.4348836
103.4106778
103.3936426
103.3721284
103.3471606
103.3265981
103.3039593
103.2789676
103.259599
103.2320617
103.2109093
103.1892774
103.1707838
103.1456859
103.1267677
103.10396
103.0813096
103.0545652
103.0261807
103.0094452
102.9914963
102.9649496
102.9429947
102.9261341
102.9040031
102.8794315
102.8565525
102.8331446
102.8139415
102.7891769
102.7699338
102.7423121
102.7253025
102.7042678
102.677354
102.6535565
102.6334697
102.609844
102.5895742
102.5671451
102.5475186
102.5192423
102.4977166
102.479012
102.4527433
102.4222556
102.4064757
102.3887021
102.3655752
102.3457453
102.3279648
102.2989963
102.2794099
102.2576314
102.235908
102.20926
102.1884213
102.1671393
102.1470105
102.1239024
102.1054622
102.0765972
102.055845
102.0324964
102.0119717
101.9883193
101.9679561
101.9433707
101.9222338
101.9021184
101.8834169
101.8590599
101.8404809
101.8119098
101.7908988
101.7676658
101.746702
101.7229252
101.7028272
101.6796317
101.6590448
101.6357256
101.6151532
101.5915304
101.5705102
101.5497908
101.5302076
101.5039802
101.4839831
101.4599099
101.4422441
101.4165399
101.396076
101.3740894
101.3496792
101.3260384
101.3058255
101.2857026
101.2667347
101.2358046
101.217021
101.1997817
101.1786716
101.1538559
101.1315414
101.1090969
101.0876955
101.0649399
101.04183
101.017927
100.9977668
100.9739994
100.9539821
100.9340824
100.9132149
100.887548
100.870238
100.8440357
100.8203985
100.7991752
100.779616
100.7569369
100.7392097
100.7130766
100.6967634
100.6671786
100.6475467
100.6246231
100.6058579
100.5775582
100.5572783
100.5341817
100.5133294
100.4904361
100.4723293
100.4499931
100.4286144
100.4066607
100.382588
100.3593578
100.3408234
100.3185348
100.2939236
100.2732693
100.2550858
100.2299206
100.2107261
100.1864138
100.1693058
100.1412413
100.1230185
100.101863
100.0748288
100.0516651
100.0326501
100.0097843
99.98962351
99.96769208
99.94569151
99.92325085
99.90219486
99.87927139
99.85739153
99.83722513
99.81683769
99.79158122
99.77387085
99.74505802
99.72458427
99.7016353
99.68112905
99.65829992
99.63935589
99.61710375
99.59458144
99.57083116
99.5506286
99.52754672
99.50743209
99.48705513
99.46623328
99.44204624
99.42278393
99.39653627
99.37763127
99.35621345
99.3312773
99.30597492
99.29181075
99.26964835
99.25332386
99.22097324
99.19984235
99.1769246
99.15668092
99.13368871
99.11722036
99.09546548
99.06982082
99.04921909
99.02895014
99.00104328
98.97884713
98.95373122
98.94053511
98.91940842
98.89447716
98.87035789
98.85437643
98.83262371
98.80584599
98.78450553
98.76277457
98.74441451
98.73578718
98.70017621
98.67659591
98.65528509
98.63546953
98.60917961
98.58900844
98.56760056
98.54810635
98.52592047
98.50702033
98.48044621
98.4599874
98.43711673
98.41761519
98.3946199
98.37312533
98.35006678
98.33208259
98.31012772
98.28867642
98.26635001
98.24602041
98.22423738
98.20203724
98.17974833
98.15884713
98.13636871
98.11383395
98.09040722
98.07036199
98.04732452
98.0271705
98.00415374
97.98417331
97.96063708
97.94051377
97.91860752
97.89897236
97.87286383
97.85194951
97.83270613
97.81395816
97.78952234
97.77003332
97.74569709
97.72818365
97.70561882
97.68366642
97.65932277
97.64049069
97.61351891
97.59178576
97.57075072
97.54697696
97.52731373
97.50815174
97.48398232
97.46434146
97.44160899
97.421208
97.39694891
97.37644884
97.35985117
97.34343879
97.3154965
97.29657396
97.27320221
97.25476938
97.22549221
97.20637526
97.18307001
97.16084222
97.13907391
97.11776806
97.09795031
97.07952253
97.05392916
97.03515682
97.00878539
96.991433
96.9708779
96.94901799
96.92285536
96.89844922
96.87791259
96.85679801
96.84116993
96.82309938
96.79883586
96.77763946
96.75876567
96.7328811
96.70657115
96.69117874
96.66764275
96.64810162
96.61894058
96.59788478
96.5802601
96.56143829
96.5354228
96.51512912
96.49519028
96.47650129
96.44924633
96.42912348
96.40803691
96.389238
96.36385484
96.34401716
96.31964294
96.30021517
96.28160917
96.2630504
96.24088411
96.21933877
96.19164321
96.17145192
96.14765509
96.12840026
96.10657758
96.0841539
96.06118286
96.04499448
96.02414913
96.00098409
95.97958605
95.95882266
95.93650831
95.91425197
95.89119177
95.87135483
95.84826205
95.82857457
95.80576484
95.78556113
95.76467119
95.74632483
95.72273803
95.70393776
95.67766526
95.65762686
95.63678201
95.61834379
95.59405378
95.57756248
95.55346978
95.52969668
95.50753699
95.48825156
95.4656087
95.448377
95.42271894
95.403963
95.37860128
95.35756416
95.3348753
95.31469241
95.29176282
95.27203341
95.25211483
95.23330615
95.2095975
95.19077137
95.16716463
95.14924162
95.12087681
95.10047717
95.08018665
95.06147325
95.03768845
95.01922664
94.99673574
94.97905063
94.9506867
94.93055496
94.90862867
94.88942389
94.86713028
94.8434746
94.82073636
94.80748145
94.78036128
94.75764147
94.74124119
94.72151175
94.7012963
94.67987348
94.65823879
94.63639226
94.61487136
94.59023679
94.57047071
94.55223894
94.52356042
94.50312356
94.4841246
94.46485634
94.43849262
94.42117976
94.40026158
94.37837521
94.35491661
94.3353144
94.31288981
94.29315622
94.2691229
94.24912731
94.22880977
94.20870143
94.18691226
94.1726636
94.14337273
94.1229193
94.10083578
94.08094922
94.05844103
94.03890842
94.01630284
93.99598272
93.97324443
93.95283312
93.93020766
93.91369094
93.89328607
93.87220679
93.85106529
93.82727762
93.80439406
93.78517929
93.76330393
93.74627066
93.72228638
93.69952552
93.67703408
93.65169703
93.63386343
93.61585237
93.59571135
93.57830723
93.55163844
93.53020139
93.50491294
93.48937483
93.46217432
93.44615876
93.41730499
93.39580039
93.38009793
93.35849809
93.33786582
93.31705086
93.29430543
93.2765116
93.25202131
93.23397846
93.21313288
93.19121248
93.16826551
93.14596111
93.12129728
93.10565518
93.08333707
93.06313918
93.04595571
93.02803004
93.00152858
92.98297478
92.95884583
92.94115885
92.91570004
92.89558011
92.8731167
92.85539016
92.83664946
92.81360786
92.78863192
92.76924379
92.74710745
92.7275713
92.70518876
92.68565672
92.6634076
92.64452203
92.62104979
92.6026424
92.58176258
92.56109545
92.54145597
92.52014432
92.49553229
92.47724022
92.45595174
92.43481754
92.4121397
92.39246381
92.37103781
92.35173015
92.32757788
92.30865627
92.28589145
92.26632342
92.24410401
92.22518744
92.20377907
92.181821
92.15925282
92.13958337
92.11739236
92.09894779
92.07700281
92.05720036
92.03345797
92.01385088
91.99466474
91.97634065
91.95089784
91.93116594
91.90853555
91.88859942
91.86608648
91.84651549
91.82422792
91.80500892
91.78237897
91.7638482
91.74631395
91.72831004
91.70491811
91.68675354
91.66163825
91.63851479
91.61549518
91.59794833
91.57746823
91.55472798
91.53282494
91.5150236
91.49099708
91.47287009
91.45062688
91.42553431
91.40606172
91.38727319
91.36452955
91.34496851
91.3223716
91.30269669
91.28079512
91.26171429
91.23852835
91.21872976
91.19909479
91.18091298
91.15584643
91.13625098
91.11365086
91.09434444
91.07267921
91.05358745
91.03118862
91.01188082
90.9897639
90.96996205
90.94815768
90.92903141
90.9067483
90.8875051
90.86521625
90.84618324
90.82430961
90.80433423
90.78239008
90.76270141
90.74039969
90.7211193
90.69888528
90.67960181
90.65715941
90.63914989
90.61823102
90.59889584
90.57801133
90.55724244
90.53615147
90.51379457
90.49135661
90.47270336
90.45074706
90.43056502
90.40806099
90.39088538
90.37010757
90.35050345
90.32994925
90.31150971
90.28762202
90.26551642
90.24376385
90.225885
90.20535098
90.18080284
90.16230516
90.14815492
90.12417881
90.10139815
90.07781182
90.05943928
90.03520782
90.01563878
89.99597743
89.97796524
89.9542811
89.93667651
89.91631739
89.89938193
89.87048424
89.85102204
89.8284251
89.80858717
89.78836815
89.76999847
89.74475499
89.72460221
89.70567999
89.68686948
89.66334346
89.64370575
89.62179693
89.60259923
89.58100878
89.56195787
89.54020682
89.5213072
89.49925548
89.47994474
89.45805156
89.438772
89.4170027
89.39808506
89.37623762
89.3568672
89.33705272
89.3186205
89.29484097
89.27621597
89.25169734
89.23213101
89.2137849
89.19623462
89.17393226
89.15660958
89.13096495
89.11277367
89.08948388
89.07049533
89.04733496
89.0279633
89.00599606
88.9867611
88.96505366
88.94569885
88.92338621
88.90480668
88.88611041
88.86571863
88.83987747
88.8233506
88.80118382
88.78851058
88.76027908
88.74452252
88.72538758
88.70304758
88.68263661
88.66074389
88.63896882
88.61524802
88.59140048
88.57731929
88.55545605
88.53645676
88.51493046
88.49598572
88.47465319
88.45576335
88.43321589
88.41410216
88.39215465
88.3730359
88.3514293
88.33230225
88.31346162
88.29600615
88.27006861
88.25082163
88.22997751
88.21137354
88.1886784
88.16951869
88.15049732
88.13277712
88.109313
88.09118963
88.0666069
88.0475681
88.02879421
88.01193795
87.98529399
87.96578993
87.94530567
87.9292982
87.90954608
87.88811087
87.86709296
87.84791156
87.82868166
87.80822003
87.78587722
87.76734949
87.74599796
87.72710503
87.69988121
87.68365862
87.66306648
87.64357463
87.62065277
87.60006209
87.58302456
87.56672242
87.5398408
87.52351964
87.49936694
87.4831359
87.46049701
87.44123913
87.41675799
87.40133135
87.38423441
87.36333697
87.33925484
87.32255895
87.29936952
87.28017675
87.2586897
87.24060965
87.21821064
87.195178
87.17727319
87.16554996
87.14077248
87.12246714
87.09814611
87.07928141
87.05859442
87.03842462
87.01742114
87.00093383
86.98160079
86.95893818
86.93782954
86.91973016
86.90126743
86.88403381
86.85955038
86.83803187
86.81958566
86.8040436
86.78502335
86.7677101
86.74052137
86.72187132
86.70179034
86.68127806
86.6601163
86.64042773
86.61725213
86.597015
86.57847031
86.56247073
86.54314569
86.51964692
86.50004111
86.4859376
86.46499603
86.44591365
86.42819861
86.40872829
86.39014844
86.37670144
86.35070892
86.34304689
86.31557424
86.28105542
86.27320161
86.26672674
86.26746447
86.17216943
86.17698598
86.1551298
86.15792834
86.06615525
86.09616931
86.07365115