% Model:              CMSL_AJB_O2_20210227_AdptLKR.mph
% Version:            COMSOL 5.5.0.359
% Date:               Feb 28 2021, 00:31
% Dimension:          1
% Nodes:              1208
% Expressions:        1
% Description:        Line graph
% cln1x                   Height
0                         89.99999999999999
0.07644537880878488       90.00000037472786
0.8127602615697924        90.00000393451808
1.5333611862234306        90.00000223726029
1.691313091440577         90.0000016546049
1.8429681349171005        89.99999846454241
2.5419370262270036        89.99998271870535
3.2174618005118987        89.99997796578435
3.274558342129012         89.99997303527708
3.404895743775228         89.9999690888837
3.955876995275162         89.99992407812856
4.140306653069729         89.99991978851675
4.689754130582742         89.99981952855471
4.9906938820326445        89.99966228006141
5.457047219396202         89.99952359157412
5.655585384957362         89.99934837785548
6.129825952080182         89.99885382494159
6.526795916652645         89.99854355115627
7.013540003992716         89.99804998723914
7.396171616410868         89.99723814957251
7.98464101751739          89.99627445584727
8.354363779026244         89.99571912143763
9.000420925930882         89.99408238509578
9.443002490288109         89.99291245185213
9.998298162578806         89.99125979498717
10.467453214465024        89.98962503358455
10.997184887368007        89.98807141617743
11.423543391872272        89.98630322727134
11.99901420936078         89.98324737107204
12.474907543775771        89.98076963297746
12.9889728045693          89.97776418149978
13.468372678326318        89.97484863126932
14.0151494739913          89.97193119500919
14.464274135202345        89.96876044435926
15.011120710228454        89.96485755095341
15.462006218028478        89.96128922206356
15.996249183457735        89.95599091136161
16.45760037942813         89.95139395012977
16.991022358406894        89.94693635079906
17.387868124577608        89.94166533156312
17.97390812048758         89.93434892591053
18.459738787339063        89.93020497558645
19.015126087754936        89.92473225390582
19.456953417825503        89.91912345381122
19.99122301803868         89.91121010488118
20.457522880578153        89.9046137771258
20.991816970559114        89.89729972453095
21.456958540726703        89.8904319050818
21.992082734458506        89.88244844553549
22.465177304545932        89.8750585423336
22.99468565551541         89.86633457249852
23.45601706578134         89.85766854408867
23.991781244174263        89.8481832048685
24.45108715582711         89.83954797994872
24.987735683116284        89.82888332469518
25.45481915394157         89.82000074212169
25.989499946149294        89.80943457963893
26.454353436130077        89.80021159574656
26.987305351910095        89.789378013011
27.455936879918227        89.7789963711272
27.98371566160165         89.767736526753
28.460673446828764        89.75829228542818
28.986459129118657        89.74719554723318
29.434175488268124        89.73609156471551
29.98234061628682         89.72177974043093
30.45698550812233         89.71026118922428
30.98872887234228         89.69714364923578
31.466293792747194        89.68499365989739
31.985726064324012        89.67182868511831
32.460581488074354        89.6590887708816
32.98845594957436         89.64545912875168
33.499963982363624        89.63567660183149
33.98755619883059         89.62338189430962
34.4508611474314          89.60917060096016
34.97375599796976         89.59527108093086
35.433523469263946        89.57981871479578
36.030909973715666        89.56391363163962
36.49141286615696         89.55343075255372
37.01697752822918         89.5357456087102
37.48871948917213         89.51938298528528
37.99714710422535         89.50429239586843
38.46562238389396         89.49029705382972
38.995657682003184        89.47484892657005
39.4594829601063          89.46226616870902
39.97535304896587         89.44694282555005
40.447898666307765        89.43221372582902
40.94794976231981         89.41286296960735
41.45269734102067         89.39473083602664
41.98986735275395         89.3813132134274
42.450082874653674        89.36685570240991
42.9890934352357          89.34766496468649
43.45798373806025         89.33308787564542
44.014493317146815        89.3182159414957
44.41013465787515         89.29850634052303
45.039189791509386        89.2766487705884
45.419577315822835        89.26886000519613
45.9517836630215          89.24933551967916
46.430818837314405        89.23417608596203
46.98057737818172         89.21618173036504
47.43891133224773         89.20038579819617
47.98868472333177         89.17789830905122
48.483664945387005        89.16334790706375
48.96861828489892         89.14976967045877
49.44980538344299         89.13064499545587
49.99164740172577         89.11253762498053
50.44263051062799         89.09692200150853
50.993197390963616        89.07588823954987
51.45691129547126         89.05941780454863
51.991035510655394        89.04003006551207
52.45760323359596         89.02334284292938
52.99103794092318         89.00436829338254
53.46998176026338         88.98881968498264
53.98965312332709         88.9706544353622
54.46449569876623         88.95276795488998
54.98873717373891         88.9338033725678
55.46071529750509         88.91636462518282
55.97994557701398         88.89722742233705
56.5014107003019          88.88253323528859
56.98917752660276         88.86510799660597
57.45927018372345         88.84520468946229
57.96441676910541         88.82633877990354
58.45811119115052         88.80649273696905
58.97699945457083         88.78700846581782
59.461074000348844        88.76797659203507
59.98269371781589         88.74840741742678
60.52304041236175         88.73481175562864
60.99924531228811         88.71754217867314
61.459346302326026        88.69558594591413
61.96819794805447         88.67631355290818
62.47341238404846         88.65731399596083
62.98622994912057         88.63795579562647
63.457682705356206        88.6177641186666
63.99105189502359         88.59674279504942
64.45768715615668         88.5790013756165
65.00329127792327         88.55815039383758
65.45890950807319         88.54067343266762
66.04322665172725         88.52302346219223
66.46288717513107         88.50743652878633
66.99105464832667         88.48156763185096
67.45631318986682         88.46439069425438
67.98378545437663         88.44387435802881
68.44829493470456         88.42223724305357
68.99859810087469         88.40603630023902
69.42946540451305         88.39331227868941
69.99352637339246         88.37010517058177
70.42626308437178         88.35195528554371
70.99151590523553         88.32714765338488
71.45771301639945         88.3086898418059
71.97241865834104         88.28616014906709
72.42126092465628         88.26282285459335
73.02958623085601         88.244718918683
73.44704349161344         88.23248280327824
73.9993910656134          88.21020774719833
74.42935210695066         88.19345313051336
74.9882889069367          88.17013360918244
75.43677127134242         88.15256152905951
75.98666799450729         88.13084031818404
76.42782936332429         88.11338923603752
77.02135639867714         88.09100941188562
77.46056789808563         88.07300368278794
78.02338308213194         88.0506489579132
78.46075874005152         88.03329441340448
78.99498492127509         88.01553900990241
79.39112415035277         88.00054134085289
79.99273073616695         87.9704088423848
80.45086680501265         87.9516660238353
81.02224203457922         87.93204045797273
81.46065278567045         87.91449194218795
82.02085216524421         87.89177873106497
82.46052223059792         87.87436859752663
82.99366190831842         87.85683311301511
83.39156668705658         87.84167393950945
83.99137135937207         87.8126770176942
84.44276629072874         87.79412936326206
84.99105836031458         87.77031773491994
85.46060442619762         87.75295651819543
86.00955454147282         87.73475783519525
86.45267276390007         87.71488314125214
87.03934353718859         87.69455989246936
87.44926522137337         87.67804902729137
87.97237324519335         87.64586502926188
88.54438952961164         87.6319802559359
89.0270039971989          87.61937964541697
89.43604602990285         87.59055221525031
90.05287370054725         87.56831549057489
90.44075791480816         87.55745782423291
90.98361585740713         87.52919906656325
91.45561317221859         87.51306906948216
91.9615635584542          87.49406289761772
92.43944086785154         87.47365425987829
92.97457731108403         87.45051745468857
93.45204878335767         87.4322872055572
93.98494554759816         87.41440157528318
94.43810425388483         87.39155843966478
94.97841903163771         87.37079015436059
95.39639384410799         87.35664515187962
95.99400128187733         87.3288898937282
96.44287873649739         87.30948402711992
97.02248489452461         87.28809239564073
97.4233900579751          87.26841165110586
98.05526000890058         87.24459630806028
98.46066129239352         87.2293037094905
99.01587840049876         87.20348328700075
99.43062801729718         87.19065205772883
99.98622496287459         87.16811863129601
100.42366595032638        87.15021969432418
101.02421174210622        87.12720646197522
101.46084539255543        87.10930527653267
102.02330385825758        87.08634951574514
102.46075987428901        87.06833835800687
102.99485024070498        87.0500888061611
103.3934355389132         87.03458916131255
103.99273229019082        87.00419256058716
104.45087309134544        86.98539424505721
105.02421174116279        86.96567301163068
105.46084539342212        86.94791373740921
106.02330385772586        86.92504977542866
106.46075987478451        86.90782279515038
106.99393287741202        86.88826166106479
107.40918929553163        86.87114415370749
107.99418481503687        86.84353572681182
108.44575184396928        86.82493190650298
109.01961021913735        86.803965595089
109.45545478936049        86.78629338850254
110.02161344345745        86.76351822043574
110.4621978411709         86.74559433333367
110.99139295335698        86.72262187129134
111.43340506813934        86.70499047063403
111.99138826141376        86.682476679886
112.43374698520773        86.66448872182879
112.99217091170277        86.64240955951766
113.43013755660166        86.62479569510849
113.99105925744198        86.59892707183563
114.45772257328576        86.57964366093299
114.98838571323938        86.56100297142723
115.42840765913456        86.54328632128005
116.00746049229139        86.51954893907133
116.45185533674328        86.5014975332428
116.99726481429946        86.47760287634772
117.45598356572953        86.45889359164764
118.01019579787373        86.43778015922042
118.46057008740331        86.41925559758945
119.01227208302055        86.39804059000576
119.47612937348174        86.3815820611449
119.98891412817238        86.35825035892441
120.49045264078632        86.33964621476477
120.98912886755318        86.31947078844476
121.48652322026771        86.29807211134595
121.99489805281843        86.2776303377821
122.45772257328571        86.2557672479644
122.99105925744135        86.23437371664949
123.45772257328565        86.21559177348757
124.00748512454527        86.19375194841916
124.47607161348935        86.1749634029208
125.00567693365804        86.15467719646576
125.45998221559773        86.13625720386466
125.9910592574413         86.11290939395012
126.45772257328565        86.0939897081776
126.9910592574413         86.07243983143103
127.45772257328565        86.05341669447684
127.99030536194857        86.03353540411014
128.44570676630042        86.01532379589113
129.00359566118823        85.99296820297299
129.4534121257425         85.97487174192875
129.99105925744124        85.95092793246904
130.45772257328548        85.93224961936363
130.99105925744118        85.91090707223042
131.45772257328542        85.8920350343585
131.99039214618801        85.87217314927064
132.447089958908          85.85391411046609
133.00419098270714        85.83196595715951
133.45320743369268        85.81378645546226
133.99105925744118        85.7897302459685
134.45772257328537        85.77035938744227
134.99105925744112        85.74883641374095
135.46522164713684        85.73036680415072
135.99073749441231        85.7108603704166
136.47410927773865        85.69390559324074
137.003622882777          85.67275182131499
137.46154853982273        85.65129475555642
137.9918567732954         85.62769166348372
138.4929752989221         85.61136767631956
138.99473745423546        85.59151195449579
139.4538146761625         85.5717051500128
139.95386387732805        85.55107333368593
140.46656081234835        85.52877869903828
141.003001476465          85.51101609009986
141.46185398637033        85.49128701155043
141.99105925744084        85.46609664653509
142.433384920952          85.44482883416127
142.98390762666043        85.42582946167592
143.42077785782863        85.41180145574188
143.98618879583415        85.38659885085573
144.44013027163578        85.36549585855404
145.0074783973099         85.34223771982056
145.46396865669317        85.32235791119722
146.0481212198714         85.30038560657103
146.47718696501317        85.28799799958972
146.98998992116333        85.26475357096174
147.47711543361504        85.24631367028853
147.98568980092773        85.22802890643125
148.44719763956607        85.20675936466557
149.00338368812606        85.18474632533656
149.45348500938383        85.1659715431555
149.9910592574406         85.14196021743216
150.45772257328497        85.12284397046926
150.99105925744055        85.10135000792434
151.45772257328497        85.08290920533554
151.9903054387746         85.06327097938785
152.44341216667215        85.04690864622368
152.97399827626413        85.02304009653713
153.4517395999476         84.9972063883423
154.07351456049605        84.97859739728689
154.46654445683254        84.96676512384724
154.98833881835577        84.93833617764574
155.46544857437812        84.92090692264202
155.96456428769648        84.90545836512555
156.43842820470445        84.88643299570724
156.99171105567615        84.8641743983302
157.45464434529367        84.84629830334751
158.00808025352183        84.82454081918162
158.46393085365105        84.8041986754046
158.98120587921227        84.78453843644664
159.40950158234313        84.76686040669257
159.9953750601752         84.73960888424718
160.4564808099567         84.72094841381805
161.00554060410195        84.69983026494957
161.45669490125243        84.68183456508729
161.99105925744027        84.65834125694319
162.45399018518253        84.64143704627956
162.9712311137667         84.62132474574013
163.44379740666716        84.59782757962925
163.9938815939754         84.57708440423518
164.4474124167793         84.56157583214593
164.99105925744027        84.53782958062729
165.4577225732845         84.51910626347049
165.99105925744016        84.49784918515788
166.4577225732845         84.47848276406064
166.99105925744016        84.45709695117749
167.45772257328446        84.43838237730522
167.99771248721186        84.41665458359364
168.46717196567005        84.39810738216197
169.00887885421923        84.3783890522352
169.46106783299285        84.36069113458518
169.99105925744004        84.3374206878486
170.45772257328434        84.31876716741063
170.99105925744004        84.2980571548708
171.4577225732843         84.27930468150959
171.99105925743999        84.25782604787979
172.4577225732843         84.23898279176181
172.99105925744004        84.21739520009497
173.45772257328417        84.19857717489218
174.03122583178572        84.18034479997988
174.4607388097162         84.16373985722225
174.9910592574402         84.13744004610037
175.45772257328395        84.11821433084474
175.99105925744067        84.09727173816354
176.47448715894006        84.07983270701901
176.98860683610928        84.06035064242802
177.44593867996826        84.03984260488579
177.9888905438661         84.01857509970971
178.4453295897589         84.00087835911465
178.99105925744556        83.97735119199633
179.4577225732869         83.95845846299706
179.99105925744846        83.93666558508859
180.45772257328952        83.91776266617084
180.99105925745158        83.89688213299128
181.45772257329259        83.87817890594512
181.99105925745414        83.856751705787
182.45772257329554        83.83800666889874
182.99105925745573        83.81658454654203
183.46302576151322        83.79989801133928
183.9764598930695         83.77996219544299
184.4750327674921         83.76021658718054
184.98961512787236        83.73939496870575
185.4651441120498         83.72119047730496
185.9984698620296         83.70370303718468
186.4631048655463         83.68229904051562
186.9917973327489         83.6597914972907
187.43600850353096        83.64265389969292
187.99105925745567        83.61749302412936
188.45772257329946        83.5986663048957
189.00838984652927        83.57964771541126
189.45227993333896        83.56223373443052
189.99105925745545        83.5376365099104
190.4577225732993         83.51860501819809
191.0115867829914         83.49928059445142
191.46180899975622        83.48131169164961
191.99105925745533        83.45755346632875
192.45772257329912        83.43911657272034
192.99105925745528        83.41744988435292
193.44700099454377        83.40219964430946
193.94364894125948        83.38294191882316
194.47100401505998        83.36059434063537
194.98968217794413        83.34218788254687
195.44115139780592        83.32192581740448
195.99207127962995        83.2995563834565
196.43781283168147        83.2822201708378
196.99105925745488        83.2575744946685
197.45772257329878        83.23864292769919
197.99446407745103        83.21928077767862
198.44731104626146        83.2027277949436
198.9859779688257         83.18026617188237
199.4666256207592         83.16333340712872
199.9700837088966         83.14292167434401
200.47902008678284        83.12265022602732
200.97605275799407        83.09871740774221
201.4895841536494         83.073317898764
201.99105925745448        83.05833860465422
202.45867568399456        83.0422746008703
202.95700099290866        83.01852030983287
203.46417292875935        82.99887288661796
203.96624947013623        82.98378228882463
204.4516156497309         82.96397893249203
205.00794527596656        82.94199090119898
205.46200164815673        82.92151949679942
206.01248896032837        82.90057261974704
206.45626590927992        82.88338927618496
206.99060430399345        82.86122982456806
207.43406960082638        82.84401075174176
207.9910592574539         82.81929696995881
208.447892207201          82.80407586763928
208.9438795819492         82.78525464284311
209.45772257329764        82.7611755995531
209.9910592574538         82.7398830576508
210.45772257329753        82.72191080695659
210.99105925745368        82.70077272921745
211.45772257329747        82.68263732604228
211.99105925745368        82.6625696733783
212.45772257329742        82.64500955514073
212.9632528388849         82.61971479872018
213.46088137311563        82.60045685454735
213.99105925745351        82.58372119140789
214.42231066866992        82.56022398569961
214.9909850166482         82.5329518403597
215.51155582076774        82.51883289366684
215.99265942463416        82.50293179654075
216.4577225732972         82.48224457432393
216.9865679625787         82.46450340804314
217.41935107964173        82.44859695641205
217.99046857204758        82.4226852011297
218.45079875281192        82.40516449911553
218.9777774542353         82.38568270393012
219.44265340149815        82.3662516612185
219.991059257453          82.3424165527492
220.45772257329685        82.32377734702368
221.01496010875155        82.30474027573061
221.45505326387877        82.28673683549842
222.03345849573827        82.26606680929852
222.46276088654417        82.24957300619623
222.99105925745272        82.22375796047518
223.45772257329656        82.20519735271817
223.99105925745266        82.18431457897863
224.45772257329645        82.16595778494968
224.99105925745255        82.14480417659894
225.4577225732964         82.12659226833031
225.9910592574525         82.10460537674113
226.45772257329634        82.08570283556541
227.02336440600004        82.06771140426834
227.4546591042003         82.0509866080398
228.02251197131994        82.02920376278033
228.4547399398383         82.01258865433856
228.9910592574522         81.98704043088793
229.45772257329605        81.96825177136859
229.99105925745215        81.94747592558112
230.45772257329594        81.92872995758933
230.99105925745204        81.90746888317855
231.45772257329588        81.8894970112591
231.99105925745198        81.86875576687883
232.4577225732957         81.85034758148319
232.99105925745192        81.82949652534413
233.45772257329565        81.8111019767909
233.9910592574518         81.78998013106039
234.4577225732956         81.77118618401383
234.9974074555343         81.7526593785284
235.43766135995128        81.73515032071992
236.01199700805358        81.71170139115021
236.4592353722133         81.6938227626838
237.00929284268585        81.6722998823965
237.47202384467852        81.65650465136795
237.9939420934283         81.63352573331281
238.45436517661375        81.61523055293864
238.9651077283189         81.59557428537572
239.45772257329526        81.57375302285071
239.99105925745135        81.55261859927198
240.45772257329514        81.53454914547852
240.99294687599627        81.51655829862516
241.4324283799067         81.49960165273998
241.99262298011558        81.47195557060967
242.4747744573756         81.4551637096982
242.98836463649786        81.43975151612514
243.47438469276665        81.42088143197806
243.98165764849432        81.39870017144652
244.46182300211086        81.37875469575043
244.97630314021956        81.35869262031345
245.4692694250262         81.33956321640044
245.99224363718412        81.31922354993631
246.4577225732947         81.2985691772114
246.9910592574508         81.27720492803229
247.46180157999743        81.25918610529644
247.9913594618289         81.237943901861
248.45570697095985        81.220053503364
248.97298907946043        81.2022669376441
249.42430534973084        81.18361741015222
249.9946918769271         81.16067844870383
250.44387092555377        81.14520712885216
250.9786997520049         81.12179186752968
251.45519099118206        81.10066936549164
252.0145895053069         81.08170177173552
252.4392189753837         81.06422330389495
253.0304734451194         81.0439549085979
253.43750032824164        81.02811346992569
253.98105226352862        81.00476070136538
254.3892581371278         80.9901824807044
255.0208399425647         80.96374677604877
255.45984561686288        80.94620456175531
256.01426794908036        80.92572015725705
256.4468072729809         80.90895231341297
256.99105925744993        80.88366740583915
257.4577225732937         80.86554667030202
257.9910592574498         80.84490976056598
258.45772257329367        80.82627861394457
258.99105925744976        80.80582378939737
259.4585808880951         80.7896449443869
259.9714129590841         80.76968882804007
260.45857231981216        80.75058826769157
260.9716090818108         80.73097395246067
261.4575577015956         80.70946867732899
261.9826835761355         80.68871476992155
262.4908140280381         80.6721550973141
262.99644904316625        80.65224336458677
263.45772257329327        80.63025882547633
263.99979064141326        80.61180584237941
264.43412043941134        80.59556161405713
265.0240396718987         80.57308076686566
265.454575855097          80.55593469094023
266.0198130263592         80.53421635573301
266.44574995121263        80.51893298418113
266.97913889320245        80.49386588683222
267.4612459913644         80.47758695541502
267.95689404330346        80.45868999814212
268.46214912426115        80.43454476018259
268.9920472986279         80.41385434575122
269.47794933283456        80.39686946759856
269.9934642826674         80.37644649377293
270.4739816458317         80.35843898353997
270.9859611045398         80.33885057770864
271.46928539052755        80.31920128721353
271.98770219302406        80.29915863291097
272.46720541803217        80.28035333195058
272.98830607714024        80.25988045493087
273.46460430096806        80.24034074450776
273.98937596095834        80.22232929403107
274.41941806726777        80.20412258077845
274.99075825615466        80.18156693729337
275.4258111724729         80.16575031501374
275.9915306070181         80.14002177938755
276.45772257329224        80.1217386954712
276.9910592574483         80.10124532147937
277.4577225732922         80.0829337648434
277.9910592574482         80.06254784027401
278.4610583858416         80.04563124526057
278.98010666417184        80.0257613646179
279.457722573292          80.00565117597125
279.99105925744806        79.98444439781822
280.4647938937066         79.96640565565137
280.9905504202415         79.94579631740942
281.47253981505463        79.92783647547394
281.99522034247263        79.90964170558416
282.4388457864437         79.8910515853156
282.9977811690259         79.86945626909228
283.44661478442447        79.8522585293751
283.99937025258373        79.82882553719203
284.4763659372411         79.81194683223474
284.9844434674851         79.79282552691114
285.4304424613059         79.77056585574918
286.0493244917489         79.74797626892456
286.44310990957894        79.7353301757094
287.07463431354967        79.71554289313804
287.4650703742021         79.70096923472494
287.9910592574473         79.6720932839354
288.4577225732912         79.6532306495181
288.9910592574473         79.63277278717875
289.4577225732911         79.61470207103262
289.9966710511189         79.59417858907473
290.4581459756832         79.57947700768632
290.95768295384295        79.56005834064904
291.45772257329094        79.53716963965049
292.00869750939194        79.51877920126957
292.4479931365202         79.50068837321142
293.0029759079294         79.47578126414128
293.43529195345303        79.45597194166949
293.9979358145842         79.43355527078006
294.45499909808956        79.42177492687121
294.96463319854547        79.40291907673173
295.4577225732906         79.38066970329946
295.9910592574467         79.35914449997381
296.4848415986596         79.34487956677867
296.9792025527129         79.32546690255322
297.4586411147657         79.30157226856167
298.02668634685006        79.28252682502225
298.4608835739945         79.26313539045633
299.0303906282406         79.24674762706115
299.35883617978624        79.23904605201815
299.9842771216024         79.20727123229437
300.4578936986619         79.18623108461615
301.0087384945772         79.16721346605541
301.45238161911163        79.14953179751544
301.99105925744624        79.12607416419583
302.45772257329           79.10807565474745
303.0040480719222         79.0889730294665
303.4565260077548         79.07157906411193
303.9979239795891         79.05178288395776
304.44060533042955        79.03491927467736
304.991059257446          79.0112101942557
305.4577225732898         78.99295683844153
305.9910592574459         78.97255171967183
306.4577225732897         78.95515244868479
306.9910592574458         78.93463684612242
307.4408088423372         78.91546130921665
307.9790944593595         78.89488959587895
308.4521856405023         78.87884452484779
308.96699296960446        78.85925823602541
309.47071683735925        78.84012136545374
309.98484663986574        78.8202043793082
310.47902221163355        78.80206856901978
310.9868070265863         78.78263674199628
311.46993506811333        78.76283382829652
311.9865458035148         78.74295134053231
312.4692323356454         78.72430730778038
312.9868055170839         78.70425659071506
313.4577225732892         78.68415685993195
313.9910592574453         78.663260880055
314.45772257328906        78.64538143138938
314.9910592574453         78.6248331319092
315.45772257328895        78.60685725298201
315.99105925744516        78.58632810943523
316.45772257328895        78.56850737601634
316.99105925744504        78.54751593682909
317.45772257328883        78.52956847587119
318.0009116562678         78.510030377571
318.4588644918367         78.49251870587311
319.00449973144976        78.46923564617784
319.4766655013185         78.45058443905836
320.0079042678617         78.4334214653812
320.45084971710116        78.41670199452273
320.99223324379284        78.39491078948099
321.44077913579906        78.37753124986095
322.00331080666535        78.35582932878906
322.4672152142314         78.3402109794793
323.00690887768485        78.32008926293757
323.46007892098453        78.30051490166223
323.9959541102045         78.27880800363404
324.4571360174866         78.26201493306661
324.9803575170125         78.2379672101482
325.482501646512          78.21858913809909
325.9814232662693         78.19983341915554
326.47157611034595        78.17863770445064
326.999995050042          78.16110457351913
327.45912571218037        78.14401957596378
327.99105925744414        78.12247083539111
328.4577225732879         78.10495939552008
328.99105925744414        78.08469194061583
329.4577225732879         78.06650397096774
329.9910592574439         78.04487726913213
330.4577225732878         78.0266018641244
331.05333850886484        78.01180133319734
331.4573060403469         77.99716931866512
331.9870181967533         77.97226094824073
332.4198834826253         77.9553925720387
333.0311769609357         77.93455662231379
333.45198950045767        77.91812501093939
333.99105925744357        77.8920291076923
334.4723372471417         77.87498767535668
335.0055770635339         77.85421431922904
335.48446140085673        77.83440191600678
335.9913263919607         77.81499874679976
336.45772257328724        77.79600883511606
336.98778661102426        77.77834317318623
337.4234049714215         77.76191809217275
338.0096142068319         77.73910674270275
338.45207146280075        77.72237473972461
338.99105925744334        77.69887195950591
339.4596408488402         77.68340507775653
339.96929497301653        77.66508490774113
340.46133390753585        77.64560252565676
340.95223093950926        77.62228775612714
341.47959471655577        77.60053784804028
341.9946787733917         77.58223568941766
342.5083359866695         77.56341895834655
342.99702217867457        77.54948965431939
343.4485840732167         77.53338557718004
343.96655951802074        77.51176420243641
344.46533037658287        77.49287580692231
344.9633002821947         77.47605612812617
345.41366165772183        77.4529932900213
345.9845343403092         77.42954937489051
346.4334669288729         77.41583232118644
347.00908091343683        77.39485991195508
347.4497909496889         77.3774485177381
347.9942221912702         77.35146795673491
348.4764824758065         77.33270731764591
349.0118031666832         77.31700169917396
349.4554819918566         77.3002317345338
349.99105925744254        77.2770539037583
350.45772257328633        77.25897359298905
350.9853641050586         77.2412080869252
351.4235578115067         77.22455760356144
351.99105925744243        77.2002769583609
352.4577225732862         77.18234971927967
352.99043790015673        77.16356343915433
353.4387778602012         77.14681577624641
353.9910592574423         77.12420376254143
354.457722573286          77.1065313702342
354.9880207349303         77.08481938322211
355.45547532505464        77.06751299311036
355.9771236623783         77.05093729626768
356.4338411566307         77.03440514031783
356.9748366531687         77.01465922516178
357.4299511681928         76.99546826174301
357.99105925744186        76.97079997669357
358.45772257328554        76.95281508103314
358.9763357280294         76.93161969238447
359.4598342149309         76.91446905541999
359.99153452517555        76.89503169265555
360.4577225732854         76.87506050368582
360.99105925744163        76.85460127276066
361.4949515279427         76.84018124219368
361.99385611164075        76.82161564582091
362.4582392226023         76.80098565613
362.9746451544254         76.78192796173619
363.4690464427531         76.76343629308838
363.98829201850674        76.74356363321688
364.4577225732851         76.72374407737247
364.9910592574413         76.7032078584362
365.4577225732851         76.68554252848628
365.9910592574412         76.66497810116549
366.45772257328497        76.64744623817637
366.99105925744107        76.6271344190544
367.45772257328485        76.60914390813714
367.9888616641156         76.5905414001163
368.43223795045344        76.57420461245415
369.0159065640655         76.55320150640974
369.4551975251758         76.53646129599429
369.99502927809556        76.51306934529522
370.45626504833535        76.49522766146288
370.9964539798316         76.47666688261708
371.43391700985137        76.46024988034948
372.01744828586163        76.43862284464873
372.4766193873602         76.42393882363918
372.9922011700578         76.40248955167928
373.4431211701974         76.38132598087313
373.99987295483663        76.36159657020157
374.45463222134515        76.34442722408518
375.00470639668674        76.32426835634233
375.43260538587003        76.3089274520727
375.9920638680485         76.28608607753671
376.4447363033495         76.26938866498178
376.99138746544315        76.2468123510431
377.45772257328406        76.22808579173767
377.99105925744027        76.20788862622203
378.45772257328406        76.18992269231381
378.99105925744016        76.16951196085066
379.45772257328395        76.15195011086111
379.9935554320575         76.13421867826406
380.4350863636929         76.11747696335043
380.9928203511531         76.09637365466247
381.4290748150669         76.0796169796917
382.0167845895862         76.05860455168668
382.44533098677573        76.04265165357161
382.9910592574398         76.0174076887425
383.4577225732835         75.99925181659431
383.99696692987675        75.9811919295915
384.43765111043706        75.9645369795477
385.02544920580226        75.94336829926019
385.46102171364873        75.92693773871436
386.01773089666995        75.90692089086032
386.4462144373746         75.89118151579534
386.9910592574395         75.86594137457232
387.45772257328326        75.84802586401493
387.9910592574395         75.82851311152073
388.45772257328326        75.8114225851519
388.99105925743936        75.79158383156164
389.43974678311645        75.7705353693155
390.01005075167086        75.7503009511294
390.45305276523413        75.73850383270188
390.95840610166886        75.71437418220607
391.48230994664755        75.69415762777027
391.96792328608706        75.67956332775951
392.484753473889          75.66200769047735
392.9784838838407         75.64402017052078
393.48122303584137        75.62495911215927
393.98012632180667        75.60571008037677
394.45120253292134        75.58627351036067
394.9517344793104         75.56712624973672
395.4577225732827         75.54521037170504
395.9856969630432         75.52762291213779
396.431104183602          75.51140221921369
396.98650438586776        75.48589017755633
397.45954995870056        75.46770903520756
398.0210422293195         75.45080507456453
398.4608475887601         75.43366373700708
398.99659286597546        75.4102115033313
399.47282285220774        75.39480920746178
399.99342745566696        75.37620024802223
400.45542570115026        75.35673179529466
400.99158663769606        75.33586452104997
401.45772257328224        75.31842769811534
401.99105925743834        75.29848032618054
402.4577225732821         75.28092709525254
402.99105925743834        75.25955036023167
403.457722573282          75.24176489519493
404.0209709349833         75.22369203908777
404.4568632700325         75.20580732956657
405.06223071113163        75.18642512361264
405.4561259021058         75.17375072615457
405.9910592574379         75.14770098478647
406.45772257328167        75.12951007340658
406.9910592574379         75.10986906109764
407.45772257328167        75.0921825932502
407.9910592574379         75.0721647041472
408.45772257328156        75.05479330041074
408.99105925743777        75.03468946869678
409.45772257328156        75.01661878749923
409.99105925743777        74.9963975945574
410.45772257328144        74.97824626358329
410.99105925743766        74.95812592955696
411.494990641952          74.94343653761503
411.994046187762          74.92529126227225
412.4764221009774         74.906546769843
412.9840888523345         74.88774706926084
413.4552285117287         74.86659624675197
413.9890955308707         74.84624807776906
414.45772257328144        74.82916231768809
414.9910592574372         74.80971092107112
415.4512035323081         74.7945643090016
415.95738008429487        74.77324007978088
416.48911318952116        74.75300281763319
416.9559897582109         74.73300646632653
417.43319929391964        74.7104817438645
417.9783523656099         74.69462403163526
418.44182908607877        74.67861052223401
418.98668918309295        74.66070236328257
419.4078077431692         74.6452291079191
420.01491353441713        74.62151996888878
420.44112385142716        74.60246311701918
421.03763277655275        74.57998096552029
421.434004901776          74.56616709238652
421.99618762903765        74.54198724070241
422.4577225732935         74.52774821471019
422.98797036034057        74.50210173286409
423.4986856615151         74.48298492836956
423.99120145630366        74.46902469306326
424.43106287470687        74.4498258514398
424.97216214586194        74.43148471471974
425.4499756834417         74.41298335143365
426.00051121723914        74.3927648843205
426.4588213605523         74.37694781615346
426.9721343995059         74.35518048551828
427.4605332436655         74.33914247276778
427.97963269519823        74.3206141625434
428.43195022803377        74.30113214274883
428.983750907992          74.28073662427421
429.4408724664461         74.26091403327402
429.9952584579994         74.23899390311605
430.46494785813206        74.2250903877209
430.9915957280506         74.20525555445872
431.4579158931439         74.18730544163377
431.9829480678993         74.17203187906131
432.40704806437475        74.15610116009265
432.9883850539354         74.13254974662505
433.4266347020923         74.11606131750437
434.0103865582016         74.09461841574961
434.4572261648053         74.07890011998988
434.9905767433388         74.05627745011746
435.458702733634          74.03839832561954
435.9859972493299         74.01843738089164
436.45078245306934        74.00268486364142
436.97630133460177        73.98603075731451
437.4615946974051         73.96555741159537
437.99105925744993        73.94336529411737
438.4577225732934         73.92613793587553
438.99105925744993        73.90646856041043
439.4577225732934         73.88911018824578
439.99105925744993        73.86922287500013
440.45772257329327        73.85186862241227
440.9910592574498         73.83210036199085
441.45772257329327        73.81532037419981
441.9931477094408         73.79446672509185
442.46557166363425        73.77811210688746
442.9713073530504         73.7595617042714
443.48021739393596        73.74120052925166
444.01196163234715        73.72375162625872
444.46295071686336        73.7048192366166
444.9901830886389         73.68295483057452
445.4583522396928         73.66670416280961
445.97873801601054        73.6477919542788
446.45772257329304        73.62901775412081
446.9910592574497         73.60887223853122
447.4440071966976         73.59139400644038
447.9958703380822         73.57236037619663
448.4395379118132         73.55520968087357
448.97491747029983        73.5337560237332
449.4560161927013         73.51694807151699
449.99541194157837        73.49672708799798
450.4676477385498         73.47934596958991
450.9919838360721         73.45960998531395
451.4762819686416         73.44280747809391
451.9929359850029         73.42379230403338
452.4577225732928         73.40429012809324
452.9910592574495         73.38424537248909
453.4577225732928         73.36677570437685
453.99105925744936        73.34706629291809
454.4577225732928         73.33068410346038
454.99105925744936        73.31119372784771
455.4577225732928         73.29360686562825
455.9705545001889         73.27252189815535
456.44152705683746        73.25510893574555
457.0172127602103         73.23806814911703
457.4612337644886         73.22179479217567
457.99105925744925        73.19920102477178
458.4577225732926         73.1816782427042
458.99105925744925        73.1615818602174
459.4577225732926         73.14387839252622
459.99105925744914        73.12388670277018
460.4577225732926         73.10650772661864
460.99105925744914        73.08671666883203
461.4577225732926         73.06965049345912
461.991059257449          73.0495562029181
462.45498487885175        73.0331017175393
462.98531758692366        73.01753040597241
463.4471077381529         73.00154374303608
463.9958965077352         72.9807736257639
464.4506931626938         72.96464479041255
464.9846106508503         72.94234611591456
465.4591747517733         72.92181645799843
465.9908082409962         72.90137865530131
466.45763768756535        72.88579891861261
466.97061977168664        72.86761550213781
467.4529163667679         72.84742712811935
467.9892242457008         72.82798088498357
468.45308229799593        72.81217612279235
468.99249897338746        72.79084607340617
469.48311749895356        72.7747523354456
469.98487496756013        72.75500592124541
470.4740958001712         72.73273171752555
470.9910592574487         72.71544420609032
471.457722573292          72.69876474353785
471.9910592574487         72.6785749112635
472.457722573292          72.66121053575043
472.99105925744857        72.64115148948336
473.457722573292          72.62368655934378
473.99105925744846        72.60424482469034
474.457722573292          72.58730725999233
474.99105925744857        72.566726816972
475.457722573292          72.54915318592413
476.0123217841858         72.53172321737401
476.45671961248433        72.5155845120997
476.9944201730825         72.49333606463206
477.46263751494007        72.47594338486802
477.99105925744857        72.4558843264167
478.4577225732918         72.43874848010776
478.99687793717953        72.41951915288278
479.45716980558007        72.40257434287132
479.99105925744846        72.38269453010057
480.4577225732918         72.3655584492896
480.99105925744834        72.34592937570497
481.4577225732919         72.3283556137998
481.99105925744834        72.30900423229389
482.4577225732918         72.29202997712403
482.99105925744834        72.27225453636069
483.4577225732918         72.25517700679096
483.99105925744834        72.23539701215495
484.4577225732917         72.21850637635491
484.99105925744834        72.1990951163529
485.4577225732917         72.18136918321544
485.9910592574482         72.16189583016688
486.4577225732917         72.1444246163361
486.9910592574482         72.12463465939014
487.4577225732917         72.10752589800906
487.9910592574482         72.08779652496357
488.4577225732917         72.07068539780627
488.9910592574482         72.05077183807336
489.46144892169104        72.03479110525258
489.9780721937566         72.01622946965921
490.4876783722236         71.99907283340976
490.9942777863696         71.98054235248975
491.4823244265332         71.96211496220673
491.9937025445246         71.94340168956927
492.45772257329145        71.92356662950552
492.991059257448          71.90365873446683
493.45772257329145        71.88710867219204
493.9910592574479         71.8676284245922
494.45772257329145        71.84972313702663
494.9987126098729         71.82975782120258
495.48126206609527        71.81451903333051
496.00308000833616        71.79608522445083
496.47824939247255        71.77869316053447
497.0083874643361         71.7604579264609
497.45873403029816        71.74409918668847
497.9716619153571         71.72290857488134
498.4607039710685         71.70329879223358
498.9814094217264         71.68400203761445
499.4667573387568         71.66814103969988
499.9681441425232         71.64992559992768
500.4577225732912         71.62815120419862
501.00078831845565        71.61174059298625
501.45239774033007        71.5991869730149
502.00763660773055        71.57791949036915
502.46134217384963        71.5577137223542
503.01144574127807        71.5367922697147
503.4609830196056         71.52049559888033
503.99105925744766        71.49900302155062
504.4577225732911         71.48164584196957
504.99021170544734        71.46420570794211
505.4312813211973         71.4482293648423
505.99018003405706        71.42722252829556
506.4302932624039         71.41160785395695
507.04416159733           71.39354870007939
507.45405137617115        71.37852803455101
507.99105925744755        71.35290012820987
508.45772257329077        71.33563889783144
508.9969164934639         71.31559793918925
509.4661551879208         71.29800426617062
509.9993867760834         71.28007175926544
510.45829763851543        71.26377985661343
510.9806417274251         71.24139391547938
511.46148106531996        71.22352166279876
511.9902689465622         71.20673980942736
512.4467872645657         71.19005820536982
512.9910592574472         71.16919524904023
513.4577225732907         71.15178071466299
513.9910592574472         71.13235203831114
514.4577225732905         71.11532788079418
514.9910592574472         71.09618175020448
515.4577225732905         71.07928798184798
515.9910592574471         71.05999993588993
516.4577225732905         71.04324059235933
516.9910592574471         71.02368660189039
517.4577225732907         71.00656331506883
517.991059257447          70.98715021097286
518.4577225732908         70.97005499086285
518.9910592574468         70.95075209848271
519.4577225732912         70.93397794120474
519.9910592574462         70.91460624306164
520.4577225732921         70.89743136104798
520.9956348543578         70.87986169810245
521.4437325956216         70.86351879656074
521.99176886079           70.84243516043938
522.4494855150317         70.8259214448436
522.9910592574354         70.80418374048145
523.4577225733119         70.78683639582376
524.0311494115952         70.77056899528667
524.4622917347563         70.75500905790041
524.9925515436234         70.73523590875165
525.4196617199929         70.71987796018458
525.9887840144338         70.69714284892791
526.4426016151193         70.68101490868607
526.9892434113901         70.66036788156012
527.4456965688737         70.6435339249549
527.991059257063          70.62300188936595
528.4577225740385         70.60582865494985
528.9910592567771         70.58635461775712
529.4577225747737         70.56930289391924
529.9910592563687         70.55005939528597
530.457722576392          70.5329019450861
530.9910592559526         70.51312270538752
531.4577225803705         70.49665264161763
531.9984203774009         70.48007802425192
532.4111727582616         70.46200302129638
533.0338876746773         70.43909663630828
533.4364504774302         70.4244468344853
534.0701004673995         70.40479630009715
534.4685379573033         70.39356102011946
534.9887058904123         70.36853890048569
535.4540477904868         70.35457095058372
535.9516761181507         70.33760960251088
536.4583759440968         70.31780858972387
536.9676175214072         70.2997167776197
537.4577244228374         70.28031287043672
537.9910598664987         70.26101256584992
538.4196476755858         70.23999029618119
538.9854066497752         70.21885323923081
539.4577285366526         70.20637104900031
539.991060897198          70.18699342522494
540.4577313063279         70.17015426862552
540.9910614719724         70.15107548219599
541.45773406881           70.13428498344283
541.9910620125181         70.11537809176349
542.4577367051224         70.09863645960787
542.9910625427842         70.07865387394658
543.457739312311          70.06171428040038
543.9910630701147         70.04226347791796
544.457741839117          70.02531979838946
544.9910635420827         70.00617131591753
545.4577440573742         69.9892207054903
545.989767116746          69.97252258904136
546.4305201374336         69.95705306607736
546.9910643764684         69.93406832756634
547.4577484054481         69.91701195545077
548.0023922292677         69.89853990203136
548.4599249542327         69.88205353278309
548.9910658955234         69.86194221159029
549.4577563480341         69.84496391283295
549.9919366573951         69.82810694995418
550.4356561807231         69.8124041327402
550.9903303054085         69.79161189875359
551.438851318575          69.77555211369784
551.9961878650195         69.7537696624571
552.456495205387          69.73689938893052
553.0423324488709         69.72026203835544
553.469073818188          69.70532532867009
554.0087399154105         69.68171783527666
554.4795775399766         69.66443573339889
554.9910685328197         69.64628505808894
555.4529513396915         69.6321002552766
555.9582965890979         69.61459839842267
556.4767285144405         69.59560582858319
556.9899068596818         69.57698302771028
557.474603929211          69.559987511191
557.9851343413543         69.54294864889106
558.4413800050716         69.52481970630708
558.9897334737741         69.50502335276829
559.4390115966843         69.48860789389327
560.0151426835221         69.46968960082927
560.4444382031877         69.45295084411313
561.0034667304111         69.42883217954827
561.4633524678923         69.4144586654939
561.9917328171359         69.39621431489773
562.4578094394791         69.3789453476503
562.9910768523647         69.35863833529075
563.4467217046349         69.34039689710123
564.0453614615795         69.32529996813678
564.4506636167316         69.31085714144966
565.0036333204607         69.28704271607612
565.4257578266034         69.27258300671218
566.0098826621257         69.25118558925169
566.4448772143933         69.23680582964137
567.0121429089144         69.21674987223325
567.4416161670313         69.19968982385438
567.9836508918469         69.17800310541897
568.4756980633715         69.16433559715436
569.0123968663258         69.14918829951708
569.4632119275623         69.13067665603074
570.0055476913071         69.10934341917287
570.4455594101527         69.09455279519145
570.9909476198893         69.07401069295328
571.4545469750566         69.057008863363
571.9970045256962         69.03797475022463
572.457497945152          69.02195863625487
572.9868486833246         69.00211749169269
573.4501166369712         68.98171616381381
574.005266511833          68.96585373585799
574.4064999724906         68.95546756965776
574.9788234787009         68.93351989832927
575.4319620593694         68.91730474509352
575.98494969788           68.89576202953008
576.457795492538          68.87905166288658
576.9835683502274         68.86072735659914
577.4584842524241         68.84286182626151
577.9832401999163         68.82425755981832
578.479364770782          68.80965256672435
578.9788398000652         68.79252782844515
579.4572477627056         68.7724554467162
579.9805126381489         68.75375840560241
580.4500438865483         68.73772671794012
580.9691444885541         68.7213726206268
581.4303123808617         68.7061076228972
581.9765240954404         68.68442283490339
582.4581063196042         68.66536434016044
583.0155245033968         68.64902489930108
583.4670027994371         68.63525837240906
583.9738356593684         68.61841114930465
584.3979218590408         68.6030764924644
584.9760088976125         68.57899684612813
585.4569913065037         68.56247828178923
585.9700095300987         68.54469264939772
586.4564919980884         68.52652544835894
586.983344936607          68.50778290575666
587.4580066666514         68.49034550441516
587.9798510402017         68.46982037576534
588.4718567742776         68.45189735568907
588.9868070622176         68.4354725044895
589.4555148372322         68.42130160935723
589.963476451297          68.40418616014234
590.4573921978158         68.38337594524346
591.0226538964513         68.36601105658026
591.4725609571437         68.353519239943
591.9837448047282         68.33497289153811
592.4857333386318         68.31807306835925
592.9688109239257         68.30238365465533
593.3987814543907         68.2851411416317
593.8978544789409         68.26868588548325
594.3913505793045         68.25677493910959
594.7513375917949         68.23375986518586
595.044785577671          68.22697308095832
595.5244451849285         68.20264582886091
595.864499952195          68.17208247446386
596.6434387703108         68.16511991738282
596.7031293030346         68.1593870503337
596.7408948606328         68.1600397022305
597.5202287523113         68.07566735868009
598.1918919646375         68.07992335918597
598.3360141741744         68.06057323994077
598.4713862626388         68.06304947094661
599.1240553110965         67.98180005526048
599.7263648476633         68.00836563212447
600                       67.98842863451547
