% Model:              CMSL_AJB_O2_20210227_AdptLKR.mph
% Version:            COMSOL 5.5.0.359
% Date:               Feb 28 2021, 01:01
% Dimension:          1
% Nodes:              1208
% Expressions:        1
% Description:        Line graph
% cln1x                   Height
0                         60.00000000000001
0.07644537880878488       60.000000290802255
0.8127602615697924        60.00000303541753
1.5333611862234306        60.00000146479369
1.691313091440577         60.00000097708461
1.8429681349171005        59.99999847140336
2.5419370262270036        59.9999861189847
3.2174618005118987        59.99998228444978
3.274558342129012         59.99997833363391
3.404895743775228         59.99997515775952
3.955876995275162         59.99993902308794
4.140306653069729         59.99993557455583
4.689754130582742         59.999855127413326
4.9906938820326445        59.99972892992835
5.457047219396202         59.99961762761387
5.655585384957362         59.99947699705959
6.129825952080182         59.99908006134138
6.526795916652645         59.99883103840904
7.013540003992716         59.9984348956689
7.396171616410868         59.99778330465186
7.98464101751739          59.997009819460686
8.354363779026244         59.9965641001448
9.000420925930882         59.99525043560165
9.443002490288109         59.99431142530029
9.998298162578806         59.99298496767346
10.467453214465024        59.99167286102721
10.997184887368007        59.99042589711453
11.423543391872272        59.989006735126225
11.99901420936078         59.98655411316973
12.474907543775771        59.98456552795552
12.9889728045693          59.98215340064144
13.468372678326318        59.9798134205885
14.0151494739913          59.977471983348394
14.464274135202345        59.97492719638427
15.011120710228454        59.971794819654406
15.462006218028478        59.96893094068348
15.996249183457735        59.964678548281505
16.45760037942813         59.9609890397778
16.991022358406894        59.95741147292226
17.387868124577608        59.95318096242229
17.97390812048758         59.947308829758406
18.459738787339063        59.94398297495608
19.015126087754936        59.939590632137296
19.456953417825503        59.93508902787691
19.99122301803868         59.92873771238658
20.457522880578153        59.92344347895348
20.991816970559114        59.91757319246012
21.456958540726703        59.91206105417092
21.992082734458506        59.90565350052155
22.465177304545932        59.89972234833231
22.99468565551541         59.89272046346068
23.45601706578134         59.88576506515077
23.991781244174263        59.87815210795109
24.45108715582711         59.87122144112849
24.987735683116284        59.86266195110323
25.45481915394157         59.85553276124766
25.989499946149294        59.84705231704405
26.454353436130077        59.8396499347364
26.987305351910095        59.83095487689923
27.455936879918227        59.82262257718718
27.98371566160165         59.81358543742989
28.460673446828764        59.80600551020243
28.986459129118657        59.79709930586567
29.434175488268124        59.78818729410131
29.98234061628682         59.776700681537974
30.45698550812233         59.76745597843491
30.98872887234228         59.756927956450646
31.466293792747194        59.74717650724212
31.985726064324012        59.73661045373958
32.460581488074354        59.72638557836378
32.98845594957436         59.715446630109724
33.499963982363624        59.70759534354538
33.98755619883059         59.69772785160596
34.4508611474314          59.68632215922272
34.97375599796976         59.6751667053897
35.433523469263946        59.66276503019898
36.030909973715666        59.650000021637936
36.49141286615696         59.64158675864395
37.01697752822918         59.62739316794505
37.48871948917213         59.614261057497316
37.99714710422535         59.60214987524399
38.46562238389396         59.590917726877656
38.995657682003184        59.578519651500194
39.4594829601063          59.56842124614104
39.97535304896587         59.55612338667845
40.447898666307765        59.54430248275693
40.94794976231981         59.52877247607496
41.45269734102067         59.51422057767576
41.98986735275395         59.50345229682321
42.450082874653674        59.491849498622585
42.9890934352357          59.47644812847269
43.45798373806025         59.46474942616956
44.014493317146815        59.45281413379994
44.41013465787515         59.43699655425094
45.039189791509386        59.41945515553439
45.419577315822835        59.413204440344764
45.9517836630215          59.39753551138043
46.430818837314405        59.385369717297685
46.98057737818172         59.37092884163337
47.43891133224773         59.35825236877534
47.98868472333177         59.340205829538796
48.483664945387005        59.32852896922579
48.96861828489892         59.317632336076706
49.44980538344299         59.302284685550184
49.99164740172577         59.287753487133045
50.44263051062799         59.275222011373714
50.993197390963616        59.258342546202016
51.45691129547126         59.24512518825546
51.991035510655394        59.2295667778019
52.45760323359596         59.21617556686485
52.99103794092318         59.20094885142826
53.46998176026338         59.18847148144561
53.98965312332709         59.17389433698267
54.46449569876623         59.15954101285334
54.98873717373891         59.144322591624444
55.46071529750509         59.13032870651052
55.97994557701398         59.114971932419905
56.5014107003019          59.103180515345606
56.98917752660276         59.08919764874648
57.45927018372345         59.07322633055873
57.96441676910541         59.05808757407404
58.45811119115052         59.04216238278367
58.97699945457083         59.02652755885174
59.461074000348844        59.01125587380562
59.98269371781589         58.99555307077329
60.52304041236175         58.98464362751261
60.99924531228811         58.970786252773934
61.459346302326026        58.95316833007605
61.96819794805447         58.93770404607031
62.47341238404846         58.92245881121171
62.98622994912057         58.9069258493159
63.457682705356206        58.89072424341037
63.99105189502359         58.87385704653726
64.45768715615668         58.85962171314781
65.00329127792327         58.84289143133293
65.45890950807319         58.828868450658696
66.04322665172725         58.81470668796751
66.46288717513107         58.80220037847326
66.99105464832667         58.7814442552378
67.45631318986682         58.767662311959256
67.98378545437663         58.7512011272391
68.44829493470456         58.73384089490743
68.99859810087469         58.720842272483914
69.42946540451305         58.71063341218921
69.99352637339246         58.69201376947948
70.42626308437178         58.67745179798295
70.99151590523553         58.65754829726438
71.45771301639945         58.6427394753311
71.97241865834104         58.624663960973436
72.42126092465628         58.60594070810576
73.02958623085601         58.59141607879545
73.44704349161344         58.58159925023072
73.9993910656134          58.56372847565306
74.42935210695066         58.55028674507494
74.9882889069367          58.53157823086944
75.43677127134242         58.517480883837614
75.98666799450729         58.500054991007296
76.42782936332429         58.48605494712367
77.02135639867714         58.468100906194714
77.46056789808563         58.45365619899074
78.02338308213194         58.43572269827834
78.46075874005152         58.42180054705965
78.99498492127509         58.407556835849064
79.39112415035277         58.39552562296684
79.99273073616695         58.37135332321611
80.45086680501265         58.356317991769416
81.02224203457922         58.34057463213061
81.46065278567045         58.32649767405889
82.02085216524421         58.30827788162444
82.46052223059792         58.29431208459891
82.99366190831842         58.28024578082676
83.39156668705658         58.26808590336592
83.99137135937207         58.2448262399524
84.44276629072874         58.229948649446975
84.99105836031458         58.21084875562371
85.46060442619762         58.19692292483779
86.00955454147282         58.182325601279985
86.45267276390007         58.16638415966316
87.03934353718859         58.150082909514786
87.44926522137337         58.1368398312889
87.97237324519335         58.11102577219464
88.54438952961164         58.099889125072416
89.0270039971989          58.08978260230061
89.43604602990285         58.066661548593935
90.05287370054725         58.048826651531954
90.44075791480816         58.04011839548645
90.98361585740713         58.01745392152362
91.45561317221859         58.00451738019002
91.9615635584542          57.98927423183264
92.43944086785154         57.9729063753192
92.97457731108403         57.95435070902893
93.45204878335767         57.939730298902795
93.98494554759816         57.92538642578904
94.43810425388483         57.907067007933044
94.97841903163771         57.89041151649809
95.39639384410799         57.879067888690614
95.99400128187733         57.85680965261064
96.44287873649739         57.84124748157837
97.02248489452461         57.82409295549925
97.4233900579751          57.808310805134056
98.05526000890058         57.789213138803845
98.46066129239352         57.77695016164656
99.01587840049876         57.75624494895088
99.43062801729718         57.7459558186128
99.98622496287459         57.72788696425261
100.42366595032638        57.71353450940312
101.02421174210622        57.69508122073125
101.46084539255543        57.68072734935346
102.02330385825758        57.66232072672298
102.46075987428901        57.64787905147554
102.99485024070498        57.633246182318636
103.3934355389132         57.62081850018541
103.99273229019082        57.596446603591666
104.45087309134544        57.581374412993654
105.02421174116279        57.5655623884517
105.46084539342212        57.551323726527286
106.02330385772586        57.532992533162364
106.46075987478451        57.519180835876064
106.99393287741202        57.503497842972045
107.40918929553163        57.48977452647627
107.99418481503687        57.467640465557494
108.44575184396928        57.45272580052497
109.01961021913735        57.43591727125684
109.45545478936049        57.42174983720179
110.02161344345745        57.403491639420395
110.4621978411709         57.389122811108805
110.99139295335698        57.37070699754544
111.43340506813934        57.35657297850633
111.99138826141376        57.33852517671746
112.43374698520773        57.32410577017431
112.99217091170277        57.3064069010672
113.43013755660166        57.29228778737519
113.99105925744198        57.271551883282555
114.45772257328576        57.25609480482931
114.98838571323938        57.24115309630434
115.42840765913456        57.226952405398556
116.00746049229139        57.20792603319568
116.45185533674328        57.19345740600418
116.99726481429946        57.174305423361545
117.45598356572953        57.15930983067707
118.01019579787373        57.14238749204945
118.46057008740331        57.12754046131899
119.01227208302055        57.11053715276562
119.47612937348174        57.09734633944534
119.98891412817238        57.07864722358912
120.49045264078632        57.06373728148655
120.98912886755318        57.047568286223544
121.48652322026771        57.03041923674054
121.99489805281843        57.01403719465298
122.45772257328571        56.99651634762061
122.99105925744135        56.97937194800937
123.45772257328565        56.964320869114104
124.00748512454527        56.94681942330526
124.47607161348935        56.93176343343942
125.00567693365804        56.915507605356396
125.45998221559773        56.90074750389312
125.9910592574413         56.882038826283974
126.45772257328565        56.86687871652449
126.9910592574413         56.84961124954199
127.45772257328565        56.83436876162552
127.99030536194857        56.8184387388772
128.44570676630042        56.803846867723585
129.00359566118823        56.785935029940696
129.4534121257425         56.771435980923265
129.99105925744124        56.752252123426345
130.45772257328548        56.737287191304304
130.99105925744118        56.720187977431344
131.45772257328542        56.705068416209194
131.99039214618801        56.68915593094234
132.447089958908          56.67452797557173
133.00419098270714        56.656944852726355
133.45320743369268        56.64238120155408
133.99105925744118        56.62310980517545
134.45772257328537        56.607592243710506
134.99105925744112        56.59035079332869
135.46522164713684        56.57555561308381
135.99073749441231        56.55992999713899
136.47410927773865        56.54634870312137
137.003622882777          56.529404261978314
137.46154853982273        56.51221721583641
137.9918567732954         56.49331136654268
138.4929752989221         56.48023620700086
138.99473745423546        56.46433247506861
139.4538146761625         56.44846820403003
139.95386387732805        56.43194333780038
140.46656081234835        56.41408705654458
141.003001476465          56.39986092485904
141.46185398637033        56.38406012745511
141.99105925744084        56.36388567277643
142.433384920952          56.346853118899915
142.98390762666043        56.331637387391766
143.42077785782863        56.32040337793936
143.98618879583415        56.300220442545914
144.44013027163578        56.28332108286836
145.0074783973099         56.26469623456358
145.46396865669317        56.24877710005348
146.0481212198714         56.23118241294129
146.47718696501317        56.22126310389187
146.98998992116333        56.20265040058757
147.47711543361504        56.18788505483418
147.98568980092773        56.17324416795548
148.44719763956607        56.156213773865964
149.00338368812606        56.138588498627385
149.45348500938383        56.12355653897087
149.9910592574406         56.10433191990087
150.45772257328497        56.08902692606753
150.99105925744055        56.071818449018565
151.45772257328497        56.05705460302843
151.9903054387746         56.04133234056975
152.44341216667215        56.028233078179504
152.97399827626413        56.00912503738325
153.4517395999476         55.98844431172662
154.07351456049605        55.97354725309072
154.46654445683254        55.96407546170749
154.98833881835577        55.941318060371366
155.46544857437812        55.92736637679121
155.96456428769648        55.91500031143851
156.43842820470445        55.899771352461265
156.99171105567615        55.88195462011641
157.45464434529367        55.86764635933266
158.00808025352183        55.85023165746437
158.46393085365105        55.8339499507686
158.98120587921227        55.81821435022976
159.40950158234313        55.804065744566515
159.9953750601752         55.78225505829285
160.4564808099567         55.76732067285157
161.00554060410195        55.75041970773187
161.45669490125243        55.73601792938866
161.99105925744027        55.71721669276709
162.45399018518253        55.70368881571762
162.9712311137667         55.687593931306495
163.44379740666716        55.66879089767581
163.9938815939754         55.65219177155392
164.4474124167793         55.639782007509595
164.99105925744027        55.62078083362551
165.4577225732845         55.605799187990975
165.99105925744016        55.58879032008284
166.4577225732845         55.57329486382311
166.99105925744016        55.55618370989737
167.45772257328446        55.54121024564192
167.99771248721186        55.523826144849124
168.46717196567005        55.508987052255215
169.00887885421923        55.49321146177048
169.46106783299285        55.4790525087725
169.99105925744004        55.460435692829094
170.45772257328434        55.44551288864622
170.99105925744004        55.42894504029336
171.4577225732843         55.41394379537043
171.99105925743999        55.39676193957321
172.4577225732843         55.3816887948038
172.99105925744004        55.36442040538331
173.45772257328417        55.34936791952461
174.03122583178572        55.33478433441267
174.4607388097162         55.32150265484834
174.9910592574402         55.30046671083567
175.45772257328395        55.285089515636656
175.99105925744067        55.268339218704355
176.47448715894006        55.25439163975921
176.98860683610928        55.23881029912181
177.44593867996826        55.222408717896556
177.9888905438661         55.20539995294636
178.4453295897589         55.19124739685152
178.99105925744556        55.172432576239444
179.4577225732869         55.157324361010026
179.99105925744846        55.139897280054456
180.45772257328952        55.124781554077636
180.99105925745158        55.10808439601232
181.45772257329259        55.09312889885231
181.99105925745414        55.07599549846311
182.45772257329554        55.061007186677635
182.99105925745573        55.04387865523021
183.46302576151322        55.03053685066965
183.9764598930695         55.01459726669261
184.4750327674921         54.99881029218154
184.98961512787236        54.98216336497272
185.4651441120498         54.967609340107785
185.9984698620296         54.95362884939778
186.4631048655463         54.93651737329196
186.9917973327489         54.918524056147625
187.43600850353096        54.90482422771848
187.99105925745567        54.88471077569206
188.45772257329946        54.869661292008175
189.00838984652927        54.85445872105871
189.45227993333896        54.84053923727847
189.99105925745545        54.820878116583664
190.4577225732993         54.80566646911931
191.0115867829914         54.79022082618333
191.46180899975622        54.77585914290349
191.99105925745533        54.756870543342835
192.45772257329912        54.74213519458579
192.99105925745528        54.72481904859361
193.44700099454377        54.712631227884856
193.94364894125948        54.69724091846979
194.47100401505998        54.67938169174259
194.98968217794413        54.664672418719285
195.44115139780592        54.64848088672358
195.99207127962995        54.63060539369662
196.43781283168147        54.616752499794316
196.99105925745488        54.59705904395912
197.45772257329878        54.58193199529661
197.99446407745103        54.566461000874
198.44731104626146        54.55323494378964
198.9859779688257         54.535288442542175
199.4666256207592         54.52175971020698
199.9700837088966         54.50545182855517
200.47902008678284        54.48925640009174
200.97605275799407        54.470136118080624
201.4895841536494         54.44984484643194
201.99105925745448        54.43787848674576
202.45867568399456        54.42504564090256
202.95700099290866        54.406070113481285
203.46417292875935        54.39037537920468
203.96624947013623        54.378320944047545
204.4516156497309         54.36250268110604
205.00794527596656        54.344939606259615
205.46200164815673        54.328588510124
206.01248896032837        54.311857689227445
206.45626590927992        54.29813345747185
206.99060430399345        54.280435088959116
207.43406960082638        54.26668287357981
207.9910592574539         54.24694525808747
208.447892207201          54.23478951129354
208.9438795819492         54.21975881043076
209.45772257329764        54.2005295503031
209.9910592574538         54.183526045134855
210.45772257329753        54.169174373982
210.99105925745368        54.15229513951557
211.45772257329747        54.13781398358016
211.99105925745368        54.12179000595114
212.45772257329742        54.10776887081623
212.9632528388849         54.087572585117755
213.46088137311563        54.07219652788103
213.99105925745351        54.0588348316569
214.42231066866992        54.04007573172886
214.9909850166482         54.01830264634555
215.51155582076774        54.007031082858155
215.99265942463416        53.99433693437449
216.4577225732972         53.97782226898046
216.9865679625787         53.96365973982054
217.41935107964173        53.95096205216859
217.99046857204758        53.93027796723876
218.45079875281192        53.916292548992374
218.9777774542353         53.90074201239209
219.44265340149815        53.885232535537476
219.991059257453          53.86620816938795
220.45772257329685        53.85133150925049
221.01496010875155        53.83613762806969
221.45505326387877        53.8217694107951
222.03345849573827        53.805272939866164
222.46276088654417        53.79210993207082
222.99105925745272        53.77150826785387
223.45772257329656        53.7566965050879
223.99105925745266        53.740031962448796
224.45772257329645        53.72538354820694
224.99105925745255        53.70850377041157
225.4577225732964         53.69397169686716
225.9910592574525         53.67642794981992
226.45772257329634        53.661345740606244
227.02336440600004        53.64699071242225
227.4546591042003         53.63364671676336
228.02251197131994        53.61626731097218
228.4547399398383         53.60301154269243
228.9910592574522         53.582628930165846
229.45772257329605        53.56763995564484
229.99105925745215        53.55106591447574
230.45772257329594        53.53611177929734
230.99105925745204        53.519151671647954
231.45772257329588        53.50481545837925
231.99105925745198        53.48827057204975
232.4577225732957         53.473587244538834
232.99105925745192        53.45695574721308
233.45772257329565        53.442284173339495
233.9910592574518         53.42543746596856
234.4577225732956         53.41044816969135
234.9974074555343         53.39567210051742
235.43766135995128        53.38170844173107
236.01199700805358        53.36300786708182
236.4592353722133         53.34875005682628
237.00929284268585        53.33158642537879
237.47202384467852        53.318990734155534
237.9939420934283         53.300666809532885
238.45436517661375        53.286078290540694
238.9651077283189         53.27040471707263
239.45772257329526        53.2530051476098
239.99105925745135        53.23615375149443
240.45772257329514        53.22174669587438
240.99294687599627        53.20740252100918
241.4324283799067         53.193883612099484
241.99262298011558        53.17184281706962
242.4747744573756         53.15845603175066
242.98836463649786        53.14616934305211
243.47438469276665        53.13112638253257
243.98165764849432        53.11344416378373
244.46182300211086        53.09754486098093
244.97630314021956        53.08155285620018
245.4692694250262         53.066304636559614
245.99224363718412        53.05009220560618
246.4577225732947         53.03362981625749
246.9910592574508         53.01660178987838
247.46180157999743        53.002240636547775
247.9913594618289         52.985310791094
248.45570697095985        52.97105273138821
248.97298907946043        52.956877662835446
249.42430534973084        52.942015384130805
249.9946918769271         52.92373496336302
250.44387092555377        52.91140606081681
250.9786997520049         52.89274722496472
251.45519099118206        52.87591608871775
252.0145895053069         52.860802423408536
252.4392189753837         52.84687572842407
253.0304734451194         52.83072630828467
253.43750032824164        52.81810470887584
253.98105226352862        52.799498566559976
254.3892581371278         52.787884044702615
255.0208399425647         52.766822655973684
255.45984561686288        52.752847447280594
256.01426794908036        52.7365285980097
256.4468072729809         52.72317095795043
256.99105925744993        52.703028795546025
257.4577225732937         52.68859403517389
257.9910592574498         52.67215549896645
258.45772257329367        52.65731526653134
258.99105925744976        52.64102253221087
259.4585808880951         52.62813622920405
259.9714129590841         52.612241903146845
260.45857231981216        52.597029296907394
260.9716090818108         52.58140787597849
261.4575577015956         52.56428135392494
261.9826835761355         52.54775324930318
262.4908140280381         52.534565748619826
262.99644904316625        52.5187093228678
263.45772257329327        52.501202767795476
263.99979064141326        52.48650881168738
264.43412043941134        52.47357402005491
265.0240396718987         52.45567365641311
265.454575855097          52.442021943336144
266.0198130263592         52.42472978737654
266.44574995121263        52.41256144064619
266.97913889320245        52.39260364854572
267.4612459913644         52.379643343249356
267.95689404330346        52.36459941974315
268.46214912426115        52.3453777528487
268.9920472986279         52.32890662799293
269.47794933283456        52.31538598925197
269.9934642826674         52.29912896828425
270.4739816458317         52.28479485116259
270.9859611045398         52.2692027789065
271.46928539052755        52.25356275178815
271.98770219302406        52.23760993401025
272.46720541803217        52.22264256480928
272.98830607714024        52.206348373314135
273.46460430096806        52.1907975637948
273.98937596095834        52.176463246750735
274.41941806726777        52.16197396664147
274.99075825615466        52.144024164495086
275.4258111724729         52.13143796140913
275.9915306070181         52.110964592501524
276.45772257329224        52.09641634251978
276.9910592574483         52.080109545816796
277.4577225732922         52.06553942680331
277.9910592574482         52.04931889952398
278.4610583858416         52.03585962281926
278.98010666417184        52.02005088476585
279.457722573292          52.004051212387694
279.99105925744806        51.987179695172195
280.4647938937066         51.97282929485184
280.9905504202415         51.956433999272086
281.47253981505463        51.94214692593918
281.99522034247263        51.92767333673505
282.4388457864437         51.912885709117425
282.9977811690259         51.895707933656155
283.44661478442447        51.882028984372326
283.99937025258373        51.863390638097776
284.4763659372411         51.849965890579085
284.9844434674851         51.834758046039305
285.4304424613059         51.817054636654696
286.0493244917489         51.799089041934735
286.44310990957894        51.789032001654355
287.07463431354967        51.77329600839607
287.4650703742021         51.761706789562126
287.9910592574473         51.73874400120003
288.4577225732912         51.723745004808904
288.9910592574473         51.70747785316949
289.4577225732911         51.69310910214845
289.9966710511189         51.67679077961714
290.4581459756832         51.66510179660911
290.95768295384295        51.64966253945827
291.45772257329094        51.63146464241915
292.00869750939194        51.616843832550835
292.4479931365202         51.60246193843814
293.0029759079294         51.58266136473147
293.43529195345303        51.566914538150726
293.9979358145842         51.549094868782234
294.45499909808956        51.5397307713931
294.96463319854547        51.52474254014509
295.4577225732906         51.50705763733363
295.9910592574467         51.489948856631145
296.4848415986596         51.47861091403693
296.9792025527129         51.46318209356576
297.4586411147657         51.4441915042891
298.02668634685006        51.42905556259031
298.4608835739945         51.413645114966585
299.0303906282406         51.400621790309486
299.35883617978624        51.39450174112088
299.9842771216024         51.36925154234914
300.4578936986619         51.352532901038145
301.0087384945772         51.33742141229146
301.45238161911163        51.323371910445765
301.99105925744624        51.304733452085074
302.45772257329           51.29043297041073
303.0040480719222         51.275255858689455
303.4565260077548         51.26143658341465
303.9979239795891         51.24570925384426
304.44060533042955        51.232312371905024
304.991059257446          51.213477384353595
305.4577225732898         51.19897730972773
305.9910592574459         51.18276824933059
306.4577225732897         51.16894723953955
306.9910592574458         51.1526513408321
307.4408088423372         51.13742062115874
307.9790944593595         51.121080899145554
308.4521856405023         51.10833732763678
308.96699296960446        51.09278139299715
309.47071683735925        51.077582792192985
309.98484663986574        51.061765192301735
310.47902221163355        51.04736264487579
310.9868070265863         51.03193119672894
311.46993506811333        51.0162056605025
311.9865458035148         51.000417268288906
312.4692323356454         50.98561290753658
312.9868055170839         50.969692054680415
313.4577225732892         50.95373276103029
313.9910592574453         50.937141663046376
314.45772257328906        50.92294615228162
314.9910592574453         50.906631948095445
315.45772257328895        50.89236079183137
315.99105925744516        50.8760628097003
316.45772257328895        50.86191549997113
316.99105925744504        50.845251634375245
317.45772257328883        50.83100457783241
318.0009116562678         50.8154951776828
318.4588644918367         50.80159507939387
319.00449973144976        50.78311438960316
319.4766655013185         50.76831061786928
320.0079042678617         50.75468826941344
320.45084971710116        50.741418393094996
320.99223324379284        50.724123541714924
321.44077913579906        50.710330737133646
322.00331080666535        50.69310778653661
322.4672152142314         50.68071336276644
323.00690887768485        50.66474559667541
323.46007892098453        50.649212667170204
323.9959541102045         50.63198779388807
324.4571360174866         50.61866262271068
324.9803575170125         50.59958173142118
325.482501646512          50.58420687982467
325.9814232662693         50.56932583069186
326.47157611034595        50.55250951313189
326.999995050042          50.538599550469115
327.45912571218037        50.52504521058906
327.99105925744414        50.50794997506575
328.4577225732879         50.49405803831297
328.99105925744414        50.47798014951999
329.4577225732879         50.46355281291954
329.9910592574439         50.44639805209165
330.4577225732878         50.431902087231336
331.05333850886484        50.42016255266395
331.4573060403469         50.40855706670656
331.9870181967533         50.38880113690514
332.4198834826253         50.375422917910605
333.0311769609357         50.35889815048147
333.45198950045767        50.345867225157434
333.99105925744357        50.32517210447165
334.4723372471417         50.311658236757886
335.0055770635339         50.29518553630889
335.48446140085673        50.27947517723214
335.9913263919607         50.26408984373032
336.45772257328724        50.24903263544302
336.98778661102426        50.235025703181144
337.4234049714215         50.2220029859289
338.0096142068319         50.20391717357448
338.45207146280075        50.19065169967525
338.99105925744334        50.172018732675646
339.4596408488402         50.159756932919045
339.96929497301653        50.14523342638677
340.46133390753585        50.12978921662138
340.95223093950926        50.11130743469643
341.47959471655577        50.09406726122413
341.9946787733917         50.07956038643285
342.5083359866695         50.06464573400299
342.99702217867457        50.05360547165572
343.4485840732167         50.04084176060766
343.96655951802074        50.02370547005488
344.46533037658287        50.00873574692978
344.9633002821947         49.99540596650369
345.41366165772183        49.977129282749395
345.9845343403092         49.95855120949572
346.4334669288729         49.94768152953704
347.00908091343683        49.93106266686399
347.4497909496889         49.91726682991784
347.9942221912702         49.89668097207888
348.4764824758065         49.8818159253996
349.0118031666832         49.86937218128035
349.4554819918566         49.85608560202153
349.99105925744254        49.8377224963816
350.45772257328633        49.82339860601567
350.9853641050586         49.80932462880041
351.4235578115067         49.79613457319319
351.99105925744243        49.77690000470267
352.4577225732862         49.76269901781326
352.99043790015673        49.74781827871403
353.4387778602012         49.73455258866513
353.9910592574423         49.716642202677384
354.457722573286          49.70264485490612
354.9880207349303         49.685448866448475
355.45547532505464        49.671742465005146
355.9771236623783         49.65861481256114
356.4338411566307         49.64552219472532
356.9748366531687         49.629884523744124
357.4299511681928         49.61468727947234
357.99105925744186        49.59515295997322
358.45772257328554        49.5809116677254
358.9763357280294         49.5641287094728
359.4598342149309         49.550548955128406
359.99153452517555        49.53515880956057
360.4577225732854         49.5193466229967
360.99105925744163        49.50314833120298
361.4949515279427         49.49173192336223
361.99385611164075        49.47703379560546
362.4582392226023         49.46070189547593
362.9746451544254         49.4456148458836
363.4690464427531         49.43097656080963
363.98829201850674        49.41524552775106
364.4577225732851         49.399557282981704
364.9910592574413         49.383302061837895
365.4577225732851         49.36931984546314
365.9910592574412         49.35304335284799
366.45772257328497        49.33916744529619
366.99105925744107        49.32309173107168
367.45772257328485        49.308853909876596
367.9888616641156         49.29413207522118
368.43223795045344        49.28120362282235
369.0159065640655         49.26458280113065
369.4551975251758         49.25133605709733
369.99502927809556        49.23282604604931
370.45626504833535        49.218708534640236
370.9964539798316         49.204022340463325
371.43391700985137        49.19103279245309
372.01744828586163        49.1739211582292
372.4766193873602         49.162303593979
372.9922011700578         49.14533401562735
373.4431211701974         49.128591027776956
373.99987295483663        49.1129828660666
374.45463222134515        49.09940059981021
375.00470639668674        49.0834537905441
375.43260538587003        49.07131899367234
375.9920638680485         49.05325111950353
376.4447363033495         49.04004377833045
376.99138746544315        49.02218693290255
377.45772257328406        49.00737573266554
377.99105925744027        48.99140167021892
378.45772257328406        48.977192809750214
378.99105925744016        48.961050710223105
379.45772257328395        48.947162077520616
379.9935554320575         48.93313961563368
380.4350863636929         48.91990063342547
380.9928203511531         48.90321274632422
381.4290748150669         48.88996276853414
382.0167845895862         48.873347851753856
382.44533098677573        48.860734106099365
382.9910592574398         48.84077439046482
383.4577225732835         48.82641962243195
383.99696692987675        48.812141208905025
384.43765111043706        48.79897394231439
385.02544920580226        48.78223842523671
385.46102171364873        48.76924933973246
386.01773089666995        48.75342541935017
386.4462144373746         48.740983471244455
386.9910592574395         48.72103160424452
387.45772257328326        48.70687032337645
387.9910592574395         48.69144660657412
388.45772257328326        48.67793798197305
388.99105925743936        48.66225761788981
389.43974678311645        48.64562216833049
390.01005075167086        48.629630338063286
390.45305276523413        48.62030720445574
390.95840610166886        48.60123795980169
391.48230994664755        48.58526149442167
391.96792328608706        48.573728687603676
392.484753473889          48.5598560029698
392.9784838838407         48.5456424229187
393.48122303584137        48.53058104158317
393.98012632180667        48.51537179045236
394.45120253292134        48.500014989714096
394.9517344793104         48.48488712621885
395.4577225732827         48.467571951695895
395.9856969630432         48.453676769456706
396.431104183602          48.44086226648289
396.98650438586776        48.42070801894426
397.45954995870056        48.406345510481586
398.0210422293195         48.39299220264302
398.4608475887601         48.37945191541537
398.99659286597546        48.36092678534995
399.47282285220774        48.34876098287481
399.99342745566696        48.334062361018155
400.45542570115026        48.31868579238539
400.99158663769606        48.302204942256985
401.45772257328224        48.28843384522515
401.99105925743834        48.272680221518215
402.4577225732821         48.258817966588886
402.99105925743834        48.241936788690104
403.457722573282          48.22789183536141
404.0209709349833         48.2136204732223
404.4568632700325         48.19949820969417
405.06223071113163        48.184193504879694
405.4561259021058         48.17418608021329
405.9910592574379         48.15361760162989
406.45772257328167        48.13925530819509
406.9910592574379         48.123748359232316
407.45772257328167        48.10978511076857
407.9910592574379         48.0939816828404
408.45772257328156        48.08026785353187
408.99105925743777        48.06439753465867
409.45772257328156        48.05013285289977
409.99105925743777        48.034170875008336
410.45772257328144        48.01984333704804
410.99105925743766        48.003961744947816
411.494990641952          47.992367492302876
411.994046187762          47.97804571791254
412.4764221009774         47.96325138409782
412.9840888523345         47.94841411580478
413.4552285117287         47.93172174727715
413.9890955308707         47.91566322111847
414.45772257328144        47.90217981268576
414.9910592574372         47.88682978915688
415.4512035323081         47.87487733583624
415.95738008429487        47.85805076951107
416.48911318952116        47.84208229680116
416.9559897582109         47.82630465375085
417.43319929391964        47.80853268373801
417.9783523656099         47.796020976409174
418.44182908607877        47.78338675545366
418.98668918309295        47.76925806625622
419.4078077431692         47.757051021597825
420.01491353441713        47.73834671173718
420.44112385142716        47.72331326903331
421.03763277655275        47.70557799812143
421.434004901776          47.69468160842594
421.99618762903765        47.67560819504647
422.4577225732935         47.66437667623205
422.98797036034057        47.64414826749632
423.4986856615151         47.629070077514655
423.99120145630366        47.61805950884898
424.43106287470687        47.60291803652489
424.97216214586194        47.588453003265855
425.4499756834417         47.573862497211245
426.00051121723914        47.5579178112142
426.4588213605523         47.54544440103348
426.9721343995059         47.528279287840746
427.4605332436655         47.51563253817593
427.97963269519823        47.501022617340524
428.43195022803377        47.485661127707175
428.983750907992          47.46957952709364
429.4408724664461         47.45395057999804
429.9952584579994         47.43666822782558
430.46494785813206        47.425706605929406
430.9915957280506         47.410069008992956
431.4579158931439         47.39591776882912
431.9829480678993         47.3838768254871
432.40704806437475        47.37131852101019
432.9883850539354         47.352752705244
433.4266347020923         47.33975547841904
434.0103865582016         47.322853098076486
434.4572261648053         47.310463573076994
434.9905767433388         47.29263224613124
435.458702733634          47.27854035296507
435.9859972493299         47.262808149515784
436.45078245306934        47.25039313965348
436.97630133460177        47.23726777415492
437.4615946974051         47.22113288676595
437.99105925744993        47.20364394750996
438.4577225732934         47.19006814385074
438.99105925744993        47.174568059397934
439.4577225732934         47.16088981909673
439.99105925744993        47.14521910595412
440.45772257329327        47.13154494179136
440.9910592574498         47.11596893034428
441.45772257329327        47.10274773370749
441.9931477094408         47.08631762135175
442.46557166363425        47.07343262809957
442.9713073530504         47.058818059952806
443.48021739393596        47.044352993521265
444.01196163234715        47.03060698988165
444.46295071686336        47.015692831696306
444.9901830886389         46.998469053193645
445.4583522396928         46.98566807404959
445.97873801601054        46.97077075862288
446.45772257329304        46.95598264870129
446.9910592574497         46.94011489800926
447.4440071966976         46.92634857430456
447.9958703380822         46.911357527329834
448.4395379118132         46.89785009287514
448.97491747029983        46.880953989614845
449.4560161927013         46.86771712262086
449.99541194157837        46.85179275351326
450.4676477385498         46.83810553243586
450.9919838360721         46.82256394145348
451.4762819686416         46.809332876794336
451.9929359850029         46.7943597843872
452.4577225732928         46.779003705819335
452.9910592574495         46.7632207324749
453.4577225732928         46.74946593430449
453.99105925744936        46.73394776481729
454.4577225732928         46.7210494102285
454.99105925744936        46.705704573905805
455.4577225732928         46.69185908736002
455.9705545001889         46.67526003962355
456.44152705683746        46.661551999948855
457.0172127602103         46.64813722985691
457.4612337644886         46.63532721568567
457.99105925744925        46.61754216898932
458.4577225732926         46.603749401669134
458.99105925744925        46.587931297764364
459.4577225732926         46.573997198489714
459.99105925744914        46.5582622029747
460.4577225732926         46.544584100172976
460.99105925744914        46.52900792958708
461.4577225732926         46.51557662670592
461.991059257449          46.49976262969798
462.45498487885175        46.48681358753044
462.98531758692366        46.474559623978344
463.4471077381529         46.461979357682026
463.9958965077352         46.44563521079294
464.4506931626938         46.43294388144449
464.9846106508503         46.41539790884999
465.4591747517733         46.39924461630167
465.9908082409962         46.383164117528544
466.45763768756535        46.37090611590811
466.97061977168664        46.35659990475858
467.4529163667679         46.340716850766405
467.9892242457008         46.325418059268
468.45308229799593        46.312984439775036
468.99249897338746        46.29620419521231
469.48311749895356        46.28354388021202
469.98487496756013        46.26801040437966
470.4740958001712         46.250489254634715
470.9910592574487         46.23689110966525
471.457722573292          46.2237713773699
471.9910592574487         46.20789107717314
472.457722573292          46.19423357228861
472.99105925744857        46.17845696437128
473.457722573292          46.164721098944824
473.99105925744846        46.14943060840917
474.457722573292          46.13611001966839
474.99105925744857        46.11992514433838
475.457722573292          46.10610525018516
476.0123217841858         46.09239837627993
476.45671961248433        46.07970751086849
476.9944201730825         46.06221235893534
477.46263751494007        46.04853622683785
477.99105925744857        46.03276389192498
478.4577225732918         46.019290228026975
478.99687793717953        46.00417097297497
479.45716980558007        45.99084835890733
479.99105925744846        45.97521821865231
480.4577225732918         45.96174596048203
480.99105925744834        45.946313933963424
481.4577225732919         45.932498466867635
481.99105925744834        45.91728551808359
482.4577225732918         45.90394175712973
482.99105925744834        45.888396413048824
483.4577225732918         45.874972234601415
483.99105925744834        45.85942410391768
484.4577225732917         45.846147525618164
484.99105925744834        45.830889900122465
485.4577225732917         45.81695763917816
485.9910592574482         45.80165204056079
486.4577225732917         45.78792064448302
486.9910592574482         45.77236710291111
487.4577225732917         45.758921126821754
487.9910592574482         45.74341598470427
488.4577225732917         45.72996885081688
488.9910592574482         45.714319855312084
489.46144892169104        45.701761822620476
489.9780721937566         45.68717575613246
490.4876783722236         45.673694222800854
490.9942777863696         45.65913356220131
491.4823244265332         45.64465434376386
491.9937025445246         45.629950779129686
492.45772257329145        45.614366210442654
492.991059257448          45.5987247442549
493.45772257329145        45.5857217219836
493.9910592574479         45.57041689732499
494.45772257329145        45.55635009873141
494.9987126098729         45.540665303432206
495.48126206609527        45.52869391688066
496.00308000833616        45.51421268882373
496.47824939247255        45.500550326235356
497.0083874643361         45.48622587380732
497.45873403029816        45.4733759261969
497.9716619153571         45.4567307309889
498.4607039710685         45.44132763406946
498.9814094217264         45.426170793992306
499.4667573387568         45.41371302216822
499.9681441425232         45.39940625967919
500.4577225732912         45.382304557840605
501.00078831845565        45.369415828945314
501.45239774033007        45.35955677559616
502.00763660773055        45.34285448934741
502.46134217384963        45.326986594106906
503.01144574127807        45.310556948165924
503.4609830196056         45.29775959854674
503.99105925744766        45.280882130824494
504.4577225732911         45.26725260192204
504.99021170544734        45.25355816356291
505.4312813211973         45.24101345413434
505.99018003405706        45.224518902061455
506.4302932624039         45.21225857957326
507.04416159733           45.198079312770005
507.45405137617115        45.18628635240837
507.99105925744755        45.166165211980484
508.45772257329077        45.15261337025009
508.9969164934639         45.13687961890132
509.4661551879208         45.1230676429382
509.9993867760834         45.108989883819326
510.45829763851543        45.09620029657501
510.9806417274251         45.07862730520382
511.46148106531996        45.06459774949734
511.9902689465622         45.05142458284704
512.4467872645657         45.038330473484585
512.9910592574472         45.02195429273747
513.4577225732907         45.00828555922748
513.9910592574472         44.99303602297342
514.4577225732905         44.979674202797845
514.9910592574472         44.96464702478043
515.4577225732905         44.95138804765641
515.9910592574471         44.93625018262168
516.4577225732905         44.923097280883624
516.9910592574471         44.9077515317937
517.4577225732907         44.89431368937295
517.991059257447          44.87907909872215
518.4577225732908         44.865663939814546
518.9910592574468         44.850516500582124
519.4577225732912         44.83735373705912
519.9910592574462         44.82215293897484
520.4577225732921         44.80867644955634
520.9956348543578         44.79489034003001
521.4437325956216         44.78206727827733
521.99176886079           44.76552463142588
522.4494855150317         44.75256792546413
522.9910592574354         44.73551298757949
523.4577225733119         44.72190290719038
524.0311494115952         44.70914028932341
524.4622917347563         44.69693309366802
524.9925515436234         44.68142063732773
525.4196617199929         44.66937250151849
525.9887840144338         44.65153698499603
526.4426016151193         44.63888503363172
526.9892434113901         44.622688612412524
527.4456965688737         44.60948364321918
527.991059257063          44.59337783475537
528.4577225740385         44.57990719852165
528.9910592567771         44.564632113117824
529.4577225747737         44.55125730876995
529.9910592563687         44.536163571666364
530.457722576392          44.522706532974595
530.9910592559526         44.507193322389824
531.4577225803705         44.49427569219522
531.9984203774009         44.48127632752829
532.4111727582616         44.46710078382003
533.0338876746773         44.449136312427854
533.4364504774302         44.43764754903963
534.0701004673995         44.42223710799679
534.4685379573033         44.41342634584024
534.9887058904123         44.39380389710306
535.4540477904868         44.38285044919048
535.9516761181507         44.369549906931105
536.4583759440968         44.35402301869995
536.9676175214072         44.33983670661283
537.4577244228374         44.324621771327735
537.9910598664987         44.30948843501333
538.4196476755858         44.29300557080077
538.9854066497752         44.276432584391436
539.4577285366526         44.266645842315825
539.991060897198          44.25145305944105
540.4577313063279         44.238250787340675
540.9910614719724         44.22329284559492
541.45773406881           44.21012922638364
541.9910620125181         44.195306535639446
542.4577367051224         44.18218171022624
542.9910625427842         44.166516520950324
543.457739312311          44.153237034946045
543.9910630701147         44.13798912387223
544.457741839117          44.12470691160357
544.9910635420827         44.10969644770831
545.4577440573742         44.09640926084572
545.989767116746          44.08332011590099
546.4305201374336         44.07119435369991
546.9910643764684         44.05317805938711
547.4577484054481         44.03980893625692
548.0023922292677         44.02533042637534
548.4599249542327         44.01240855306699
548.9910658955234         43.99664560470616
549.4577563480341         43.98333861249054
549.9919366573951         43.97012683345529
550.4356561807231         43.957819944007234
550.9903303054085         43.94152451008225
551.438851318575          43.928938297194925
551.9961878650195         43.91186741430409
552.456495205387          43.89864646817978
553.0423324488709         43.88560821413509
553.469073818188          43.87390296844227
554.0087399154105         43.855402879300286
554.4795775399766         43.841860082992824
554.9910685328197         43.82763679019353
555.4529513396915         43.81652143778364
555.9582965890979         43.80280702085612
556.4767285144405         43.78792473332731
556.9899068596818         43.77333249094172
557.474603929211          43.76001552697085
557.9851343413543         43.74666483326962
558.4413800050716         43.73246010646282
558.9897334737741         43.71694915154136
559.4390115966843         43.70408767947459
560.0151426835221         43.68926530728972
560.4444382031877         43.676150851089005
561.0034667304111         43.65725453290734
561.4633524678923         43.64599367241984
561.9917328171359         43.63170015220131
562.4578094394791         43.61817104905488
562.9910768523647         43.60226222445725
563.4467217046349         43.58797171439459
564.0453614615795         43.576144678661095
564.4506636167316         43.56483040951757
565.0036333204607         43.546174581807094
565.4257578266034         43.5348473802562
566.0098826621257         43.51808555513874
566.4448772143933         43.50682139041395
567.0121429089144         43.49111097846113
567.4416161670313         43.47774767660436
567.9836508918469         43.46076036631999
568.4756980633715         43.450054623153044
569.0123968663258         43.438189919804095
569.4632119275623         43.42369025017316
570.0055476913071         43.4069806198464
570.4455594101527         43.395395914659716
570.9909476198893         43.37930643415925
571.4545469750566         43.36599000086048
571.9970045256962         43.35108215475461
572.457497945152          43.3385381700741
572.9868486833246         43.322998489943124
573.4501166369712         43.307020375825715
574.005266511833          43.29459716098048
574.4064999724906         43.28646314146999
574.9788234787009         43.269274482145
575.4319620593694         43.2565754788963
575.98494969788           43.239704426352496
576.457795492538          43.226617989145474
576.9835683502274         43.212267821755354
577.4584842524241         43.19827724275248
577.9832401999163         43.183708215032816
578.479364770782          43.17227115690634
578.9788398000652         43.15886102157156
579.4572477627056         43.14314285403374
579.9805126381489         43.128501865062944
580.4500438865483         43.115948036523086
580.9691444885541         43.10314202895061
581.4303123808617         43.091188949270695
581.9765240954404         43.0742090587601
582.4581063196042         43.05928595110018
583.0155245033968         43.0464919976885
583.4670027994371         43.035712809835246
583.9738356593684         43.02252147298602
584.3979218590408         43.010514682726225
584.9760088976125         42.991660736785796
585.4569913065037         42.97872719574856
585.9700095300987         42.96480174467782
586.4564919980884         42.9505776117178
586.983344936607          42.935903259411816
587.4580066666514         42.922250977695874
587.9798510402017         42.90618125251207
588.4718567742776         42.892148968080164
588.9868070622176         42.87928975550212
589.4555148372322         42.86819533705886
589.963476451297          42.854795685339816
590.4573921978158         42.83850348726717
591.0226538964513         42.824908778334304
591.4725609571437         42.81512925962636
591.9837448047282         42.800609843087074
592.4857333386318         42.78737963826314
592.9688109239257         42.77509703269118
593.3987814543907         42.76159882361263
593.8978544789409         42.7487169251511
594.3913505793045         42.7393926614309
594.7513375917949         42.72137577531698
595.044785577671          42.71606296883188
595.5244451849285         42.697019115896076
595.864499952195          42.6730937040686
596.6434387703108         42.66764312050447
596.7031293030346         42.66315538646633
596.7408948606328         42.66366628208261
597.5202287523113         42.59762057364737
598.1918919646375         42.6009514891102
598.3360141741744         42.585804740426774
598.4713862626388         42.58774309313231
599.1240553110965         42.52414412607119
599.7263648476633         42.54493823661061
600                       42.52933247096105
