85.74959355
85.74959567
85.74961463
85.74962605
85.74962864
85.74962735
85.74962579
85.74963332
85.74962889
85.74962631
85.74958732
85.74958596
85.74949293
85.7493438
85.74921734
85.74904895
85.74857655
85.74828168
85.74780979
85.74703057
85.74611044
85.74557888
85.74400517
85.74288066
85.74129085
85.73971668
85.73822056
85.73651997
85.73357874
85.73119516
85.72830146
85.72549303
85.72268476
85.71963067
85.71587152
85.71243297
85.70732678
85.70289534
85.69859948
85.69351774
85.68646475
85.68247077
85.67719628
85.6717881
85.6641579
85.65779671
85.65074355
85.64411902
85.63641868
85.62928998
85.62087418
85.61251451
85.60336305
85.59503276
85.58474489
85.57617584
85.56598251
85.55708371
85.54663079
85.53661429
85.52574944
85.51663686
85.50592988
85.495215
85.48140395
85.47028875
85.45762967
85.44590457
85.43320007
85.42090543
85.40775067
85.39831064
85.38644561
85.3727281
85.35931332
85.34439926
85.32904969
85.31893362
85.30186305
85.28606974
85.27150496
85.25799681
85.24308651
85.23094211
85.21615265
85.20193516
85.1832561
85.16575431
85.15280396
85.13884963
85.12032602
85.10625452
85.09190008
85.07287328
85.05177592
85.04425967
85.02541331
85.01078047
84.99341154
84.97816523
84.95645722
84.94241284
84.92930675
84.91084495
84.89336637
84.8782932
84.85798963
84.84209107
84.82337674
84.8072687
84.78895293
84.77394454
84.75640962
84.73914372
84.72083695
84.70400349
84.68552974
84.67134658
84.65452535
84.63531124
84.61709977
84.59794128
84.57913287
84.56076081
84.5418698
84.528747
84.5120758
84.49087909
84.47227465
84.45393366
84.43524633
84.41575368
84.39546005
84.37833321
84.35820503
84.34133314
84.32429679
84.30925032
84.2842758
84.2676936
84.24788729
84.22699802
84.21135932
84.19907724
84.17667364
84.15915231
84.13520196
84.11738286
84.09563288
84.07310157
84.05562663
84.04381531
84.02231191
84.0061377
83.98362413
83.96666005
83.94569096
83.92884358
83.90723887
83.88985656
83.86827589
83.85152202
83.83438225
83.81990452
83.79081357
83.7727195
83.75377433
83.73683338
83.71490653
83.69809883
83.6811714
83.66653748
83.6385431
83.62063786
83.5976498
83.58088948
83.56332204
83.5441344
83.52451589
83.50857727
83.47750272
83.46410077
83.45193744
83.4241031
83.40263838
83.39215812
83.36487447
83.34930374
83.33095566
83.31125262
83.28891572
83.27131602
83.25405035
83.23199586
83.21194687
83.19829227
83.17149599
83.15276087
83.13210981
83.11310883
83.09011898
83.07535612
83.05042707
83.03804089
83.01628703
82.99900715
82.97679044
82.95950846
82.93734689
82.91995847
82.90234126
82.88737849
82.85803168
82.83988346
82.82084548
82.80370049
82.78162772
82.76499601
82.74611195
82.72958692
82.7029321
82.68497168
82.66473142
82.64767055
82.6256826
82.60837876
82.58620091
82.56917936
82.54744428
82.53007833
82.50876339
82.49175917
82.46678419
82.44816739
82.43017205
82.41306821
82.39015222
82.37272539
82.34965669
82.33159438
82.31121166
82.29332765
82.27284609
82.25695744
82.23443107
82.21647104
82.1969937
82.17633493
82.15660092
82.13549303
82.11483973
82.09670747
82.07562235
82.05748322
82.03789939
82.02011649
81.99757582
81.97931048
81.95850588
81.94014043
81.92094606
81.90336417
81.88178239
81.86431221
81.8411961
81.82316394
81.80255956
81.7843398
81.76516407
81.74753596
81.72634744
81.70879659
81.68557167
81.66687047
81.64609164
81.62826049
81.60942763
81.59305949
81.57263746
81.55192156
81.529134
81.51337551
81.49420604
81.47508364
81.45516383
81.43363844
81.41649157
81.39744397
81.3731232
81.35258921
81.33424832
81.3207068
81.29637363
81.27599903
81.2535454
81.23435235
81.21314086
81.2011838
81.17874177
81.16093923
81.14328593
81.12274981
81.10149852
81.08337298
81.06019144
81.04173642
81.02098564
81.00318219
80.98422215
80.96842537
80.94538078
80.92043743
80.90247481
80.89105327
80.86360375
80.84677718
80.83186371
80.81349564
80.79200617
80.77474833
80.75374306
80.73410308
80.71512318
80.69805637
80.67174489
80.65372922
80.63334198
80.61596857
80.5932869
80.57696745
80.5575505
80.5348638
80.51483747
80.49986593
80.47694022
80.45886396
80.43834189
80.41964506
80.39899856
80.38093132
80.35995409
80.34204791
80.3230122
80.30592614
80.28345973
80.26545081
80.24545669
80.22735222
80.20661558
80.18842332
80.16758045
80.14941196
80.13181185
80.11578095
80.09038854
80.07182684
80.05160767
80.03477191
80.01596343
79.99616348
79.97563048
79.95854544
79.93583054
79.91759054
79.89655128
79.87830154
79.85814276
79.84008585
79.81939923
79.80130187
79.78062008
79.7645107
79.74526343
79.72620004
79.70609725
79.6885218
79.67163968
79.65097413
79.62924408
79.61269902
79.58840636
79.57022982
79.55186946
79.53505738
79.51130881
79.49293462
79.4742785
79.45693067
79.43399218
79.41619215
79.39527362
79.38055132
79.36195884
79.34038223
79.32261263
79.30304973
79.28145338
79.26471651
79.24092153
79.22264395
79.20395113
79.18797032
79.16628335
79.1499362
79.13022926
79.11065869
79.0875507
79.06302672
79.04856619
79.03305763
79.01012271
78.99115345
78.97658576
78.95746579
78.93623783
78.91647277
78.89624994
78.87966037
78.85826649
78.84164272
78.81778167
78.80308798
78.78491742
78.76166928
78.74111282
78.72376174
78.70335421
78.6858455
78.66647095
78.6495178
78.62509445
78.60650062
78.59034475
78.56765717
78.54132535
78.52769621
78.51234492
78.49237111
78.47524409
78.45988733
78.43486935
78.41795364
78.39914502
78.38038474
78.35737206
78.33937599
78.32099755
78.30361603
78.28366102
78.26773783
78.24281288
78.22489375
78.20473215
78.18700957
78.16658637
78.14900335
78.12777532
78.10952494
78.09215667
78.07600948
78.05497944
78.03893872
78.01427153
77.99613186
77.97607354
77.95797518
77.93744889
77.92009776
77.90007319
77.88230052
77.86216965
77.84441009
77.82401729
77.80587172
77.78798554
77.77108131
77.74844196
77.73118093
77.7104017
77.69515321
77.67296697
77.6553039
77.63632684
77.61525839
77.59485394
77.5774082
77.56003952
77.54366897
77.51697534
77.50076393
77.4858856
77.4676673
77.44625143
77.42699456
77.40762554
77.38915594
77.3695187
77.34957692
77.32895054
77.31155427
77.29104554
77.27377293
77.25660176
77.23859633
77.21644916
77.2015128
77.17890436
77.15851006
77.14019844
77.12332306
77.10375577
77.0884615
77.0659149
77.05184108
77.02631812
77.00938169
76.98960559
76.97341765
76.949005
76.9315105
76.91158681
76.89359906
76.87385079
76.85823148
76.83896456
76.82052317
76.80158631
76.78082313
76.76078591
76.74479923
76.72557463
76.70434762
76.68653291
76.67084958
76.64914534
76.63259156
76.6116238
76.5968693
76.57266607
76.55695027
76.53870634
76.51539352
76.4954181
76.47902091
76.45930343
76.44191812
76.42300639
76.40403541
76.38468493
76.36652886
76.34676263
76.32789702
76.3105084
76.29292966
76.27115291
76.25588333
76.23104255
76.213391
76.1936057
76.17592657
76.1562447
76.13991304
76.12072925
76.10131275
76.08083836
76.06342286
76.04352503
76.02618539
76.00861961
75.99067069
75.9698212
75.95321781
75.93059269
75.91429717
75.89583641
75.87434366
75.85253532
75.84032691
75.82122548
75.80715616
75.77927456
75.76106355
75.74131175
75.72386497
75.70405059
75.68985797
75.67110992
75.6490098
75.63125612
75.61378964
75.5897419
75.57061588
75.54897349
75.53760253
75.51939751
75.49791577
75.47713339
75.46336293
75.44462014
75.42154828
75.40316117
75.38443805
75.36861802
75.3611848
75.330506
75.31019182
75.29183231
75.27476155
75.2521135
75.23473649
75.21629466
75.19950132
75.18038985
75.16410916
75.14121841
75.12359568
75.10389565
75.08709728
75.06729055
75.04877668
75.02891568
75.01342598
74.99451605
74.97604044
74.95681128
74.93930226
74.92054165
74.90142236
74.88222675
74.86422682
74.84486891
74.82546286
74.80528898
74.78802735
74.76818897
74.75083424
74.73101417
74.71380916
74.69354271
74.67621514
74.65735221
74.64044563
74.6179659
74.59995833
74.58338938
74.56724729
74.54620843
74.52942922
74.50847672
74.49339865
74.47397222
74.45507337
74.43411559
74.41790303
74.39468434
74.37597616
74.35786831
74.33740386
74.32047837
74.30398397
74.28317988
74.2662734
74.24670609
74.22914644
74.20826612
74.19062123
74.17633497
74.16220845
74.13815836
74.12187216
74.101757
74.08589346
74.06069679
74.04424497
74.02418893
74.00506045
73.98632766
73.96799303
73.95093904
73.93508169
73.91305893
73.89690554
73.87421391
73.85928252
73.84159566
73.82278626
73.80027491
73.77927634
73.76160669
73.74343972
73.72999375
73.71444658
73.6935712
73.67533499
73.65909654
73.63682795
73.61419434
73.60095168
73.58070439
73.56389553
73.53881051
73.5206977
73.50553669
73.48934642
73.46696795
73.44951191
73.43236159
73.41628697
73.39284373
73.37553573
73.35739957
73.34123102
73.31939895
73.30233706
73.28137495
73.26466642
73.24866486
73.23270388
73.21364066
73.19511241
73.17129519
73.15393173
73.13346849
73.11691106
73.0981459
73.07886419
73.05911203
73.045192
73.02726811
73.00735001
72.98895098
72.97109823
72.95191245
72.93277719
72.91295085
72.89589619
72.87604245
72.85911652
72.83950615
72.822137
72.80417811
72.7884058
72.76812896
72.75196743
72.72938245
72.71215688
72.69423846
72.67838868
72.65750862
72.64333302
72.62262406
72.60219027
72.58314305
72.56656664
72.54710505
72.53229489
72.51024218
72.49412202
72.47232538
72.45424578
72.43474674
72.41740171
72.39769607
72.38074056
72.36362261
72.34745926
72.32708515
72.31090758
72.2906222
72.2752213
72.25084795
72.23331919
72.21588439
72.19980504
72.17936849
72.16350584
72.14418158
72.12898692
72.10461781
72.08732155
72.06848351
72.0519835
72.03283007
72.01250741
71.99297324
71.98158672
71.95828811
71.93876998
71.92468106
71.90773258
71.89036632
71.87196358
71.85337962
71.83461447
71.81612943
71.79496937
71.77799079
71.76233128
71.73769954
71.72014634
71.7038288
71.68727996
71.66463743
71.64976847
71.6318025
71.61300603
71.59285991
71.5760259
71.55676752
71.539821
71.51918257
71.50201126
71.48456447
71.46729711
71.4485872
71.4363524
71.4112009
71.3936387
71.37467669
71.35760156
71.33827566
71.32150463
71.30209577
71.28464954
71.26512742
71.2476034
71.22817844
71.21399864
71.19648032
71.17838325
71.16023335
71.13981204
71.12016718
71.10367199
71.08489242
71.07027027
71.04968147
71.03014336
71.01083721
70.98908872
70.97378086
70.95832069
70.94103266
70.92609435
70.90320439
70.88480498
70.86310044
70.84976519
70.82641924
70.81267431
70.78791144
70.76945477
70.75597866
70.73744149
70.7197354
70.70187325
70.68235414
70.66708455
70.64606844
70.63058536
70.61269796
70.5938882
70.57419743
70.55505908
70.53389685
70.5204754
70.50132572
70.48399524
70.46925133
70.45387127
70.43113332
70.41521501
70.39451368
70.37933953
70.35749773
70.34023668
70.32096566
70.30575832
70.28968101
70.26991449
70.24848905
70.2318573
70.21286805
70.19610987
70.17691008
70.16015586
70.14107093
70.12487108
70.10473737
70.08894849
70.07103912
70.05331253
70.03646797
70.0181894
69.99708026
69.98139178
69.9631333
69.94500743
69.92555802
69.90868325
69.89030806
69.87374994
69.85303724
69.83681047
69.81728847
69.80050849
69.78145447
69.76523334
69.74687538
69.72804658
69.70869478
69.69182925
69.67280112
69.65698562
69.63816867
69.62118958
69.60083264
69.58402103
69.56757086
69.55186011
69.53004576
69.51312845
69.49372656
69.47663491
69.45733436
69.44055606
69.42144911
69.40497269
69.38557249
69.36968633
69.35465433
69.33922041
69.31916793
69.30359705
69.28206734
69.26224597
69.24251431
69.2274734
69.2099184
69.1904264
69.17165302
69.15639538
69.13580191
69.12026558
69.10120063
69.07969446
69.06300524
69.04690227
69.02741006
69.01064567
68.99127991
68.97441856
68.95564839
68.93929611
68.91942678
68.90246006
68.88563391
68.87005338
68.84857255
68.83178104
68.81241527
68.79587172
68.77730775
68.76094862
68.74175606
68.72521218
68.70626161
68.68929515
68.67061264
68.65422509
68.63513296
68.61864557
68.59954913
68.58324191
68.56450138
68.54738763
68.52858707
68.51171961
68.49261341
68.47609596
68.45704826
68.44052839
68.4213028
68.4058748
68.38795424
68.37139091
68.3535004
68.33570938
68.31764267
68.29849171
68.27927168
68.26329306
68.24448522
68.22719802
68.2079226
68.19321126
68.17541435
68.15862311
68.14101828
68.12522511
68.10476556
68.08583272
68.06720247
68.05189009
68.03430363
68.01327933
67.99743738
67.98531904
67.9647858
67.9452767
67.9250782
67.90934476
67.88859363
67.87183562
67.85499887
67.8395744
67.81929265
67.80421694
67.78678371
67.77228265
67.74753753
67.73087271
67.71152367
67.69453758
67.6772249
67.66149618
67.63988195
67.62262654
67.60642585
67.5903205
67.57017814
67.55336516
67.53460796
67.51817208
67.49968751
67.48337739
67.46475568
67.44857522
67.42969671
67.41316479
67.3944223
67.37791747
67.35928135
67.34308641
67.32438343
67.30780117
67.29083903
67.27506066
67.25470428
67.23876097
67.21777277
67.20102374
67.18531975
67.17029704
67.15120691
67.13637972
67.1144284
67.09885752
67.07892348
67.06267085
67.04284749
67.02626721
67.00746571
66.99100277
66.97242379
66.95585874
66.936762
66.92086011
66.90485842
66.88740595
66.86529048
66.85114654
66.83217657
66.82133129
66.79717001
66.78368562
66.76730995
66.74819174
66.73072491
66.71198935
66.6933554
66.67305676
66.65264986
66.64060077
66.62189211
66.60563436
66.58721419
66.57100336
66.55274878
66.5365851
66.51729222
66.50093735
66.48215809
66.46579921
66.44731145
66.43094556
66.41482514
66.39989009
66.3776975
66.36122969
66.34339591
66.32747864
66.3080609
66.2916682
66.27539397
66.26023327
66.24015832
66.22465301
66.20362147
66.18733305
66.17127214
66.15685161
66.13405686
66.11737105
66.09984654
66.08615224
66.06925409
66.05091654
66.0329359
66.01652648
66.00007614
65.98257136
65.96345782
65.94760832
65.92934403
65.91318247
65.88989459
65.87601821
65.85840288
65.84172955
65.82212254
65.80450914
65.78993615
65.77599178
65.75299766
65.73903698
65.7183773
65.704494
65.6851297
65.6686578
65.64771824
65.63452326
65.61989985
65.6020258
65.581428
65.56714845
65.54731415
65.5308987
65.51252165
65.49705824
65.4779006
65.45820081
65.44288803
65.43286243
65.41167138
65.39601584
65.37521535
65.35908104
65.34138881
65.32413922
65.30617654
65.29207656
65.2755425
65.2561612
65.23810871
65.22262981
65.20684089
65.19210269
65.17116439
65.1527618
65.13698741
65.12369628
65.10743099
65.0926257
65.06937468
65.05342606
65.03625373
65.01871215
65.000616
64.98377982
64.96396121
64.94665567
64.9307976
64.9171163
64.90059094
64.88049631
64.86373179
64.851672
64.8337645
64.81744712
64.80229891
64.78564971
64.76976293
64.75826415
64.73603721
64.7294876
64.70599789
64.67647874
64.66977028
64.6642337
64.66486489
64.58337278
64.58750034
64.56880942
64.57120209
64.49271492
64.51837871
64.49912255