75.75264492
75.7526472
75.75266972
75.75268518
75.75268813
75.75268849
75.75269039
75.75270136
75.75269824
75.7526975
75.75266959
75.75266994
75.75259012
75.75245421
75.75233949
75.75218487
75.75174832
75.75147623
75.75104016
75.75031571
75.749461
75.7489675
75.74750258
75.74645536
75.74497432
75.74350677
75.74211257
75.74052679
75.73778255
75.73555908
75.73285933
75.73023881
75.72761928
75.72476916
75.72126074
75.71805109
75.71328375
75.70914623
75.70513618
75.70039047
75.69380403
75.69007586
75.68515139
75.68010114
75.67297469
75.66703388
75.6604469
75.65426038
75.64706892
75.64041126
75.63255126
75.62474255
75.61619503
75.60841363
75.59880352
75.5907991
75.58127718
75.57296495
75.56320091
75.55384375
75.54369482
75.53518287
75.52518123
75.5151715
75.50226893
75.49188534
75.4800595
75.46910588
75.45723737
75.44575139
75.43346257
75.42464526
75.41356111
75.40074598
75.38821401
75.37427982
75.35993991
75.35049007
75.33454144
75.31978569
75.30617876
75.29355888
75.27962919
75.26828387
75.25446673
75.24118436
75.22373208
75.20737985
75.19528232
75.18224514
75.16493832
75.15179227
75.13838234
75.12060437
75.100893
75.09387255
75.07626444
75.06259373
75.04636658
75.03212197
75.01183951
74.99871892
74.98647543
74.96922615
74.95289676
74.9388141
74.91984414
74.90499027
74.88750532
74.87245582
74.85534352
74.84132181
74.82493939
74.8088078
74.79170415
74.77597667
74.75871689
74.745467
74.72975148
74.71179953
74.69478463
74.67688467
74.65931202
74.64214685
74.62449724
74.61223871
74.59666342
74.57685863
74.55947686
74.54234101
74.52488191
74.50666957
74.48770974
74.47170845
74.45290281
74.43713979
74.42122391
74.40716646
74.38383174
74.36833973
74.34983507
74.33031775
74.3157087
74.30423479
74.28330321
74.266933
74.24455612
74.22790812
74.2075869
74.1865351
74.17021009
74.15917624
74.13908601
74.1239749
74.10294122
74.08709237
74.06750171
74.051762
74.03157758
74.01533765
73.99517538
73.97952278
73.96351081
73.94998494
73.92280464
73.90589986
73.88820087
73.87237357
73.85188801
73.83618535
73.82037197
73.80670039
73.78054514
73.76381691
73.7423399
73.72668216
73.71027058
73.69234422
73.6740164
73.65912572
73.63009222
73.61757373
73.60621214
73.58020593
73.56015303
73.55036338
73.52487321
73.51032721
73.49318649
73.47477937
73.45391151
73.43746994
73.42134081
73.40073614
73.38200664
73.36925098
73.34421687
73.32671406
73.30742221
73.28967075
73.26819363
73.2544023
73.23111342
73.21954322
73.19922102
73.18307839
73.16232393
73.14617935
73.12547617
73.10923216
73.09277546
73.07879765
73.05138101
73.03442738
73.0166434
73.00062711
72.98000734
72.96447106
72.94683106
72.93139396
72.90649341
72.88971553
72.87080859
72.85487122
72.83433156
72.81816721
72.79744969
72.78154937
72.76124588
72.74502389
72.72511299
72.70922894
72.68589849
72.66850811
72.65169917
72.63572227
72.61431592
72.59803734
72.57648825
72.5596162
72.54057688
72.52387147
72.50474019
72.48989942
72.46885752
72.45208174
72.43388822
72.41459088
72.39615752
72.37644046
72.35714879
72.340212
72.32051753
72.30357463
72.28528242
72.26867227
72.24761763
72.2305569
72.21112444
72.1939703
72.17604288
72.15962079
72.13946259
72.12314487
72.10155314
72.08471071
72.06546578
72.04844839
72.0305389
72.01407436
71.99428423
71.97789188
71.95619928
71.93873247
71.91932525
71.90267154
71.8850829
71.86979608
71.85072249
71.83137395
71.81009055
71.79537364
71.77747023
71.75961074
71.74100702
71.7209033
71.70488992
71.68710044
71.66438571
71.6452078
71.6280794
71.61543331
71.59270791
71.5736792
71.55270928
71.53478443
71.51497495
71.5038091
71.48284999
71.46622477
71.44973947
71.43056096
71.41071486
71.39378777
71.37213859
71.35490376
71.33552527
71.31889944
71.30119425
71.28644307
71.26492257
71.24162841
71.22485517
71.21419036
71.18855611
71.17284363
71.15891837
71.14176605
71.1216991
71.10558373
71.08596908
71.06762893
71.0499059
71.03396899
71.0093991
70.99257643
70.97353938
70.95731667
70.93613674
70.92089869
70.90276806
70.88158348
70.86288447
70.8489054
70.82749842
70.81062017
70.79145808
70.7740002
70.75472217
70.73785232
70.71826581
70.70154675
70.68377338
70.66782039
70.64684315
70.63002863
70.61136065
70.59445706
70.57509604
70.55811069
70.53865101
70.52168809
70.50525649
70.49028963
70.46658124
70.44925153
70.43037453
70.41465658
70.39709692
70.37861088
70.35944138
70.34349083
70.32228399
70.3052553
70.28561293
70.26857527
70.24975543
70.23289797
70.2135855
70.19669054
70.17738278
70.16234442
70.14437645
70.12658011
70.10781363
70.09140666
70.0756476
70.05635533
70.03606988
70.02062503
69.99794726
69.98097953
69.9638408
69.94814707
69.92597771
69.90882582
69.89141146
69.87521782
69.8538053
69.83718996
69.8176635
69.80392181
69.78656706
69.76642655
69.74984039
69.73157961
69.71142111
69.69579876
69.67358787
69.65652745
69.63908006
69.62416417
69.603922
69.58866455
69.57027065
69.55200408
69.5304355
69.50754516
69.49404953
69.47957537
69.45816872
69.44046452
69.42686906
69.40902413
69.38921174
69.37076448
69.35189068
69.33640777
69.3164409
69.30092627
69.27865669
69.26494396
69.24798613
69.22628863
69.20710408
69.19091121
69.17186595
69.15552622
69.1374455
69.12162465
69.09883173
69.08148028
69.0664042
69.04523163
69.02065832
69.00794084
68.99361617
68.97497673
68.95899495
68.94466492
68.92131866
68.90553414
68.88798335
68.87047736
68.84900324
68.83221087
68.81506213
68.79884311
68.7802232
68.76536515
68.74210702
68.7253867
68.70657437
68.69003781
68.67098165
68.65457574
68.6347688
68.61774041
68.60153567
68.58646988
68.56684814
68.55188182
68.52886606
68.51194149
68.49322701
68.47634113
68.45719008
68.44100183
68.42231923
68.40573796
68.38695659
68.37038784
68.35136246
68.33443377
68.31774764
68.30197711
68.28085613
68.26475287
68.24536755
68.23114243
68.2104444
68.19396661
68.17626312
68.15660822
68.13757333
68.12129885
68.10509676
68.08982549
68.06492357
68.04980146
68.03592317
68.01892866
67.99895113
67.98098784
67.96292025
67.94569202
67.92737461
67.90877295
67.88953306
67.87330634
67.85417644
67.8380653
67.82204921
67.8052544
67.78459672
67.77066544
67.74957787
67.73055547
67.71347653
67.69773673
67.67948672
67.66522189
67.6441926
67.63106634
67.60726108
67.59146497
67.57302057
67.55792266
67.53515349
67.51883732
67.5002557
67.4834799
67.46506226
67.45049591
67.43252753
67.41532933
67.39766912
67.3783054
67.35961922
67.34471095
67.32678303
67.30698714
67.29037458
67.27574942
67.25550951
67.24007264
67.22051965
67.20676098
67.18419054
67.16953598
67.1525237
67.13078416
67.11215738
67.09686762
67.07848168
67.06227072
67.04463648
67.02694704
67.00890402
66.99197484
66.97354454
66.95595391
66.93974111
66.92335056
66.90304597
66.888809
66.86564732
66.84918955
66.83074234
66.8142591
66.79590871
66.78068222
66.76279667
66.74469397
66.72560522
66.70936864
66.69081782
66.67465223
66.65827618
66.6415426
66.62210512
66.60662632
66.58553366
66.5703423
66.55313249
66.5330954
66.51276483
66.50138422
66.48357768
66.47046208
66.44446936
66.4274929
66.40908059
66.392817
66.37434653
66.36111716
66.34364095
66.32303973
66.30649098
66.29020974
66.26779355
66.24996549
66.22979206
66.21919382
66.20222518
66.18220166
66.16283067
66.14999609
66.13252659
66.11102146
66.09388378
66.07643259
66.06168831
66.0547609
66.02616604
66.00723251
65.99012137
65.97421112
65.95310282
65.93690763
65.91972041
65.90406948
65.88625821
65.87108528
65.84975171
65.83332827
65.81496902
65.79931431
65.78085591
65.76360252
65.74509384
65.73065925
65.71303736
65.69582016
65.67790099
65.66158498
65.64410271
65.62628617
65.60839878
65.59162569
65.57358736
65.55550405
65.53670556
65.52062096
65.50213546
65.48596438
65.4674963
65.451465
65.43258125
65.41643605
65.39886055
65.38310792
65.36216241
65.34538424
65.32994693
65.31490714
65.29530486
65.27967162
65.26015019
65.24610239
65.22800318
65.21039535
65.19086946
65.17576501
65.15413291
65.13670365
65.11983389
65.10076833
65.08500041
65.06963397
65.0502524
65.03450241
65.01627368
64.99991548
64.98046388
64.96402659
64.950719
64.93755962
64.9151555
64.89998447
64.88124675
64.86646949
64.84299781
64.82767297
64.80899095
64.79117282
64.77372369
64.75664537
64.74076039
64.72598988
64.70547643
64.69043038
64.66929404
64.65538676
64.63891283
64.62139343
64.60042573
64.58086761
64.56441058
64.54749038
64.53496772
64.52048779
64.50104517
64.48406088
64.46893779
64.44819764
64.427118
64.41478534
64.39592872
64.3802745
64.35691238
64.34004402
64.32592537
64.31084782
64.29000735
64.2737513
64.25778032
64.24281092
64.22097943
64.20486169
64.18797307
64.17291669
64.15258636
64.13669846
64.11717876
64.10162038
64.08672046
64.07185835
64.05410746
64.03685465
64.01467703
63.99850931
63.97945534
63.96403862
63.9465662
63.92861274
63.9102215
63.89726128
63.88057274
63.8620273
63.84489665
63.82827476
63.81041188
63.792596
63.77413699
63.75825866
63.73977447
63.72401629
63.70575913
63.6895886
63.67286932
63.65818575
63.63930862
63.62426286
63.60323704
63.587201
63.57052019
63.55576521
63.53632741
63.52313144
63.50385327
63.4848311
63.46710032
63.45166966
63.43355331
63.41976712
63.39923878
63.38423332
63.36394384
63.34711467
63.3289644
63.31281926
63.29447703
63.27869485
63.26276182
63.24771722
63.22875338
63.21369569
63.19481467
63.18048008
63.15779408
63.14147931
63.12525238
63.11028689
63.09126615
63.07650256
63.05851724
63.04437553
63.02169483
63.00559749
62.98806533
62.9727094
62.95488418
62.93597064
62.9177913
62.90719496
62.88551234
62.86734835
62.85423752
62.83846544
62.82230466
62.80517934
62.78788555
62.77042315
62.75322157
62.73353061
62.71773123
62.70315936
62.68023832
62.66390467
62.64872112
62.63332219
62.61225277
62.59841756
62.58170057
62.56421072
62.54546535
62.52980195
62.51188296
62.49611511
62.4769123
62.46093562
62.44470292
62.42863701
62.41122902
62.39984586
62.37644431
62.36010465
62.34246282
62.32657661
62.30859651
62.29299352
62.27493655
62.25870566
62.24054357
62.22424052
62.20616909
62.19297784
62.17668063
62.15984499
62.14296047
62.1239627
62.10568757
62.09034273
62.07287296
62.05927091
62.04011836
62.02194339
62.00398429
61.98375335
61.96951429
61.9551334
61.93905239
61.925157
61.90386504
61.88675017
61.86656106
61.85415724
61.83244144
61.81965674
61.79662381
61.7794569
61.76692294
61.74968152
61.73321322
61.71659979
61.69844526
61.68424327
61.66469659
61.65029655
61.63366038
61.61616623
61.59785297
61.58005344
61.56037184
61.54788993
61.53008054
61.51396317
61.50025169
61.48594838
61.46480215
61.44999847
61.43074675
61.41663538
61.39632324
61.3802714
61.36235053
61.34820895
61.33325849
61.31487702
61.29495303
61.27948717
61.26182911
61.24624588
61.22839238
61.21281308
61.19506666
61.18000317
61.1612819
61.14660099
61.12994839
61.11346585
61.09780359
61.08080778
61.06118007
61.04659307
61.02961653
61.01276333
60.99467974
60.97899018
60.96190575
60.94651081
60.92725313
60.91216661
60.89401637
60.87841569
60.86070083
60.84561995
60.82855258
60.81104731
60.79305611
60.77737646
60.75968644
60.74498319
60.72748985
60.71170522
60.69278041
60.6771518
60.66185941
60.64725437
60.62697518
60.61124873
60.59321272
60.57732443
60.55938278
60.543786
60.52602463
60.51070874
60.49267509
60.47790829
60.46393565
60.44958928
60.43094973
60.41647622
60.39646381
60.37803947
60.35969885
60.34571857
60.32940151
60.31128396
60.29383451
60.27965306
60.26051201
60.24607179
60.22835191
60.20836299
60.19285166
60.17788515
60.1597687
60.14418772
60.12618902
60.1105181
60.0930732
60.07787563
60.0594095
60.04364119
60.02800361
60.01352366
59.99356019
59.97795507
59.95995772
59.94458326
59.92733123
59.91212844
59.89429242
59.87891817
59.86130741
59.84554066
59.82817927
59.81295067
59.79520891
59.77988778
59.76214224
59.74698887
59.72957435
59.71367168
59.69620165
59.68052795
59.66277412
59.64742586
59.62972662
59.61437636
59.59651207
59.58217674
59.56552538
59.5501353
59.53351213
59.51698145
59.50019474
59.48240051
59.46454231
59.44969611
59.43222123
59.41615937
59.39825033
59.3845821
59.36804699
59.35244632
59.33608987
59.32141668
59.30240802
59.28481792
59.26750919
59.25328326
59.23694461
59.21741187
59.20269411
59.19143597
59.17235997
59.15423543
59.13547058
59.1208541
59.10157615
59.08600808
59.07036703
59.05603792
59.03719652
59.02319161
59.00699678
58.99352584
58.97053827
58.95505743
58.93708332
58.92130431
58.90522205
58.89061115
58.87053317
58.85450445
58.83945563
58.82449539
58.80578506
58.79016767
58.77274434
58.75747738
58.74030752
58.72515756
58.70786052
58.69283122
58.6752959
58.65994035
58.64253155
58.62720135
58.60989159
58.59484942
58.57747785
58.56207616
58.54632175
58.53166678
58.51275982
58.49795181
58.47845834
58.46290232
58.44831715
58.43436456
58.41663421
58.40286329
58.38247566
58.36801417
58.34950058
58.33440621
58.31599555
58.30059704
58.28313573
58.26784637
58.2505919
58.23520791
58.21747286
58.20270499
58.18784464
58.17163669
58.15109845
58.13796336
58.12034644
58.11027484
58.08783685
58.07531463
58.06010742
58.04235336
58.026133
58.0087345
57.99143052
57.97258059
57.95363016
57.94244136
57.92506835
57.90997135
57.89286641
57.87781312
57.8608621
57.84585271
57.82793774
57.81275102
57.7953131
57.78012282
57.76295582
57.74775919
57.73279052
57.71892253
57.69831556
57.68302457
57.66646531
57.65168565
57.63365573
57.6184348
57.60332396
57.58924701
57.57060714
57.55621034
57.53668249
57.52155879
57.50664641
57.49325703
57.4720922
57.45659972
57.44032864
57.42761399
57.4119247
57.39489894
57.3782047
57.36296937
57.34769612
57.33144378
57.31369789
57.29898265
57.28202542
57.26702038
57.24539894
57.23251593
57.21616153
57.20068166
57.1824784
57.16612595
57.1525965
57.13965048
57.11830244
57.10534142
57.08616102
57.07327201
57.05529452
57.04000226
57.02056243
57.00831285
56.99473717
56.97814338
56.95902093
56.94576435
56.92735097
56.91211154
56.89505127
56.88069588
56.86291107
56.84462282
56.83040735
56.82110029
56.80142776
56.78689419
56.76758447
56.75260668
56.73618269
56.72016969
56.70349475
56.69040577
56.67505718
56.65706533
56.64030722
56.62593823
56.61128151
56.5976002
56.57816337
56.56108055
56.54643755
56.53409976
56.51900091
56.50525733
56.48367381
56.46886916
56.45292866
56.43664535
56.41984735
56.40421903
56.38582223
56.36975832
56.35503816
56.34233864
56.32699914
56.30834628
56.29278471
56.28159044
56.26496805
56.24982175
56.23576073
56.22030628
56.20555949
56.19488637
56.17425441
56.16817481
56.14637054
56.11896953
56.11274213
56.10760276
56.10818871
56.03254613
56.03637832
56.01902871
56.02125
55.94839456
55.97221908
55.95434485