70
70.00000033
70.00000338
70.00000165
70.00000111
69.99999834
69.99998477
69.99998043
69.99997613
69.99997262
69.99993314
69.99992934
69.9998415
69.99970419
69.99958291
69.99942985
69.99899804
69.99872696
69.9982961
69.99758721
69.99674575
69.99626067
69.99483165
69.99380994
69.99236717
69.99093996
69.98958378
69.98804017
69.98537251
69.98320944
69.98058514
69.97803922
69.97549051
69.972721
69.96931161
69.96619483
69.96156731
69.95755258
69.95365872
69.94905607
69.94266739
69.93904829
69.93426946
69.92937262
69.9224647
69.91670645
69.91032175
69.90432679
69.89735807
69.89090756
69.88329271
69.87572872
69.86744948
69.85991245
69.85060412
69.84285125
69.83362901
69.82557906
69.81612341
69.8070622
69.79723446
69.78899139
69.77930597
69.76961428
69.7571228
69.74706921
69.73561998
69.72501523
69.71352455
69.70240485
69.69050858
69.68196998
69.67123868
69.65883465
69.6467026
69.63321524
69.61933262
69.61018263
69.59474651
69.58046471
69.567293
69.55507731
69.54159357
69.53061073
69.51723583
69.50437966
69.48748971
69.47166329
69.45995152
69.44733237
69.43058188
69.41785843
69.40487728
69.38767423
69.36859605
69.36179726
69.34475576
69.33152412
69.31581814
69.30203097
69.28240378
69.26970381
69.25785227
69.24116032
69.22535595
69.21172651
69.19336824
69.17899283
69.16207129
69.14750678
69.130946
69.11737528
69.10152092
69.08590997
69.06935808
69.05413795
69.03743553
69.02461065
69.00940241
68.99203157
68.975566
68.95824517
68.94124003
68.92462981
68.9075507
68.89568476
68.88061264
68.86145053
68.8446305
68.82804872
68.8111539
68.79353192
68.77518582
68.75970228
68.74150486
68.7262522
68.71084828
68.69724509
68.67466907
68.6596784
68.64177346
68.62289065
68.60875146
68.5976468
68.57739381
68.5615543
68.53990491
68.5237968
68.50413517
68.4837692
68.46796948
68.45729079
68.43785171
68.42323018
68.40287999
68.38754532
68.3685898
68.35336077
68.33383068
68.31811784
68.29861
68.28346569
68.26797127
68.25488363
68.22858979
68.21223437
68.1951085
68.17979547
68.15997578
68.14478366
68.12948188
68.11625395
68.09095213
68.07476776
68.05399046
68.0388414
68.02296152
68.00561984
67.98788653
67.97348004
67.945399
67.93328345
67.92228838
67.89713634
67.87773374
67.86825987
67.84360416
67.82953036
67.81294722
67.79514074
67.77495404
67.75904833
67.74344309
67.72351328
67.70539327
67.69305208
67.6688369
67.65190627
67.63324294
67.61607281
67.59529514
67.58195334
67.55942708
67.54823262
67.52857407
67.51295871
67.49288173
67.4772647
67.45723823
67.44152557
67.42560472
67.4120831
67.38556638
67.3691674
67.3519632
67.33647091
67.31652562
67.30149781
67.28443376
67.26950174
67.24541858
67.22919028
67.21090106
67.19548561
67.17561898
67.15998423
67.13994579
67.12456635
67.10492827
67.08923812
67.06997947
67.05461586
67.0320524
67.01523281
66.99897378
66.98352108
66.96281715
66.94707269
66.92623195
66.90991394
66.89149911
66.87534254
66.85683949
66.842485
66.82213629
66.80591071
66.7883149
66.76965251
66.75182469
66.73275761
66.71410005
66.69772039
66.67867397
66.66228879
66.64459754
66.62853406
66.60817332
66.59167434
66.57288178
66.55629291
66.53895568
66.52307471
66.50358021
66.48779993
66.46692092
66.45063348
66.43202302
66.41556702
66.39824793
66.38232677
66.36318894
66.34733744
66.32636194
66.30947197
66.2907056
66.27460171
66.25759387
66.24281101
66.22436725
66.20565934
66.18508052
66.17084816
66.15353683
66.1362683
66.11828058
66.09884345
66.08335749
66.06615749
66.04419641
66.02565535
66.00909178
65.99686249
65.97489161
65.95649494
65.93621961
65.91888966
65.89973562
65.88893701
65.86867455
65.85260022
65.83666127
65.81812085
65.79893248
65.78256719
65.76163747
65.74497481
65.72623974
65.71016607
65.69304883
65.67878715
65.65798322
65.63546689
65.61924734
65.6089346
65.584157
65.56896641
65.55550215
65.53892075
65.51952166
65.50394236
65.48498053
65.46725234
65.45011854
65.43471256
65.41096365
65.39470183
65.37629841
65.36061625
65.34014347
65.32541271
65.30788652
65.28741119
65.26933565
65.25582187
65.23513018
65.21881546
65.20029307
65.18341848
65.16478438
65.14847806
65.12954642
65.11338623
65.09620588
65.08078607
65.06051129
65.0442593
65.02621568
65.00987794
64.99116519
64.97474881
64.95594152
64.93954741
64.9236637
64.90919793
64.88628654
64.86953811
64.8512941
64.83610249
64.81913126
64.80126653
64.78274033
64.76732494
64.74683105
64.73037434
64.71139162
64.69492643
64.67673865
64.66044776
64.64178437
64.62545746
64.60679903
64.5922654
64.57490185
64.5577043
64.53956979
64.52371496
64.50848476
64.4898437
64.47024177
64.45531692
64.43340485
64.41700936
64.40044693
64.38528217
64.36386207
64.3472892
64.3304613
64.31481415
64.29412587
64.27807144
64.25920494
64.24592577
64.22915722
64.20969847
64.19367159
64.17602944
64.15655242
64.14145816
64.11999986
64.10351696
64.08665923
64.07224752
64.05269194
64.03795005
64.02017961
64.00253153
63.98169611
63.95958428
63.94654409
63.93255969
63.91188102
63.89477752
63.88164094
63.86440236
63.84526219
63.82744259
63.80920911
63.79425202
63.77496368
63.75997584
63.7384647
63.72521639
63.70883466
63.68787685
63.66934464
63.65370253
63.63530534
63.61952173
63.60205649
63.58677398
63.56476047
63.54800078
63.53343644
63.51298852
63.48925542
63.47696893
63.46313166
63.44512974
63.42969161
63.41585018
63.39330276
63.3780572
63.36110537
63.34419805
63.3234589
63.30724108
63.29067725
63.27501324
63.25702908
63.24267878
63.22021879
63.20407072
63.18590253
63.16993222
63.15152896
63.13568515
63.11655756
63.10011351
63.08446217
63.06991301
63.05096391
63.03651061
63.01428661
62.99794313
62.97987123
62.96356538
62.94507205
62.92943979
62.91139897
62.89538778
62.87725207
62.8612533
62.84288255
62.82653693
62.81042373
62.79519616
62.77480282
62.7592542
62.74053652
62.72680019
62.70681678
62.69090682
62.67381339
62.65483747
62.63645914
62.62074642
62.60510217
62.59035768
62.56631857
62.55171781
62.53831681
62.52190941
62.50262322
62.48528137
62.4678383
62.45120636
62.43352246
62.41556552
62.39699151
62.38132631
62.36285898
62.34730588
62.33184318
62.31563063
62.2956893
62.28224001
62.26188534
62.24352416
62.22703638
62.21184333
62.19422529
62.18045567
62.16015715
62.14748592
62.12450835
62.10926133
62.09145725
62.07688369
62.05490789
62.03915889
62.0212234
62.0050315
61.98725476
61.97319448
61.95585189
61.939253
61.92220786
61.90352004
61.88548518
61.87109528
61.85379286
61.8346896
61.81865527
61.80454044
61.7850068
61.77010909
61.75123868
61.7379596
61.71617999
61.70203633
61.68561848
61.66464116
61.64666552
61.6319096
61.61416707
61.59852308
61.58150597
61.5644363
61.54702509
61.53068916
61.51290488
61.49593166
61.48028608
61.46447119
61.44487896
61.4311408
61.40879346
61.39291337
61.37511364
61.35920932
61.3415034
61.32681123
61.30955426
61.29208876
61.27367126
61.25800556
61.2401075
61.22451068
61.20871006
61.19256641
61.17381328
61.15887947
61.13853128
61.12387479
61.10727131
61.08794304
61.06832842
61.05734807
61.04016729
61.02751373
61.0024422
60.98606532
60.96830364
60.95261467
60.93479666
60.92203329
60.90517483
60.88530404
60.86933883
60.8536342
60.83201245
60.81481679
60.79535766
60.78513183
60.76876425
60.74945147
60.73076761
60.71838577
60.70153611
60.68079651
60.66426623
60.64743597
60.63321267
60.62652855
60.59895137
60.58069143
60.56418679
60.54884186
60.52848461
60.5128652
60.49628801
60.48119379
60.46401526
60.44938193
60.42880856
60.41296983
60.39526419
60.38016695
60.36236602
60.34572833
60.3278792
60.3139581
60.29696466
60.2803614
60.26308168
60.24734758
60.2304893
60.21330947
60.19606082
60.17988694
60.16249305
60.14505695
60.12693039
60.11142089
60.09359646
60.07800389
60.06019672
60.04473916
60.0265317
60.01096476
59.99401837
59.97883006
59.95863641
59.94246029
59.92757502
59.91307469
59.89417602
59.87910384
59.86028326
59.84673887
59.82928939
59.81231488
59.79349127
59.7789291
59.75807653
59.74127371
59.72501054
59.70663206
59.69142967
59.67661592
59.65793208
59.64274903
59.62517668
59.60940788
59.59065792
59.57481378
59.56198232
59.54929722
59.52770334
59.51308012
59.49501747
59.48077345
59.45815177
59.44337954
59.42537269
59.40819903
59.39138042
59.37492032
59.3596082
59.34537177
59.32560022
59.31109814
59.29072798
59.27732282
59.26144493
59.24456018
59.22435431
59.20550535
59.18964455
59.17333788
59.16126697
59.14731162
59.12857533
59.11220765
59.09763285
59.07764874
59.05733479
59.04544932
59.02727734
59.01219165
58.98968124
58.97342644
58.959819
58.94528972
58.92520894
58.90954493
58.89415397
58.87972938
58.8586946
58.84316424
58.82689016
58.81238223
58.79279449
58.77748603
58.75867889
58.74368814
58.72933033
58.7150106
58.69790724
58.68128517
58.65991921
58.64434232
58.62598513
58.61113138
58.5942973
58.57700129
58.55928281
58.54679478
58.53071683
58.51285147
58.49634778
58.48033469
58.463126
58.44596378
58.42818117
58.41288489
58.39507852
58.37989822
58.36231112
58.34673439
58.33062797
58.31648346
58.29829908
58.28380589
58.26355404
58.24810777
58.23203914
58.21782669
58.19910398
58.18639231
58.16782438
58.14950412
58.13242549
58.11756334
58.10011365
58.0868349
58.06706382
58.0526112
58.03307041
58.01686217
57.99938126
57.98383184
57.96616664
57.95096735
57.93562147
57.92113266
57.90286928
57.88836805
57.87018402
57.8563788
57.83453356
57.81882248
57.80319474
57.78878299
57.77046561
57.75624852
57.73892845
57.72530989
57.70347102
57.68797012
57.67108731
57.65630055
57.63913633
57.62092617
57.60342044
57.5932145
57.57233952
57.55485003
57.54222475
57.52703784
57.51147756
57.49498892
57.4783381
57.46152544
57.44496326
57.42600634
57.41079357
57.39676357
57.37469739
57.35897219
57.34435181
57.32952647
57.30924308
57.29592231
57.27982826
57.26299146
57.24494527
57.22986601
57.2126158
57.19743637
57.17895088
57.16357106
57.14794307
57.1324781
57.11571826
57.10475907
57.08223451
57.06650588
57.04952359
57.03423162
57.01692415
57.00190502
56.98452385
56.96890089
56.95141888
56.9357267
56.91833237
56.90563351
56.88994719
56.8737431
56.85749168
56.83920814
56.82161868
56.80684963
56.79003586
56.77694343
56.75851167
56.74101968
56.72373638
56.70426815
56.69056224
56.67672195
56.66124435
56.64787158
56.62738102
56.61091159
56.59148212
56.57954444
56.5586485
56.54634357
56.52418137
56.50766174
56.49559837
56.47900875
56.46316025
56.44717388
56.42970379
56.41603695
56.3972292
56.38337202
56.36736352
56.35053129
56.33290993
56.31578414
56.29684642
56.28483474
56.267699
56.25219181
56.23899702
56.22523497
56.20488961
56.19064623
56.17212315
56.15854544
56.13900387
56.12356015
56.1063185
56.09271217
56.07832722
56.06064372
56.04147597
56.02659673
56.0096084
55.99461651
55.97744065
55.96245284
55.94538036
55.93088882
55.91287966
55.89875613
55.8827366
55.86688075
55.85181292
55.83546437
55.81658403
55.8025516
55.78622107
55.77001002
55.7526152
55.73752381
55.72108963
55.70628162
55.68775854
55.67324685
55.65578865
55.64078275
55.6237438
55.60923777
55.59282168
55.57598547
55.55868106
55.54360007
55.52658563
55.51244356
55.49561876
55.48043759
55.46223705
55.44720633
55.43249705
55.41845059
55.39894878
55.38382435
55.36647884
55.35119902
55.33394432
55.31894494
55.30186397
55.28713494
55.26979279
55.25559222
55.24215388
55.22835743
55.21043309
55.19651447
55.17727163
55.15955583
55.14191961
55.12847563
55.11278511
55.09536488
55.07858527
55.06494801
55.04654329
55.03265708
55.01561938
54.99640116
54.98148572
54.96709497
54.94967594
54.93469487
54.91738918
54.90232182
54.88554908
54.87093701
54.85318263
54.83802241
54.82298614
54.80906416
54.78987175
54.77486855
54.75756553
54.7427842
54.72619733
54.71158131
54.6944337
54.67965316
54.66272245
54.64756495
54.63087423
54.61623406
54.5991782
54.58444944
54.56739015
54.55282301
54.53608214
54.52079517
54.50400127
54.48893438
54.47186801
54.45711404
54.4401004
54.42534483
54.40817292
54.3943926
54.37838682
54.36359285
54.3476145
54.33172532
54.31558981
54.2984873
54.2813222
54.26705244
54.25025647
54.23481883
54.21760533
54.20446705
54.18857422
54.17357985
54.15785872
54.14375564
54.1254871
54.10858162
54.09194624
54.07827302
54.06257028
54.04379974
54.02965317
54.01883174
54.00049897
53.98308178
53.96504785
53.95100068
53.93247488
53.91751397
53.9024817
53.88871133
53.87060513
53.85714674
53.84158168
53.82863586
53.80654786
53.79167111
53.77439892
53.75923619
53.74378158
53.72974103
53.71044892
53.69504681
53.68058465
53.66620912
53.6482303
53.63322359
53.61648128
53.60181129
53.58531283
53.5707555
53.55413519
53.53969406
53.5228451
53.50809079
53.4913636
53.47663389
53.46000207
53.44554927
53.42885857
53.41406095
53.39892328
53.38484285
53.36667807
53.35245071
53.33372297
53.31877783
53.30476319
53.29135829
53.27432378
53.26109326
53.24150743
53.22761373
53.20982737
53.19532597
53.17763892
53.16284554
53.14607039
53.13138201
53.11480577
53.10002675
53.08298948
53.06880273
53.05452608
53.03895741
53.01922739
53.0066093
52.98968402
52.98000706
52.9584555
52.94642506
52.93181662
52.9147627
52.89918105
52.8824695
52.86584739
52.84774269
52.82953904
52.81878926
52.8021013
52.78759962
52.77116935
52.75670989
52.74042795
52.72601087
52.70880309
52.69421586
52.67746627
52.66287582
52.64638684
52.6317907
52.61741206
52.60409155
52.5843
52.56961339
52.55370795
52.53951244
52.52219576
52.50757696
52.4930627
52.47954238
52.46164015
52.44781276
52.42905832
52.41453338
52.40020908
52.38734914
52.36702403
52.35214507
52.3365184
52.32430623
52.30923843
52.29288738
52.27685487
52.26222341
52.24755477
52.23194776
52.21490544
52.20077396
52.18448791
52.17007831
52.14931578
52.1369426
52.12123723
52.10637167
52.08889111
52.07318871
52.06019313
52.04776083
52.02726152
52.01481487
51.99639645
51.98401887
51.96675549
51.95207108
51.93340434
51.92164013
51.90860231
51.89266886
51.87430686
51.86157643
51.84389567
51.82926215
51.81287965
51.79909478
51.78201782
51.76445892
51.75080657
51.74186765
51.72297818
51.70902254
51.69048188
51.67610027
51.66032977
51.6449543
51.62894309
51.61637382
51.60163608
51.58436172
51.56827109
51.55447427
51.54040016
51.52726338
51.50860194
51.49220081
51.47813966
51.46629277
51.45179478
51.43859857
51.4178769
51.40366202
51.38835688
51.37272344
51.35659504
51.34158988
51.32392771
51.3085048
51.29437115
51.28217712
51.26744935
51.24954231
51.23460004
51.22385107
51.20789232
51.19335049
51.17985019
51.16501365
51.15085452
51.14060569
51.12080231
51.11496262
51.09403021
51.06773223
51.06174047
51.05680767
51.05736921
50.98477391
50.98843425
50.9717851
50.97391555
50.90400685
50.92686191
50.90970754