90
90.00000037
90.00000393
90.00000224
90.00000165
89.99999846
89.99998272
89.99997797
89.99997304
89.99996909
89.99992408
89.99991979
89.99981953
89.99966228
89.99952359
89.99934838
89.99885382
89.99854355
89.99804999
89.99723815
89.99627446
89.99571912
89.99408239
89.99291245
89.99125979
89.98962503
89.98807142
89.98630323
89.98324737
89.98076963
89.97776418
89.97484863
89.9719312
89.96876044
89.96485755
89.96128922
89.95599091
89.95139395
89.94693635
89.94166533
89.93434893
89.93020498
89.92473225
89.91912345
89.9112101
89.90461378
89.89729972
89.89043191
89.88244845
89.87505854
89.86633457
89.85766854
89.8481832
89.83954798
89.82888332
89.82000074
89.80943458
89.8002116
89.78937801
89.77899637
89.76773653
89.75829229
89.74719555
89.73609156
89.72177974
89.71026119
89.69714365
89.68499366
89.67182869
89.65908877
89.64545913
89.6356766
89.62338189
89.6091706
89.59527108
89.57981871
89.56391363
89.55343075
89.53574561
89.51938299
89.5042924
89.49029705
89.47484893
89.46226617
89.44694283
89.43221373
89.41286297
89.39473084
89.38131321
89.3668557
89.34766496
89.33308788
89.31821594
89.29850634
89.27664877
89.26886001
89.24933552
89.23417609
89.21618173
89.2003858
89.17789831
89.16334791
89.14976967
89.130645
89.11253762
89.096922
89.07588824
89.0594178
89.04003007
89.02334284
89.00436829
88.98881968
88.97065444
88.95276795
88.93380337
88.91636463
88.89722742
88.88253324
88.865108
88.84520469
88.82633878
88.80649274
88.78700847
88.76797659
88.74840742
88.73481176
88.71754218
88.69558595
88.67631355
88.657314
88.6379558
88.61776412
88.5967428
88.57900138
88.55815039
88.54067343
88.52302346
88.50743653
88.48156763
88.46439069
88.44387436
88.42223724
88.4060363
88.39331228
88.37010517
88.35195529
88.32714765
88.30868984
88.28616015
88.26282285
88.24471892
88.2324828
88.21020775
88.19345313
88.17013361
88.15256153
88.13084032
88.11338924
88.09100941
88.07300368
88.05064896
88.03329441
88.01553901
88.00054134
87.97040884
87.95166602
87.93204046
87.91449194
87.89177873
87.8743686
87.85683311
87.84167394
87.81267702
87.79412936
87.77031773
87.75295652
87.73475784
87.71488314
87.69455989
87.67804903
87.64586503
87.63198026
87.61937965
87.59055222
87.56831549
87.55745782
87.52919907
87.51306907
87.4940629
87.47365426
87.45051745
87.43228721
87.41440158
87.39155844
87.37079015
87.35664515
87.32888989
87.30948403
87.2880924
87.26841165
87.24459631
87.22930371
87.20348329
87.19065206
87.16811863
87.15021969
87.12720646
87.10930528
87.08634952
87.06833836
87.05008881
87.03458916
87.00419256
86.98539425
86.96567301
86.94791374
86.92504978
86.9078228
86.88826166
86.87114415
86.84353573
86.82493191
86.8039656
86.78629339
86.76351822
86.74559433
86.72262187
86.70499047
86.68247668
86.66448872
86.64240956
86.6247957
86.59892707
86.57964366
86.56100297
86.54328632
86.51954894
86.50149753
86.47760288
86.45889359
86.43778016
86.4192556
86.39804059
86.38158206
86.35825036
86.33964621
86.31947079
86.29807211
86.27763034
86.25576725
86.23437372
86.21559177
86.19375195
86.1749634
86.1546772
86.1362572
86.11290939
86.09398971
86.07243983
86.05341669
86.0335354
86.0153238
85.9929682
85.97487174
85.95092793
85.93224962
85.91090707
85.89203503
85.87217315
85.85391411
85.83196596
85.81378646
85.78973025
85.77035939
85.74883641
85.7303668
85.71086037
85.69390559
85.67275182
85.65129476
85.62769166
85.61136768
85.59151195
85.57170515
85.55107333
85.5287787
85.51101609
85.49128701
85.46609665
85.44482883
85.42582946
85.41180146
85.38659885
85.36549586
85.34223772
85.32235791
85.30038561
85.287998
85.26475357
85.24631367
85.22802891
85.20675936
85.18474633
85.16597154
85.14196022
85.12284397
85.10135001
85.08290921
85.06327098
85.04690865
85.0230401
84.99720639
84.9785974
84.96676512
84.93833618
84.92090692
84.90545837
84.886433
84.8641744
84.8462983
84.82454082
84.80419868
84.78453844
84.76686041
84.73960888
84.72094841
84.69983026
84.68183457
84.65834126
84.64143705
84.62132475
84.59782758
84.5770844
84.56157583
84.53782958
84.51910626
84.49784919
84.47848276
84.45709695
84.43838238
84.41665458
84.39810738
84.37838905
84.36069113
84.33742069
84.31876717
84.29805715
84.27930468
84.25782605
84.23898279
84.2173952
84.19857717
84.1803448
84.16373986
84.13744005
84.11821433
84.09727174
84.07983271
84.06035064
84.0398426
84.0185751
84.00087836
83.97735119
83.95845846
83.93666559
83.91776267
83.89688213
83.87817891
83.85675171
83.83800667
83.81658455
83.79989801
83.7799622
83.76021659
83.73939497
83.72119048
83.70370304
83.68229904
83.6597915
83.6426539
83.61749302
83.5986663
83.57964772
83.56223373
83.53763651
83.51860502
83.49928059
83.48131169
83.45755347
83.43911657
83.41744988
83.40219964
83.38294192
83.36059434
83.34218788
83.32192582
83.29955638
83.28222017
83.25757449
83.23864293
83.21928078
83.20272779
83.18026617
83.16333341
83.14292167
83.12265023
83.09871741
83.0733179
83.0583386
83.0422746
83.01852031
82.99887289
82.98378229
82.96397893
82.9419909
82.9215195
82.90057262
82.88338928
82.86122982
82.84401075
82.81929697
82.80407587
82.78525464
82.7611756
82.73988306
82.72191081
82.70077273
82.68263733
82.66256967
82.64500956
82.6197148
82.60045685
82.58372119
82.56022399
82.53295184
82.51883289
82.5029318
82.48224457
82.46450341
82.44859696
82.4226852
82.4051645
82.3856827
82.36625166
82.34241655
82.32377735
82.30474028
82.28673684
82.26606681
82.24957301
82.22375796
82.20519735
82.18431458
82.16595778
82.14480418
82.12659227
82.10460538
82.08570284
82.0677114
82.05098661
82.02920376
82.01258865
81.98704043
81.96825177
81.94747593
81.92872996
81.90746888
81.88949701
81.86875577
81.85034758
81.82949653
81.81110198
81.78998013
81.77118618
81.75265938
81.73515032
81.71170139
81.69382276
81.67229988
81.65650465
81.63352573
81.61523055
81.59557429
81.57375302
81.5526186
81.53454915
81.5165583
81.49960165
81.47195557
81.45516371
81.43975152
81.42088143
81.39870017
81.3787547
81.35869262
81.33956322
81.31922355
81.29856918
81.27720493
81.25918611
81.2379439
81.2200535
81.20226694
81.18361741
81.16067845
81.14520713
81.12179187
81.10066937
81.08170177
81.0642233
81.04395491
81.02811347
81.0047607
80.99018248
80.96374678
80.94620456
80.92572016
80.90895231
80.88366741
80.86554667
80.84490976
80.82627861
80.80582379
80.78964494
80.76968883
80.75058827
80.73097395
80.70946868
80.68871477
80.6721551
80.65224336
80.63025883
80.61180584
80.59556161
80.57308077
80.55593469
80.53421636
80.51893298
80.49386589
80.47758696
80.45869
80.43454476
80.41385435
80.39686947
80.37644649
80.35843898
80.33885058
80.31920129
80.29915863
80.28035333
80.25988045
80.24034074
80.22232929
80.20412258
80.18156694
80.16575032
80.14002178
80.1217387
80.10124532
80.08293376
80.06254784
80.04563125
80.02576136
80.00565118
79.9844444
79.96640566
79.94579632
79.92783648
79.90964171
79.89105159
79.86945627
79.85225853
79.82882554
79.81194683
79.79282553
79.77056586
79.74797627
79.73533018
79.71554289
79.70096923
79.67209328
79.65323065
79.63277279
79.61470207
79.59417859
79.57947701
79.56005834
79.53716964
79.5187792
79.50068837
79.47578126
79.45597194
79.43355527
79.42177493
79.40291908
79.3806697
79.3591445
79.34487957
79.3254669
79.30157227
79.28252683
79.26313539
79.24674763
79.23904605
79.20727123
79.18623108
79.16721347
79.1495318
79.12607416
79.10807565
79.08897303
79.07157906
79.05178288
79.03491927
79.01121019
78.99295684
78.97255172
78.95515245
78.93463685
78.91546131
78.8948896
78.87884452
78.85925824
78.84012137
78.82020438
78.80206857
78.78263674
78.76283383
78.74295134
78.72430731
78.70425659
78.68415686
78.66326088
78.64538143
78.62483313
78.60685725
78.58632811
78.56850738
78.54751594
78.52956848
78.51003038
78.49251871
78.46923565
78.45058444
78.43342147
78.41670199
78.39491079
78.37753125
78.35582933
78.34021098
78.32008926
78.3005149
78.278808
78.26201493
78.23796721
78.21858914
78.19983342
78.1786377
78.16110457
78.14401958
78.12247084
78.1049594
78.08469194
78.06650397
78.04487727
78.02660186
78.01180133
77.99716932
77.97226095
77.95539257
77.93455662
77.91812501
77.89202911
77.87498768
77.85421432
77.83440192
77.81499875
77.79600884
77.77834317
77.76191809
77.73910674
77.72237474
77.69887196
77.68340508
77.66508491
77.64560253
77.62228776
77.60053785
77.58223569
77.56341896
77.54948965
77.53338558
77.5117642
77.49287581
77.47605613
77.45299329
77.42954937
77.41583232
77.39485991
77.37744852
77.35146796
77.33270732
77.3170017
77.30023173
77.2770539
77.25897359
77.24120809
77.2245576
77.20027696
77.18234972
77.16356344
77.14681578
77.12420376
77.10653137
77.08481938
77.06751299
77.0509373
77.03440514
77.01465923
76.99546826
76.97079998
76.95281508
76.93161969
76.91446906
76.89503169
76.8750605
76.85460127
76.84018124
76.82161565
76.80098566
76.78192796
76.76343629
76.74356363
76.72374408
76.70320786
76.68554253
76.6649781
76.64744624
76.62713442
76.60914391
76.5905414
76.57420461
76.55320151
76.5364613
76.51306935
76.49522766
76.47666688
76.46024988
76.43862284
76.42393882
76.40248955
76.38132598
76.36159657
76.34442722
76.32426836
76.30892745
76.28608608
76.26938866
76.24681235
76.22808579
76.20788863
76.18992269
76.16951196
76.15195011
76.13421868
76.11747696
76.09637365
76.07961698
76.05860455
76.04265165
76.01740769
75.99925182
75.98119193
75.96453698
75.9433683
75.92693774
75.90692089
75.89118152
75.86594137
75.84802586
75.82851311
75.81142259
75.79158383
75.77053537
75.75030095
75.73850383
75.71437418
75.69415763
75.67956333
75.66200769
75.64402017
75.62495911
75.60571008
75.58627351
75.56712625
75.54521037
75.52762291
75.51140222
75.48589018
75.46770904
75.45080507
75.43366374
75.4102115
75.39480921
75.37620025
75.3567318
75.33586452
75.3184277
75.29848033
75.2809271
75.25955036
75.2417649
75.22369204
75.20580733
75.18642512
75.17375073
75.14770098
75.12951007
75.10986906
75.09218259
75.0721647
75.0547933
75.03468947
75.01661879
74.99639759
74.97824626
74.95812593
74.94343654
74.92529126
74.90654677
74.88774707
74.86659625
74.84624808
74.82916232
74.80971092
74.79456431
74.77324008
74.75300282
74.73300647
74.71048174
74.69462403
74.67861052
74.66070236
74.64522911
74.62151997
74.60246312
74.57998097
74.56616709
74.54198724
74.52774821
74.50210173
74.48298493
74.46902469
74.44982585
74.43148471
74.41298335
74.39276488
74.37694782
74.35518049
74.33914247
74.32061416
74.30113214
74.28073662
74.26091403
74.2389939
74.22509039
74.20525555
74.18730544
74.17203188
74.15610116
74.13254975
74.11606132
74.09461842
74.07890012
74.05627745
74.03839833
74.01843738
74.00268486
73.98603076
73.96555741
73.94336529
73.92613794
73.90646856
73.88911019
73.86922288
73.85186862
73.83210036
73.81532037
73.79446673
73.77811211
73.7595617
73.74120053
73.72375163
73.70481924
73.68295483
73.66670416
73.64779195
73.62901775
73.60887224
73.59139401
73.57236038
73.55520968
73.53375602
73.51694807
73.49672709
73.47934597
73.45960999
73.44280748
73.4237923
73.40429013
73.38424537
73.3667757
73.34706629
73.3306841
73.31119373
73.29360687
73.2725219
73.25510894
73.23806815
73.22179479
73.19920102
73.18167824
73.16158186
73.14387839
73.1238867
73.10650773
73.08671667
73.06965049
73.0495562
73.03310172
73.01753041
73.00154374
72.98077363
72.96464479
72.94234612
72.92181646
72.90137866
72.88579892
72.8676155
72.84742713
72.82798088
72.81217612
72.79084607
72.77475234
72.75500592
72.73273172
72.71544421
72.69876474
72.67857491
72.66121054
72.64115149
72.62368656
72.60424482
72.58730726
72.56672682
72.54915319
72.53172322
72.51558451
72.49333606
72.47594338
72.45588433
72.43874848
72.41951915
72.40257434
72.38269453
72.36555845
72.34592938
72.32835561
72.30900423
72.29202998
72.27225454
72.25517701
72.23539701
72.21850638
72.19909512
72.18136918
72.16189583
72.14442462
72.12463466
72.1075259
72.08779652
72.0706854
72.05077184
72.03479111
72.01622947
71.99907283
71.98054235
71.96211496
71.94340169
71.92356663
71.90365873
71.88710867
71.86762842
71.84972314
71.82975782
71.81451903
71.79608522
71.77869316
71.76045793
71.74409919
71.72290857
71.70329879
71.68400204
71.66814104
71.6499256
71.6281512
71.61174059
71.59918697
71.57791949
71.55771372
71.53679227
71.5204956
71.49900302
71.48164584
71.46420571
71.44822936
71.42722253
71.41160785
71.3935487
71.37852803
71.35290013
71.3356389
71.31559794
71.29800427
71.28007176
71.26377986
71.24139392
71.22352166
71.20673981
71.19005821
71.16919525
71.15178071
71.13235204
71.11532788
71.09618175
71.07928798
71.05999994
71.04324059
71.0236866
71.00656332
70.98715021
70.97005499
70.9507521
70.93397794
70.91460624
70.89743136
70.8798617
70.8635188
70.84243516
70.82592144
70.80418374
70.7868364
70.770569
70.75500906
70.73523591
70.71987796
70.69714285
70.68101491
70.66036788
70.64353392
70.62300189
70.60582865
70.58635462
70.56930289
70.5500594
70.53290195
70.51312271
70.49665264
70.48007802
70.46200302
70.43909664
70.42444683
70.4047963
70.39356102
70.3685389
70.35457095
70.3376096
70.31780859
70.29971678
70.28031287
70.26101257
70.2399903
70.21885324
70.20637105
70.18699343
70.17015427
70.15107548
70.13428498
70.11537809
70.09863646
70.07865387
70.06171428
70.04226348
70.0253198
70.00617132
69.98922071
69.97252259
69.95705307
69.93406833
69.91701196
69.8985399
69.88205353
69.86194221
69.84496391
69.82810695
69.81240413
69.7916119
69.77555211
69.75376966
69.73689939
69.72026204
69.70532533
69.68171784
69.66443573
69.64628506
69.63210026
69.6145984
69.59560583
69.57698303
69.55998751
69.54294865
69.52481971
69.50502335
69.48860789
69.4696896
69.45295084
69.42883218
69.41445867
69.39621431
69.37894535
69.35863834
69.3403969
69.32529997
69.31085714
69.28704272
69.27258301
69.25118559
69.23680583
69.21674987
69.19968982
69.17800311
69.1643356
69.1491883
69.13067666
69.10934342
69.0945528
69.07401069
69.05700886
69.03797475
69.02195864
69.00211749
68.98171616
68.96585374
68.95546757
68.9335199
68.91730475
68.89576203
68.87905166
68.86072736
68.84286183
68.82425756
68.80965257
68.79252783
68.77245545
68.75375841
68.73772672
68.72137262
68.70610762
68.68442283
68.66536434
68.6490249
68.63525837
68.61841115
68.60307649
68.57899685
68.56247828
68.54469265
68.52652545
68.50778291
68.4903455
68.46982038
68.45189736
68.4354725
68.42130161
68.40418616
68.38337595
68.36601106
68.35351924
68.33497289
68.31807307
68.30238365
68.28514114
68.26868589
68.25677494
68.23375987
68.22697308
68.20264583
68.17208247
68.16511992
68.15938705
68.1600397
68.07566736
68.07992336
68.06057324
68.06304947
67.98180006
68.00836563
67.98842863