80
80.00000035
80.00000365
80.00000201
80.00000146
79.99999848
79.99998379
79.99997933
79.99997471
79.99997101
79.9999288
79.99992477
79.99983074
79.9996832
79.999553
79.99938858
79.99892458
79.99863336
79.99817028
79.99740839
79.99650406
79.99598294
79.99444686
79.99334909
79.9917982
79.9902643
79.98880643
79.9871472
79.98427939
79.98195389
79.97913318
79.97639685
79.97365857
79.97068275
79.96701982
79.96367098
79.95869892
79.95438503
79.9502019
79.94525568
79.93839023
79.93450157
79.92936615
79.92410304
79.91667759
79.91048787
79.90362473
79.89718026
79.88968895
79.88275456
79.87456835
79.86643649
79.8575358
79.84943282
79.83942547
79.83109035
79.82117542
79.81252086
79.80235496
79.79261314
79.78204722
79.77318502
79.76277215
79.75235248
79.73892267
79.72811398
79.71580484
79.70440363
79.69204998
79.68009521
79.66730554
79.65812589
79.64658889
79.63325343
79.62021053
79.60571051
79.59078567
79.58094887
79.56435369
79.54899953
79.53483901
79.52170625
79.50721024
79.49540302
79.48102413
79.46720287
79.44904482
79.4320303
79.4194397
79.40587333
79.38786549
79.37418692
79.36023168
79.34173701
79.32122677
79.31391814
79.29559721
79.28137227
79.26448717
79.24966501
79.2285638
79.2149104
79.20216924
79.18422358
79.16723253
79.15257964
79.13284265
79.11738768
79.09919527
79.0835369
79.06573224
79.05114232
79.03409709
79.01731348
78.99951825
78.98315481
78.96519766
78.95140956
78.93505884
78.91638288
78.89868038
78.88005821
78.86177551
78.84391736
78.82555505
78.81279788
78.79659339
78.77599131
78.75790759
78.74007991
78.72191572
78.70296949
78.68324483
78.66659779
78.64703304
78.6306342
78.61407303
78.59944768
78.57517465
78.55905742
78.53980683
78.51950467
78.50430329
78.49236435
78.47058914
78.45355917
78.43028226
78.41296341
78.391824
78.36992688
78.35294017
78.34145921
78.32055886
78.30483829
78.28295798
78.26647046
78.24608994
78.22971602
78.20871759
78.19182334
78.17084858
78.15456536
78.13790604
78.12383426
78.09556202
78.07797637
78.05956251
78.04309752
78.02178676
78.00545165
77.98899895
77.9747759
77.9475696
77.93016741
77.90782634
77.89153734
77.87446267
77.85581556
77.83674759
77.82125661
77.79106063
77.77803358
77.7662114
77.73916488
77.71830198
77.70811516
77.68160233
77.66646901
77.64863727
77.62948972
77.60778265
77.590679
77.57389873
77.55246738
77.53298266
77.51971194
77.49367222
77.4754659
77.45539661
77.43693254
77.41458951
77.4002424
77.37601832
77.36398044
77.34284032
77.32604816
77.30445799
77.28766383
77.26612774
77.24923052
77.23210965
77.21756868
77.1890522
77.17141669
77.15291541
77.1362548
77.11480536
77.09864418
77.08029328
77.06423498
77.03833488
77.0208823
77.00121347
76.98463496
76.96326935
76.94645484
76.92490431
76.90836428
76.88724412
76.87036973
76.84965745
76.83313412
76.80886715
76.79077773
76.7732913
76.75667179
76.73440445
76.71747102
76.69505627
76.67750581
76.65770017
76.64032314
76.62042234
76.60498346
76.58309728
76.56564586
76.54672057
76.52664791
76.5074729
76.48696471
76.46689703
76.44927921
76.42879308
76.41116918
76.39214055
76.37486252
76.35296222
76.3352156
76.31500192
76.29715841
76.27850998
76.26142779
76.24045871
76.22348469
76.20102605
76.18350635
76.16348777
76.14578654
76.1271569
76.11003078
76.08944454
76.0723932
76.04982986
76.03166124
76.0114741
75.99415092
75.97585529
75.95995303
75.94011256
75.91998771
75.89785013
75.88253975
75.86391702
75.84534025
75.82598975
75.80507983
75.78842056
75.76991704
75.74629156
75.72634507
75.70852613
75.69536979
75.67173322
75.65194167
75.63012901
75.61148483
75.59087823
75.57926067
75.55746121
75.54016766
75.52301968
75.50307262
75.48242842
75.46482126
75.44230322
75.42437594
75.40421889
75.38692515
75.36850855
75.35316416
75.33078069
75.30655448
75.28910344
75.27800753
75.25134783
75.23500341
75.22051644
75.20267535
75.18180238
75.16503926
75.14463648
75.12556097
75.10712499
75.09054793
75.06499362
75.04749546
75.02769281
75.01081819
74.9887885
74.97293748
74.95407835
74.93204542
74.9125949
74.89805294
74.8757868
74.85823061
74.83829866
74.82013968
74.80008723
74.78253958
74.76216668
74.7447761
74.72628758
74.70969353
74.68787462
74.67038476
74.65096674
74.63338432
74.61324589
74.59557856
74.57533816
74.55769463
74.54060033
74.52503193
74.50037393
74.48234858
74.46271356
74.44636351
74.42809807
74.40887083
74.3889316
74.37234027
74.35028285
74.33257048
74.31213925
74.29441752
74.27484173
74.25730737
74.23721935
74.21964597
74.19956295
74.18391957
74.16523011
74.14671912
74.12719949
74.1101335
74.09373979
74.07367452
74.05257485
74.03650939
74.01292266
73.99527395
73.97744545
73.96112129
73.93806347
73.92022325
73.90210848
73.88526453
73.86299376
73.84571123
73.8254013
73.8111061
73.79305445
73.77210659
73.75485312
73.73586046
73.71489247
73.69864253
73.6755412
73.65779607
73.63964736
73.62413187
73.60307826
73.58720703
73.56807505
73.54907467
73.52664259
73.50283603
73.48879628
73.47373987
73.45147576
73.43306092
73.4189171
73.40035643
73.37974823
73.36056166
73.34092947
73.32482477
73.3040564
73.28791838
73.26475628
73.25049103
73.23285177
73.21028499
73.19032985
73.17348656
73.15367646
73.13668051
73.11787373
73.10141712
73.07771212
73.0596646
73.04398097
73.02196114
72.99640364
72.98317252
72.96827137
72.94888517
72.93225983
72.91735388
72.89307212
72.87665372
72.85839768
72.84018937
72.81785424
72.80038817
72.78254939
72.76567938
72.74631064
72.73085534
72.70666578
72.68927402
72.66970644
72.65250587
72.63268478
72.61562018
72.59501859
72.57730716
72.56044949
72.54477876
72.52436882
72.50880108
72.48486337
72.46725936
72.44779353
72.43022975
72.4103096
72.39347123
72.37403828
72.3567914
72.33725586
72.32002202
72.30023302
72.28262522
72.26526776
72.24886403
72.22689545
72.21014565
72.18998181
72.17518407
72.15365638
72.13651678
72.11810214
72.09765936
72.07786019
72.0609325
72.04407851
72.02819358
72.00229494
71.98656461
71.97212678
71.95444979
71.93367109
71.91498698
71.89619373
71.87827425
71.85922122
71.83987366
71.81986118
71.80298259
71.78308471
71.76632665
71.74966591
71.732197
71.71071027
71.69621854
71.67428601
71.65450126
71.63673505
71.62036377
71.60137937
71.58654165
71.56466853
71.55101416
71.52625377
71.50982347
71.49063756
71.47493275
71.45125094
71.4342792
71.414951
71.39750154
71.37834411
71.3631916
71.34450161
71.32661297
71.30824329
71.28810292
71.26866625
71.25315771
71.23451006
71.21392134
71.19664007
71.18142741
71.16037433
71.14431746
71.12397878
71.10966637
71.08619185
71.07094734
71.05325137
71.0306408
71.01126553
70.99536045
70.97623598
70.95937345
70.94103068
70.92263105
70.90386317
70.88625412
70.8670837
70.84878729
70.83192196
70.81487393
70.79375387
70.77894412
70.75485354
70.73773455
70.71854606
70.70140065
70.682313
70.66647399
70.64786988
70.62904086
70.60918529
70.59229612
70.5730002
70.55618507
70.5391501
70.52174512
70.50152663
70.4854256
70.46348697
70.44768476
70.42978316
70.40894354
70.3877951
70.37595593
70.3574313
70.34378779
70.31675477
70.29909629
70.27994452
70.26302757
70.24381467
70.230052
70.21187355
70.19044679
70.17323119
70.15629627
70.13298065
70.11443742
70.09345343
70.08242612
70.06477562
70.04394878
70.02379996
70.01044723
69.99227613
69.96990983
69.95208278
69.93393201
69.91859276
69.91138407
69.88164262
69.86194924
69.84414894
69.82759921
69.80564344
69.78879739
69.77091811
69.75463816
69.73610999
69.72032675
69.69813661
69.68105292
69.66195544
69.64567128
69.62647067
69.60852447
69.58927158
69.57425536
69.55592505
69.53801547
69.51937597
69.50240355
69.48421835
69.46568605
69.44707939
69.42963189
69.41086814
69.39205867
69.37250419
69.35577273
69.33654387
69.31972245
69.30051182
69.2838358
69.26419291
69.24739856
69.22911587
69.21272962
69.19094305
69.17349075
69.15743109
69.14178655
69.12139646
69.10513459
69.08482836
69.07021462
69.05138731
69.03307229
69.01276203
68.99704957
68.97454954
68.95641889
68.93887054
68.91903945
68.90263531
68.88665047
68.86648945
68.85010585
68.83114386
68.8141277
68.79389444
68.7767967
68.76294997
68.74926101
68.72595811
68.71017725
68.69068463
68.67531265
68.65089958
68.63495731
68.61552399
68.59698974
68.57883848
68.56107395
68.54454831
68.52918335
68.50784441
68.49219253
68.4702071
68.45573887
68.43860168
68.42037752
68.39856862
68.37822385
68.36110422
68.34350329
68.33047415
68.31541085
68.29518692
68.27751949
68.26178718
68.24021558
68.21828773
68.20545784
68.18584187
68.16955697
68.14525724
68.12771035
68.11302103
68.09733637
68.07565865
68.05874872
68.04213336
68.02656102
68.00385255
67.98708628
67.96951681
67.953854
67.93270683
67.91617943
67.89587444
67.87968966
67.86418823
67.84872768
67.83026172
67.81231502
67.78924624
67.77242768
67.75260699
67.73656887
67.71839242
67.69971697
67.68058523
67.66710097
67.64974028
67.63044935
67.61262869
67.59533753
67.57675517
67.5582227
67.53902019
67.52250231
67.50327375
67.48688086
67.46788876
67.45106736
67.43367382
67.41839886
67.398761
67.38310912
67.36123807
67.34455659
67.32720287
67.31185363
67.29163329
67.27790456
67.25785085
67.23806441
67.21961889
67.20356702
67.18472032
67.17037819
67.14902388
67.13341371
67.11230762
67.09480078
67.0759192
67.05912367
67.0400427
67.02362513
67.00704911
66.99139856
66.97167072
66.95600644
66.9363639
66.92145119
66.89785334
66.88088155
66.86399964
66.84843114
66.82864343
66.81328492
66.7945742
66.77986199
66.75626918
66.73952313
66.72128413
66.70530938
66.68676597
66.66709217
66.64817932
66.63715284
66.6145995
66.59570373
66.58206307
66.56565466
66.5488427
66.53102752
66.51303685
66.49487109
66.47697584
66.45649304
66.44005569
66.42489598
66.40105283
66.38406114
66.36826316
66.35224349
66.33032597
66.31593179
66.29854083
66.28034692
66.26084593
66.24455091
66.2259098
66.20950622
66.18952975
66.17290936
66.15602057
66.13930776
66.12119559
66.10935188
66.08500939
66.06801098
66.0496576
66.03313079
66.01442557
65.99819337
65.97940813
65.96252288
65.94362827
65.9266679
65.90786777
65.89414239
65.87718798
65.85967379
65.84210822
65.82234601
65.80333387
65.78737008
65.76919607
65.75504428
65.73512085
65.7162131
65.69753066
65.67648617
65.66167056
65.64670951
65.62997845
65.61552243
65.59337201
65.57556822
65.55456444
65.54165918
65.51906967
65.50576729
65.48180819
65.46394915
65.45090755
65.4329723
65.41583831
65.3985549
65.37966742
65.36489166
65.34455759
65.3295757
65.31226768
65.29406889
65.27501683
65.25650023
65.2360244
65.22303705
65.20450932
65.18774224
65.17347537
65.15859487
65.13659605
65.12119483
65.1011659
65.08648422
65.06535362
65.04865388
65.03000979
65.0152966
64.99974136
64.98061903
64.9598915
64.94380124
64.92543019
64.90921781
64.89064354
64.87443526
64.85597245
64.84030065
64.82082446
64.80555026
64.78822544
64.77107748
64.75478162
64.73710045
64.71668108
64.7015046
64.68384257
64.66630957
64.64749607
64.63117366
64.6133988
64.59738254
64.577348
64.561652
64.54276887
64.52653793
64.50810797
64.4924175
64.47466091
64.4564497
64.43773192
64.42141894
64.40301454
64.38771709
64.36951748
64.35309554
64.33340731
64.31714791
64.30123611
64.28604108
64.26494454
64.24858311
64.22981878
64.2132889
64.19462254
64.17839582
64.15991706
64.14398259
64.12522094
64.10985786
64.09531938
64.08039327
64.06100113
64.04594252
64.02512354
64.0059564
63.98687518
63.97232961
63.95535329
63.93650529
63.91835027
63.90359504
63.88368147
63.86865664
63.85022182
63.82942735
63.81328841
63.79771717
63.77886897
63.76265861
63.74393275
63.72762873
63.70947934
63.69366778
63.67445572
63.65805066
63.64177973
63.62671436
63.60594564
63.58970993
63.57098534
63.55498954
63.53703968
63.52122245
63.50266555
63.48667
63.46834745
63.45194361
63.43388049
63.41803637
63.39957771
63.38363743
63.36517475
63.34940912
63.33129082
63.31474578
63.29656977
63.28026268
63.26179143
63.2458228
63.22740833
63.2114377
63.19285158
63.17793623
63.16061207
63.14459938
63.12730457
63.11010611
63.09264091
63.07412887
63.05554894
63.04010293
63.02192232
63.00521179
62.9865788
62.972357
62.95515345
62.93892225
62.92190425
62.90663761
62.88686175
62.86856128
62.85055305
62.83575128
62.81875238
62.79843231
62.78311785
62.77140287
62.75155624
62.73270056
62.7131771
62.69796953
62.67791331
62.66171628
62.6454419
62.63053357
62.61093106
62.59636034
62.57950869
62.56549254
62.54157844
62.52547164
62.50677115
62.49035439
62.47362152
62.45841958
62.43753147
62.4208551
62.40519629
62.38963113
62.37016447
62.35391564
62.33578751
62.31990307
62.30203875
62.28627611
62.26827958
62.25264254
62.23439811
62.2184217
62.2003089
62.18435887
62.1663491
62.15069875
62.13262497
62.11660095
62.10020866
62.08496105
62.06529047
62.04988361
62.02960306
62.01341865
61.99824184
61.98372517
61.96527782
61.95094977
61.92973925
61.91469292
61.89543075
61.87972599
61.86057122
61.84455008
61.82638258
61.81047495
61.79252267
61.77651661
61.75806475
61.74270003
61.72723785
61.71037615
61.68900742
61.67534115
61.65700989
61.64652898
61.62318692
61.6101569
61.59433457
61.57586339
61.55898671
61.54088613
61.52288231
61.50327237
61.48355533
61.47191177
61.45383616
61.43812853
61.42033183
61.40466973
61.38703352
61.37141715
61.35277778
61.3369769
61.31883368
61.30302914
61.28516805
61.26935717
61.25378184
61.23935259
61.21791357
61.20200432
61.18477467
61.16939723
61.1506387
61.13480254
61.11907959
61.10443324
61.08503995
61.07006077
61.04974406
61.03400906
61.01849136
61.00455993
60.98254129
60.96642244
60.94949352
60.93626358
60.91993993
60.902226
60.88485703
60.86900584
60.85311428
60.83620608
60.81774281
60.80243291
60.78478875
60.76917741
60.74668326
60.733278
60.71626263
60.70015701
60.68121812
60.66420568
60.6501259
60.63665625
60.61444647
60.60096116
60.58100569
60.56759506
60.54889081
60.53298065
60.51275571
60.50000947
60.48588323
60.46861951
60.44872445
60.43493102
60.4157739
60.3999184
60.38216774
60.36723161
60.34872841
60.32970289
60.3149102
60.30522454
60.28475711
60.26963561
60.24954596
60.23396277
60.21687456
60.20021426
60.18286509
60.16924542
60.15327604
60.13455795
60.11712246
60.10217248
60.08692194
60.07268703
60.05246559
60.0346933
60.01945658
60.00661918
59.99090902
59.9766094
59.95415505
59.93875149
59.92216644
59.9052256
59.88774833
59.87148816
59.85234872
59.83563577
59.82031988
59.8071058
59.791146
59.77174094
59.75554861
59.74390034
59.7266064
59.71084785
59.69621797
59.68013996
59.66479603
59.65368955
59.63222893
59.62590056
59.60321645
59.5747175
59.56822519
59.56287956
59.56348812
59.48481532
59.48878366
59.47074079
59.47304975
59.39728959
59.4220603
59.40347029