75
75.00000033
75.0000035
75.00000185
75.00000131
74.99999845
74.99998434
74.99998001
74.99997554
74.99997195
74.99993112
74.99992723
74.99983629
74.99969378
74.99956822
74.99940946
74.99896126
74.99868021
74.99823291
74.99749736
74.99662405
74.9961208
74.9946378
74.99357749
74.99207993
74.99059833
74.98919049
74.98758828
74.98481959
74.98257499
74.97985215
74.97721073
74.97456779
74.97169505
74.96815892
74.96492581
74.96012481
74.95595934
74.9519202
74.94714373
74.94051368
74.93675863
74.93179935
74.92671678
74.91954568
74.91356818
74.90694023
74.90071672
74.8934822
74.88678562
74.87888012
74.87102715
74.86243177
74.85460675
74.84494273
74.83689359
74.82731885
74.81896128
74.80914425
74.79973677
74.78953352
74.78097551
74.77092008
74.76085811
74.74788934
74.73745172
74.72556521
74.71455545
74.70262597
74.69108167
74.67873116
74.6698667
74.65872587
74.64584834
74.63325333
74.61925123
74.6048389
74.59533988
74.5793146
74.56448775
74.55081355
74.5381318
74.52413364
74.51273191
74.49884684
74.48550026
74.46796587
74.45153574
74.43937757
74.42627714
74.40888782
74.39567908
74.38220318
74.36434381
74.34453809
74.33748044
74.31978884
74.30605254
74.28974745
74.27543445
74.25505816
74.2418738
74.22957035
74.21224125
74.19583395
74.18168449
74.16262563
74.14770167
74.13013435
74.11501401
74.09782114
74.08373255
74.06727305
74.05106619
74.03388248
74.01808137
74.00074133
73.98742707
73.97163828
73.95360419
73.93651011
73.91852798
73.90087367
73.88362932
73.86589815
73.85357944
73.83793195
73.81803808
73.80057597
73.78336113
73.76582136
73.74752648
73.72847992
73.7124052
73.69351309
73.67767805
73.66168626
73.64756375
73.62412534
73.60856228
73.58997364
73.57036963
73.55569094
73.54416251
73.52313613
73.5066918
73.48421543
73.46749221
73.44707985
73.4259359
73.40953339
73.39844727
73.37826582
73.363086
73.34195837
73.32603802
73.3063586
73.29054797
73.27027195
73.25395895
73.23370586
73.21798291
73.20189678
73.18830921
73.16100993
73.14402946
73.12624928
73.11035096
73.08977368
73.0740008
73.05811437
73.04438088
73.01811116
73.00130804
72.9797361
72.96400786
72.94752103
72.92951598
72.91110454
72.89614697
72.86699088
72.85441237
72.84299726
72.8168823
72.79673789
72.78690189
72.76130229
72.74669023
72.72947272
72.71098478
72.69002551
72.67351111
72.65730895
72.63661606
72.61780267
72.60498922
72.57984682
72.56226794
72.54289027
72.5250626
72.50348963
72.48963705
72.46624797
72.45462502
72.43421365
72.41800039
72.39715454
72.38093941
72.36014588
72.34383132
72.32730079
72.31326125
72.28572822
72.26870093
72.25083773
72.2347518
72.21404224
72.19843853
72.18072066
72.16521638
72.14020988
72.12335947
72.10436931
72.08836288
72.06773456
72.05150034
72.03069358
72.01472443
71.99433324
71.97804134
71.95804404
71.94209115
71.91866199
71.90119714
71.88431448
71.86826886
71.84677048
71.83042186
71.80878125
71.79183696
71.77271541
71.75593864
71.7367253
71.72181979
71.70068977
71.68384133
71.66556998
71.64619097
71.6276786
71.60787917
71.58850505
71.5714962
71.55171819
71.53470353
71.51633274
71.49965209
71.478509
71.46137602
71.44186132
71.42463489
71.40663139
71.39014001
71.36989624
71.35350939
71.33182766
71.31491406
71.29558807
71.27849931
71.26051429
71.24398083
71.22410703
71.20764586
71.18586349
71.16832379
71.14883547
71.13211201
71.1144498
71.09909814
71.07994469
71.06051678
71.03914586
71.02436574
71.00638803
70.98845473
70.96977455
70.94958903
70.93350696
70.91564459
70.89283777
70.87358253
70.85638113
70.84368081
70.82086351
70.80175803
70.78070158
70.76270383
70.7428117
70.73159699
70.71055348
70.69385966
70.67730639
70.6580512
70.63812312
70.62112683
70.59939002
70.58208478
70.56262715
70.54593353
70.52815604
70.51334421
70.49173769
70.46835248
70.45150726
70.4407966
70.41506254
70.39928567
70.38530178
70.36808029
70.34793226
70.33175143
70.31205741
70.29364458
70.27584912
70.25984808
70.23518174
70.21829169
70.1991773
70.18288921
70.16162528
70.1463253
70.12812181
70.10685498
70.08808078
70.07404454
70.05255282
70.03560727
70.01636863
69.99884139
69.97948657
69.96254948
69.94288546
69.92610005
69.90825498
69.89223848
69.87117904
69.85429803
69.83555601
69.81858578
69.79914858
69.78209653
69.76256102
69.74553201
69.72903319
69.71400713
69.69020818
69.67281089
69.65386004
69.63807978
69.62045093
69.60189384
69.58264962
69.56663669
69.5453483
69.52825354
69.50853479
69.4914311
69.47253802
69.45561526
69.43622796
69.41926766
69.39988533
69.38478779
69.36675048
69.34888551
69.33004717
69.3135769
69.2977555
69.27839074
69.25802775
69.24252331
69.21976027
69.20272797
69.18552222
69.16976832
69.14751603
69.13029917
69.11281738
69.09656209
69.07506968
69.05839121
69.03879124
69.02499579
69.00757526
68.98735985
68.97070971
68.95238132
68.93214669
68.91646518
68.894172
68.87704771
68.859534
68.84456142
68.82424462
68.80892888
68.79046659
68.77213137
68.75048463
68.72751166
68.71396358
68.69943445
68.67795017
68.66018035
68.64653199
68.62862162
68.60873551
68.59022131
68.57127712
68.55573689
68.5356965
68.52012422
68.49777415
68.48400911
68.4669884
68.44521303
68.42595779
68.40970531
68.39059019
68.37419054
68.35604363
68.34016451
68.3172915
68.29987742
68.28474436
68.2634977
68.23883755
68.22607107
68.21169323
68.19298791
68.17694654
68.1625642
68.13913549
68.12329398
68.10567945
68.08811106
68.06656094
68.04970885
68.03249719
68.01622038
67.99753267
67.98262089
67.95928204
67.94250201
67.92362275
67.90702731
67.88790362
67.87143949
67.85156292
67.83447488
67.81821059
67.80309153
67.78340013
67.76838056
67.74528576
67.72830177
67.70952158
67.69257654
67.67335821
67.65711308
67.63836489
67.62172581
67.6028788
67.58625246
67.56716105
67.55017409
67.53342866
67.51760344
67.49640968
67.48025071
67.46079818
67.44652252
67.42575441
67.40921964
67.39145487
67.3717336
67.35263331
67.33630322
67.32004428
67.30472029
67.27973629
67.26456157
67.25063375
67.23358124
67.21353666
67.19551278
67.17738365
67.16009748
67.14171789
67.12305434
67.10374942
67.08746766
67.06827344
67.05210807
67.03603663
67.01918569
66.99845909
66.98448012
66.9633237
66.94423917
66.92710181
66.91131008
66.89299778
66.87868543
66.85758682
66.84441604
66.82053257
66.8046843
66.78617809
66.77102972
66.74818705
66.73181675
66.71317359
66.6963427
66.67786439
66.66324913
66.64522189
66.62796765
66.61024948
66.59082359
66.57207643
66.55711813
66.53913217
66.51927411
66.5026062
66.48793354
66.46762784
66.45214114
66.43252466
66.41872053
66.39607968
66.38137666
66.36430938
66.34250218
66.32381536
66.30847552
66.2900308
66.27376765
66.25607694
66.23833149
66.22023094
66.20324811
66.18475951
66.16711395
66.15084861
66.13440713
66.11403858
66.09975593
66.07652282
66.06001322
66.04150784
66.02497289
66.0065649
65.99129
65.97334853
65.9551902
65.93604199
65.91975463
65.90114629
65.88493043
65.86850262
65.85171807
65.83222037
65.81669348
65.79553716
65.78029851
65.76303545
65.74293924
65.72254528
65.71112855
65.69326494
65.68010838
65.65404017
65.6370121
65.61854409
65.60223117
65.5837044
65.57043327
65.55290412
65.53224272
65.51564218
65.49931243
65.47683
65.45894962
65.43871569
65.42808262
65.41106317
65.39098107
65.37155285
65.35867769
65.3411566
65.31959046
65.30240129
65.28490006
65.27010977
65.26315911
65.23448223
65.21549396
65.19833099
65.18237389
65.16120442
65.14496174
65.12772296
65.11202626
65.09416197
65.07894436
65.05754948
65.04107817
65.02266533
65.006965
64.98845289
64.97115032
64.95258793
64.93811038
64.92043766
64.90317064
64.8852
64.8688367
64.8513042
64.83343717
64.8154985
64.79867749
64.78058756
64.76245364
64.74360154
64.72747115
64.70893312
64.69271617
64.67419589
64.65811922
64.63918241
64.62299181
64.60536644
64.58956945
64.56856643
64.55174188
64.53625989
64.52117819
64.50152172
64.48584505
64.46626961
64.45218188
64.43403232
64.41637669
64.39679771
64.38165107
64.35996142
64.34248392
64.32556775
64.3064512
64.29063821
64.27522942
64.25579502
64.24000197
64.22172355
64.20532096
64.18581733
64.16933623
64.15598892
64.14279376
64.12033152
64.1051201
64.08633089
64.07151375
64.04798186
64.03261513
64.0138835
63.99601852
63.9785228
63.96139992
63.94547121
63.93066138
63.91009344
63.89500714
63.87381626
63.85987096
63.84335321
63.8257879
63.80476753
63.78515855
63.76865815
63.75169387
63.73913609
63.72461779
63.70512563
63.68809755
63.67293463
63.65214392
63.63100996
63.61864463
63.59973897
63.58404397
63.56062441
63.5437131
63.52955598
63.51443965
63.49354748
63.47725042
63.46123735
63.4462296
63.42434442
63.4081861
63.39125384
63.37615913
63.35577904
63.33985125
63.32028306
63.30468563
63.28974676
63.27484739
63.2570517
63.23975659
63.21752544
63.20131766
63.18221688
63.16676136
63.14924523
63.13124833
63.11281178
63.09981757
63.08308787
63.06449818
63.04732535
63.03066288
63.01275624
62.9948978
62.97639375
62.96047677
62.9419478
62.92615139
62.90785042
62.89164128
62.87488089
62.860162
62.84123911
62.82615721
62.80508265
62.78900878
62.7722872
62.75749716
62.73801351
62.72478508
62.70546224
62.68639703
62.66862389
62.65315726
62.63499776
62.62117872
62.60060321
62.58556245
62.56522634
62.5483583
62.53016572
62.51398316
62.49559862
62.47978033
62.46380944
62.44873035
62.4297229
62.41463073
62.39570564
62.38133772
62.35860199
62.34225036
62.32598539
62.3109859
62.29192146
62.27712442
62.25909778
62.24492355
62.22219351
62.20605996
62.18848809
62.17309772
62.15523275
62.13627892
62.11805824
62.1074354
62.08570765
62.06750364
62.05436246
62.03855492
62.02235868
62.00519603
61.98786445
61.9703643
61.9531248
61.93339259
61.91755763
61.90295364
61.87998459
61.8636159
61.8483972
61.83296504
61.81185136
61.7979852
61.7812322
61.76370587
61.74492051
61.72922354
61.71126662
61.69546521
61.67622217
61.66021203
61.64394345
61.62784447
61.61039752
61.59898891
61.57554067
61.55916688
61.54148795
61.52556857
61.50755091
61.49191544
61.47382087
61.45755655
61.43935681
61.42302027
61.40491167
61.39169124
61.37536061
61.35849087
61.34157175
61.3225369
61.30422459
61.2888485
61.2713436
61.25771293
61.23852326
61.22031194
61.20231775
61.18204863
61.1677789
61.15336916
61.13725469
61.12333154
61.10199762
61.08485021
61.06462085
61.05219155
61.03043512
61.01762339
60.99454821
60.97734804
60.96478764
60.94751432
60.93101268
60.9143673
60.89617704
60.88194678
60.86236351
60.84793488
60.83126611
60.81373954
60.79539126
60.77755881
60.75783958
60.74533217
60.72748918
60.71134185
60.69760235
60.68327202
60.66208655
60.64725487
60.62796668
60.61382805
60.59347911
60.5773972
60.55944299
60.54527427
60.5302947
60.51188014
60.49191987
60.47642532
60.45873444
60.44312242
60.42523604
60.40962811
60.39184921
60.37675798
60.35800343
60.34329525
60.32661251
60.31010014
60.29440836
60.27738271
60.25772039
60.24310667
60.22609961
60.20921688
60.19110124
60.17538436
60.158269
60.14284707
60.12355603
60.10844259
60.09026039
60.07463205
60.05688633
60.04177848
60.02468129
60.00714644
59.98912391
59.97341694
59.95569626
59.94096714
59.92344381
59.9076322
59.88867576
59.87302075
59.85770047
59.84307043
59.82275834
59.80700539
59.78893898
59.773024
59.75505203
59.73942904
59.72163785
59.70629634
59.68823294
59.67344169
59.65944437
59.64507395
59.62640382
59.61190596
59.59186229
59.57340906
59.55503863
59.54103493
59.5246911
59.50654542
59.48906696
59.47486165
59.45569028
59.44122554
59.42347796
59.40345884
59.38792174
59.37293118
59.35478598
59.3391803
59.32115302
59.30545731
59.28798509
59.27276355
59.25426852
59.23847579
59.22281218
59.20830924
59.1883159
59.17268645
59.15466112
59.13926271
59.12198329
59.10675693
59.08889325
59.07349535
59.05585743
59.04006665
59.0226786
59.0074267
58.98965806
58.97431371
58.95654134
58.94136523
58.92392448
58.90799827
58.8905021
58.87480505
58.85702484
58.84165369
58.82392827
58.80855531
58.79066482
58.77630778
58.75963211
58.74421889
58.72757163
58.71101718
58.69420604
58.67638733
58.65850333
58.6436359
58.62613638
58.61005196
58.5921172
58.57842837
58.56186954
58.54624673
58.52986663
58.51517233
58.49613789
58.4785236
58.46119065
58.44694399
58.43058265
58.41102477
58.39628477
58.38500932
58.36590733
58.34775922
58.32896843
58.31433164
58.2950282
58.27943919
58.26377579
58.24942719
58.23056069
58.2165371
58.20031831
58.18682863
58.16381275
58.14831098
58.13031304
58.11451311
58.09840899
58.08377831
58.06367524
58.04762564
58.03255544
58.01757543
57.99884061
57.98320274
57.96575626
57.95046917
57.93327668
57.9181069
57.90078729
57.88573848
57.86818045
57.85280516
57.8353739
57.8200241
57.8026921
57.78763079
57.7702373
57.75481651
57.73904133
57.72436782
57.70543789
57.69061119
57.67109442
57.65551956
57.64091439
57.62694457
57.60919214
57.59540393
57.57499254
57.56051315
57.54197688
57.52686402
57.50843117
57.49301393
57.47553127
57.46022335
57.4429479
57.42754537
57.4097893
57.39500398
57.38012492
57.36389921
57.3433365
57.33018579
57.31254609
57.30246061
57.27999922
57.26746086
57.25223559
57.23446151
57.21822181
57.20080443
57.18348022
57.16461065
57.14563799
57.13443404
57.11704096
57.10192648
57.08480187
57.0697313
57.05276119
57.0377347
57.01979947
57.00459553
56.98713777
56.97193039
56.95474417
56.93953077
56.92454404
56.91066013
56.89003142
56.87472353
56.85814519
56.84334908
56.82529973
56.81006233
56.79493388
56.78084137
56.76218145
56.74776878
56.72822047
56.71308064
56.69814991
56.68474549
56.66355982
56.6480508
56.63176239
56.61903304
56.60332708
56.58628348
56.56957184
56.55432057
56.53903051
56.52276229
56.50499792
56.49026762
56.47329145
56.45827118
56.43662872
56.42373109
56.40736004
56.39186434
56.37364273
56.35727462
56.34372811
56.33076868
56.30940018
56.29642573
56.27722624
56.26432371
56.24632815
56.23102087
56.21156231
56.19929909
56.18570818
56.16909875
56.14995771
56.13668711
56.11825612
56.10300164
56.0859239
56.07155401
56.05375229
56.0354481
56.02121628
56.0118979
55.99220657
55.97765849
55.95833068
55.94333848
55.92689836
55.91086999
55.89417888
55.88107583
55.86571222
55.8477042
55.83093016
55.81654735
55.80187542
55.78818061
55.76872642
55.75162851
55.73696999
55.72461975
55.70950578
55.69574885
55.67414668
55.65932776
55.64337221
55.62707439
55.61026054
55.59461762
55.57620475
55.56012628
55.54539185
55.53267947
55.51732562
55.49865733
55.48307982
55.47187385
55.4552366
55.44007647
55.42600215
55.41053473
55.39577352
55.38508887
55.36444331
55.3583553
55.33653278
55.3091163
55.30287053
55.29772795
55.2983134
55.22262916
55.22644661
55.20908916
55.21131039
55.1384284
55.16225795
55.14437427