% Model:              CMSL_AJB_O2_20210227_AdptLKR.mph
% Version:            COMSOL 5.5.0.359
% Date:               Feb 28 2021, 01:00
% Dimension:          1
% Nodes:              1208
% Expressions:        1
% Description:        Line graph
% cln1x                   Height
0                         80.75178224726947
0.07644537880878488       80.75178456813671
0.8127602615697924        80.75180682767225
1.5333611862234306        80.75182190921983
1.691313091440577         80.75182510999839
1.8429681349171005        80.75182538674026
2.5419370262270036        80.7518263856307
3.2174618005118987        80.7518363834125
3.274558342129012         80.7518329983284
3.404895743775228         80.7518323857785
3.955876995275162         80.75180325425269
4.140306653069729         80.75180373574098
4.689754130582742         80.75172143119933
4.9906938820326445        80.75158043166587
5.457047219396202         80.75146244280788
5.655585384957362         80.75130253876301
6.129825952080182         80.7508506656788
6.526795916652645         80.75056852568746
7.013540003992716         80.75011673625622
7.396171616410868         80.74936492908995
7.98464101751739          80.74847652265852
8.354363779026244         80.74796500475776
9.000420925930882         80.746444720927
9.443002490288109         80.74535793090084
9.998298162578806         80.74382082064018
10.467453214465024        80.74229801748136
10.997184887368007        80.7408539673217
11.423543391872272        80.73920714595381
11.99901420936078         80.73635594115964
12.474907543775771        80.73404501682448
12.9889728045693          80.73123957826795
13.468372678326318        80.72851716331756
14.0151494739913          80.72579493257317
14.464274135202345        80.72283259088896
15.011120710228454        80.71918644812955
15.462006218028478        80.71585133569121
15.996249183457735        80.71089593715749
16.45760037942813         80.70659585474739
16.991022358406894        80.70242890010678
17.387868124577608        80.69749640298826
17.97390812048758         80.69065050720243
18.459738787339063        80.68677585650394
19.015126087754936        80.68165753352136
19.456953417825503        80.67640917523791
19.99122301803868         80.66900214879476
20.457522880578153        80.6628281000162
20.991816970559114        80.65598284828063
21.456958540726703        80.64955414617698
21.992082734458506        80.64208120844084
22.465177304545932        80.63516304282616
22.99468565551541         80.62699549936994
23.45601706578134         80.61888069711142
23.991781244174263        80.60999945861437
24.45108715582711         80.60191358273924
24.987735683116284        80.59192664942555
25.45481915394157         80.58360887873985
25.989499946149294        80.57371405743
26.454353436130077        80.56507689151849
26.987305351910095        80.55493104787263
27.455936879918227        80.54520745270379
27.98371566160165         80.53466188027589
28.460673446828764        80.52581728374673
28.986459129118657        80.51542460004538
29.434175488268124        80.50502356542765
29.98234061628682         80.49161650744256
30.45698550812233         80.48082696758749
30.98872887234228         80.46853906656445
31.466293792747194        80.45715727918522
31.985726064324012        80.44482471559144
32.460581488074354        80.43288973683137
32.98845594957436         80.42012129290438
33.499963982363624        80.41095982696882
33.98755619883059         80.3994422108272
34.4508611474314          80.38612693501152
34.97375599796976         80.37310551597494
35.433523469263946        80.3586263892979
36.030909973715666        80.3437263603688
36.49141286615696         80.3339074980792
37.01697752822918         80.31733595420904
37.48871948917213         80.30200351876267
37.99714710422535         80.28786476169438
38.46562238389396         80.27475184373448
38.995657682003184        80.2602781406851
39.4594829601063          80.24848980486718
39.97535304896587         80.23413268410964
40.447898666307765        80.22033208643816
40.94794976231981         80.2021979599005
41.45269734102067         80.18520618119533
41.98986735275395         80.17263658393102
42.450082874653674        80.1590900473284
42.9890934352357          80.1411066122026
43.45798373806025         80.12744744408744
44.014493317146815        80.113513730958
44.41013465787515         80.09504081940287
45.039189791509386        80.0745593350926
45.419577315822835        80.06726481759293
45.9517836630215          80.04896874317964
46.430818837314405        80.03476391478343
46.98057737818172         80.01790288676997
47.43891133224773         80.00310135247996
47.98868472333177         79.98202598886965
48.483664945387005        79.96839274038496
48.96861828489892         79.95567091042217
49.44980538344299         79.93774757249786
49.99164740172577         79.92078043609816
50.44263051062799         79.90614739929605
50.993197390963616        79.88643584811166
51.45691129547126         79.87100142340357
51.991035510655394        79.85283290491671
52.45760323359596         79.83719522817617
52.99103794092318         79.81941406357909
53.46998176026338         79.80484426655563
53.98965312332709         79.78782156870572
54.46449569876623         79.77105939482978
54.98873717373891         79.75328724487372
55.46071529750509         79.73694497069468
55.97994557701398         79.7190105564906
56.5014107003019          79.70524287452544
56.98917752660276         79.68891317797653
57.45927018372345         79.67025970352799
57.96441676910541         79.6525796245762
58.45811119115052         79.6339799106936
58.97699945457083         79.61572029048256
59.461074000348844        79.59788395485027
59.98269371781589         79.57954444680868
60.52304041236175         79.56680697572831
60.99924531228811         79.550622928063
61.459346302326026        79.5300439182774
61.96819794805447         79.5119826075581
62.47341238404846         79.49417662003951
62.98622994912057         79.47603490859095
63.457682705356206        79.45711036773233
63.99105189502359         79.43740942600802
64.45768715615668         79.42078245688107
65.00329127792327         79.40124115966537
65.45890950807319         79.38486174801731
66.04322665172725         79.36832357538968
66.46288717513107         79.35371652349637
66.99105464832667         79.32946931031827
67.45631318986682         79.31337162655711
67.98378545437663         79.29414316425988
68.44829493470456         79.27386229669733
68.99859810087469         79.25868260260374
69.42946540451305         79.24676012487977
69.99352637339246         79.22500993869036
70.42626308437178         79.20799944499625
70.99151590523553         79.18474775057567
71.45771301639945         79.16744876593602
71.97241865834104         79.14633187328802
72.42126092465628         79.12445619966387
73.02958623085601         79.10749273736268
73.44704349161344         79.09602734113207
73.9993910656134          79.07515088689883
74.42935210695066         79.05944837138203
74.9882889069367          79.03759219285686
75.43677127134242         79.02112332202816
75.98666799450729         79.00076582945476
76.42782936332429         78.98441026748837
77.02135639867714         78.96343573560931
77.46056789808563         78.94655992155096
78.02338308213194         78.92560816703316
78.46075874005152         78.9093428166929
78.99498492127509         78.89270478826339
79.39112415035277         78.87864957558847
79.99273073616695         78.85040482400197
80.45086680501265         78.83283797591267
81.02224203457922         78.81444587146147
81.46065278567045         78.79799873306573
82.02085216524421         78.77671064822071
82.46052223059792         78.76039306258454
82.99366190831842         78.74396113312702
83.39156668705658         78.72975435946388
83.99137135937207         78.70257454552103
84.44276629072874         78.68519090571694
84.99105836031458         78.66287226067058
85.46060442619762         78.64660117595686
86.00955454147282         78.6295463588811
86.45267276390007         78.61091750563175
87.03934353718859         78.59187194728966
87.44926522137337         78.57639781418382
87.97237324519335         78.54622641676912
88.54438952961164         78.53321797659808
89.0270039971989          78.52141152202235
89.43604602990285         78.49438598498769
90.05287370054725         78.47354714154056
90.44075791480816         78.46337400937517
90.98361585740713         78.436885172966
91.45561317221859         78.42176879549282
91.9615635584542          78.40395598005762
92.43944086785154         78.3848273258157
92.97457731108403         78.36314117937825
93.45204878335767         78.34605499194795
93.98494554759816         78.32929327922994
94.43810425388483         78.30788048939372
94.97841903163771         78.28841706076916
95.39639384410799         78.2751613092556
95.99400128187733         78.24914535282223
96.44287873649739         78.23095598679615
97.02248489452461         78.2109073414668
97.4233900579751          78.19245952162592
98.05526000890058         78.17013963300849
98.46066129239352         78.1558071918346
99.01587840049876         78.13160555914898
99.43062801729718         78.11958168194602
99.98622496287459         78.09846195295816
100.42366595032638        78.08168588211312
101.02421174210622        78.06011687569612
101.46084539255543        78.04333862220082
102.02330385825758        78.02182261568053
102.46075987428901        78.00494098654748
102.99485024070498        77.98783905106123
103.3934355389132         77.9733127449075
103.99273229019082        77.94481952304068
104.45087309134544        77.92720018923139
105.02421174116279        77.90871793876799
105.46084539342212        77.89207271016154
106.02330385772586        77.870642980899
106.46075987478451        77.85449679886781
106.99393287741202        77.83616453696624
107.40918929553163        77.82012104065882
107.99418481503687        77.79424234832821
108.44575184396928        77.77680532442463
109.01961021913735        77.75715552624828
109.45545478936049        77.74059200195735
110.02161344345745        77.71924567171679
110.4621978411709         77.70244622183324
110.99139295335698        77.68091432981014
111.43340506813934        77.66438919455321
111.99138826141376        77.64328787046979
112.43374698520773        77.62642834285236
112.99217091170277        77.60573483367448
113.43013755660166        77.58922637918545
113.99105925744198        77.56497853861458
114.45772257328576        77.54690435900733
114.98838571323938        77.52943484662467
115.42840765913456        77.51282979943662
116.00746049229139        77.49058143929842
116.45185533674328        77.47366264098056
116.99726481429946        77.45126593964316
117.45598356572953        77.43373024276818
118.01019579787373        77.41394198481926
118.46057008740331        77.39657942289182
119.01227208302055        77.37669600448265
119.47612937348174        77.36127160489643
119.98891412817238        77.33940186934106
120.49045264078632        77.3219659589335
120.98912886755318        77.3030561549051
121.48652322026771        77.28299919407432
121.99489805281843        77.26384007478292
122.45772257328571        77.24334676707831
122.99105925744135        77.22329576699984
123.45772257328565        77.20569209894921
124.00748512454527        77.18522254340064
124.47607161348935        77.16761264634329
125.00567693365804        77.1485999631867
125.45998221559773        77.13133567680151
125.9910592574413         77.10945171300399
126.45772257328565        77.09171895094931
126.9910592574413         77.0715209973707
127.45772257328565        77.05369104500076
127.99030536194857        77.03505808834458
128.44570676630042        77.01798920580417
129.00359566118823        76.9970364351756
129.4534121257425         76.9800756585849
129.99105925744124        76.95763285026058
130.45772257328548        76.94012657693257
130.99105925744118        76.92012306618665
131.45772257328542        76.90243489206405
131.99039214618801        76.88382013197004
132.447089958908          76.86670678558635
133.00419098270714        76.84613614139457
133.45320743369268        76.82909747969762
133.99105925744118        76.806549341715
134.45772257328537        76.78839362421061
134.99105925744112        76.76822100747484
135.46522164713684        76.75091051216882
135.99073749441231        76.73262893933385
136.47410927773865        76.71673935993132
137.003622882777          76.69691294338708
137.46154853982273        76.67680097554543
137.9918567732954         76.6546775770323
138.4929752989221         76.6393800714317
138.99473745423546        76.62077013086379
139.4538146761625         76.60220589649396
139.95386387732805        76.58286840496594
140.46656081234835        76.56197133813194
141.003001476465          76.54532565623272
141.46185398637033        76.52683378435397
141.99105925744084        76.50322203596438
142.433384920952          76.48328669545886
142.98390762666043        76.46548216818589
143.42077785782863        76.45233662849789
143.98618879583415        76.42871413692743
144.44013027163578        76.40893387708171
145.0074783973099         76.38713507578476
145.46396865669317        76.36850194663761
146.0481212198714         76.34790980850002
146.47718696501317        76.33630280543765
146.98998992116333        76.31451539438089
147.47711543361504        76.29723339590254
147.98568980092773        76.28009731229703
148.44719763956607        76.26016108010897
149.00338368812606        76.23953009367453
149.45348500938383        76.22193340769894
149.9910592574406         76.19942793551058
150.45772257328497        76.18151130835817
150.99105925744055        76.16136634270491
151.45772257328497        76.14408306464009
151.9903054387746         76.12567839918657
152.44341216667215        76.11034427531976
152.97399827626413        76.08797200820737
153.4517395999476         76.06375596128471
154.07351456049605        76.04631912301151
154.46654445683254        76.03523244765326
154.98833881835577        76.00858377917808
155.46544857437812        75.9922493622998
155.96456428769648        75.97777315240683
156.43842820470445        75.95994190431406
156.99171105567615        75.93908070509272
157.45464434529367        75.92232713625533
158.00808025352183        75.90193558078563
158.46393085365105        75.8828691744819
158.98120587921227        75.8644445438511
159.40950158234313        75.84787644103626
159.9953750601752         75.82233374324227
160.4564808099567         75.8048447236751
161.00554060410195        75.78505303490405
161.45669490125243        75.7681875240989
161.99105925744027        75.74616800191544
162.45399018518253        75.73032611470184
162.9712311137667         75.71147676992753
163.44379740666716        75.68945226686344
163.9938815939754         75.67001285237933
164.4474124167793         75.65547975358574
164.99105925744027        75.63322353562353
165.4577225732845         75.61567597105912
165.99105925744016        75.59575376945321
166.4577225732845         75.5776031288523
166.99105925744016        75.55756035538658
167.45772257328446        75.5400210796447
167.99771248721186        75.51965763393041
168.46717196567005        75.5022752457917
169.00887885421923        75.48379646359032
169.46106783299285        75.46721047827157
169.99105925744004        75.44540047699297
170.45772257328434        75.42791853771733
170.99105925744004        75.40850960666754
171.4577225732843         75.39093492214589
171.99105925743999        75.37080528946518
172.4577225732843         75.3531454821227
172.99105925744004        75.33291356200768
173.45772257328417        75.31527719708738
174.03122583178572        75.29819288004148
174.4607388097162         75.28263175811189
174.9910592574402         75.25798141322521
175.45772257328395        75.23996319317438
175.99105925744067        75.2203363214005
176.47448715894006        75.20399365379242
176.98860683610928        75.18573609029104
177.44593867996826        75.16651525003712
177.9888905438661         75.14658441623864
178.4453295897589         75.13000003552246
178.99105925744556        75.10795010300626
179.4577225732869         75.09024436585415
179.99105925744846        75.06982050649975
180.45772257328952        75.05210518369887
180.99105925745158        75.03253692154975
181.45772257329259        75.0150089389014
181.99105925745414        74.99492812905973
182.45772257329554        74.97736107719126
182.99105925745573        74.95728497858669
183.46302576151322        74.94164836388647
183.9764598930695         74.92296550920214
184.4750327674921         74.9044608864924
184.98961512787236        74.88494749393816
185.4651441120498         74.86788733823273
185.9984698620296         74.851500928378
186.4631048655463         74.83144052300095
186.9917973327489         74.81034759638372
187.43600850353096        74.79428773076546
187.99105925745567        74.77070669090078
188.45772257329946        74.7530630601928
189.00838984652927        74.73524172315368
189.45227993333896        74.71892282693071
189.99105925745545        74.6958701433751
190.4577225732993         74.67803467928817
191.0115867829914         74.65992663902438
191.46180899975622        74.64308764716623
191.99105925745533        74.62082169285753
192.45772257329912        74.60354423801866
192.99105925745528        74.58323914170698
193.44700099454377        74.56894966023933
193.94364894125948        74.55090293617154
194.47100401505998        74.52995929293849
194.98968217794413        74.51271165825244
195.44115139780592        74.49372235092152
195.99207127962995        74.47275986757674
196.43781283168147        74.45651427902396
196.99105925745488        74.43341702191749
197.45772257329878        74.41567572630456
197.99446407745103        74.39753245965336
198.44731104626146        74.38202167199732
198.9859779688257         74.36097186081066
199.4666256207592         74.34510560191856
199.9700837088966         74.32597725379422
200.47902008678284        74.3069812396079
200.97605275799407        74.28455157778448
201.4895841536494         74.26074687323313
201.99105925745448        74.24671258902681
202.45867568399456        74.23166059373621
202.95700099290866        74.20939838283192
203.46417292875935        74.19098715615348
203.96624947013623        74.17684867717867
204.4516156497309         74.15829056149826
205.00794527596656        74.13768611644898
205.46200164815673        74.11850119883368
206.01248896032837        74.09887315920105
206.45626590927992        74.0827712989003
206.99060430399345        74.062006161415
207.43406960082638        74.04587123140304
207.9910592574539         74.02271086457733
208.447892207201          74.00844949556307
208.9438795819492         73.99081318195131
209.45772257329764        73.9682473113255
209.9910592574538         73.94829508226566
210.45772257329753        73.93145420681286
210.99105925745368        73.9116466889536
211.45772257329747        73.89465298814949
211.99105925745368        73.87584912052358
212.45772257329742        73.85939534124248
212.9632528388849         73.8356898332321
213.46088137311563        73.81764432400485
213.99105925745351        73.80196450562282
214.42231066866992        73.77994353019866
214.9909850166482         73.75438581523646
215.51155582076774        73.74115865132316
215.99265942463416        73.7262601599735
216.4577225732972         73.70687390799564
216.9865679625787         73.69025222453101
217.41935107964173        73.6753484068077
217.99046857204758        73.65106650496713
218.45079875281192        73.63464945546154
218.9777774542353         73.61639531532664
219.44265340149815        73.59818752773802
219.991059257453          73.57585228886639
220.45772257329685        73.55838663320453
221.01496010875155        73.54055009242042
221.45505326387877        73.52368023825149
222.03345849573827        73.50431365299997
222.46276088654417        73.4888594750236
222.99105925745272        73.46466814320064
223.45772257329656        73.44727672790245
223.99105925745266        73.42770958738423
224.45772257329645        73.4105093510263
224.99105925745255        73.39068837924596
225.4577225732964         73.37362405576754
225.9910592574525         73.35302177929852
226.45772257329634        73.335309660186
227.02336440600004        73.31845422371963
227.4546591042003         73.30278351721606
228.02251197131994        73.28237398017777
228.4547399398383         73.2668065659866
228.9910592574522         73.2428661245385
229.45772257329605        73.225261422776
229.99105925745215        73.20579507419221
230.45772257329594        73.18823047489921
230.99105925745204        73.16830939272802
231.45772257329588        73.1514705804078
231.99105925745198        73.13203687156413
232.4577225732957         73.1147890656693
232.99105925745192        73.09525252225365
233.45772257329565        73.07801754590415
233.9910592574518         73.05822709885696
234.4577225732956         73.04061753307971
234.9974074555343         73.02326051075282
235.43766135995128        73.0068554654482
236.01199700805358        72.98488466939274
236.4592353722133         72.96813339178816
237.00929284268585        72.94796796147037
237.47202384467852        72.93317036837838
237.9939420934283         72.9116390211982
238.45436517661375        72.89449782310338
238.9651077283189         72.87608142725824
239.45772257329526        72.85563495825804
239.99105925745135        72.8358335149235
240.45772257329514        72.81890367822061
240.99294687599627        72.8020496851667
241.4324283799067         72.78616344075178
241.99262298011558        72.76025792368648
242.4747744573756         72.74452664178024
242.98836463649786        72.73008916637872
243.47438469276665        72.71240974260493
243.98165764849432        72.69162697043453
244.46182300211086        72.6729394467867
244.97630314021956        72.65414346061843
245.4692694250262         72.63622108005707
245.99224363718412        72.61716513450276
246.4577225732947         72.59781288056868
246.9910592574508         72.57779690622796
247.46180157999743        72.56091547071598
247.9913594618289         72.54101359912514
248.45570697095985        72.52425231024364
248.97298907946043        72.50758997732008
249.42430534973084        72.49011728712381
249.9946918769271         72.4686262540269
250.44387092555377        72.45413301591154
250.9786997520049         72.43219432713393
251.45519099118206        72.41240375813274
252.0145895053069         72.39463509160298
252.4392189753837         72.37825964108576
253.0304734451194         72.3592726700812
253.43750032824164        72.34443169831921
253.98105226352862        72.32255331030856
254.3892581371278         72.30889673456096
255.0208399425647         72.28412930281662
255.45984561686288        72.26769475561196
256.01426794908036        72.24850498446474
256.4468072729809         72.23279668220046
256.99105925744993        72.20910671787499
257.4577225732937         72.19213075475876
257.9910592574498         72.17279745180845
258.45772257329367        72.15534314775424
258.99105925744976        72.13618059090199
259.4585808880951         72.12102515840027
259.9714129590841         72.10232973832633
260.45857231981216        72.08443601767003
260.9716090818108         72.06606131735964
261.4575577015956         72.04591354900124
261.9826835761355         72.02647112841372
262.4908140280381         72.01095936734656
262.99644904316625        71.9923057089735
263.45772257329327        71.97170824635714
263.99979064141326        71.95442331769492
264.43412043941134        71.9392062003663
265.0240396718987         71.91814663834151
265.454575855097          71.90208432481387
266.0198130263592         71.8817393800943
266.44574995121263        71.86742344833185
266.97913889320245        71.84393848064428
267.4612459913644         71.82869032836763
267.95689404330346        71.8109884195049
268.46214912426115        71.7883673491996
268.9920472986279         71.76898546345201
269.47794933283456        71.75307558169102
269.9934642826674         71.73394387172102
270.4739816458317         71.71707560231377
270.9859611045398         71.6987261673001
271.46928539052755        71.68031915853835
271.98770219302406        71.66154428414009
272.46720541803217        71.64392827676478
272.98830607714024        71.62475020290164
273.46460430096806        71.6064456129261
273.98937596095834        71.5895750857651
274.41941806726777        71.57251955584164
274.99075825615466        71.55139129272906
275.4258111724729         71.53657637415017
275.9915306070181         71.51247373711668
276.45772257329224        71.49534752617718
276.9910592574483         71.47615098770892
277.4577225732922         71.4589981765447
277.9910592574482         71.43990247405225
278.4610583858416         71.42405724718664
278.98010666417184        71.40544507330388
279.457722573292          71.38660693999992
279.99105925744806        71.36674230958393
280.4647938937066         71.34984557909944
280.9905504202415         71.33054067794734
281.47253981505463        71.31371789348306
281.99522034247263        71.29667618143328
282.4388457864437         71.27926238934208
282.9977811690259         71.25903468899445
283.44661478442447        71.24292620153938
283.99937025258373        71.22097579787322
284.4763659372411         71.20516650038009
284.9844434674851         71.18725623340129
285.4304424613059         71.16640364790237
286.0493244917489         71.14524564782647
286.44310990957894        71.13340200385997
287.07463431354967        71.11487071590324
287.4650703742021         71.10122109840002
287.9910592574473         71.07417009404838
288.4577225732912         71.05650202799636
288.9910592574473         71.03734020672904
289.4577225732911         71.02041442450508
289.9966710511189         71.00119114616662
290.4581459756832         70.98742289837418
290.95768295384295        70.9692345837289
291.45772257329094        70.94779399341837
292.00869750939194        70.93057084917474
292.4479931365202         70.91362599010614
293.0029759079294         70.89029581384314
293.43529195345303        70.87174060722941
293.9979358145842         70.85074471973142
294.45499909808956        70.83971425420788
294.96463319854547        70.82205385800421
295.4577225732906         70.80121340218744
295.9910592574467         70.78105225596377
296.4848415986596         70.7676941390037
296.9792025527129         70.74951185613759
297.4586411147657         70.72712917341512
298.02668634685006        70.70929250819047
298.4608835739945         70.69112933648962
299.0303906282406         70.67578458301796
299.35883617978624        70.66857474829126
299.9842771216024         70.63881126632552
300.4578936986619         70.61910397664715
301.0087384945772         70.60129396597095
301.45238161911163        70.58473362789779
301.99105925744624        70.5627627120133
302.45772257329           70.54590577031271
303.0040480719222         70.52801604073255
303.4565260077548         70.51172551229162
303.9979239795891         70.49318620958208
304.44060533042955        70.47739298854161
304.991059257446          70.45518702719377
305.4577225732898         70.43809192471905
305.9910592574459         70.41898177817224
306.4577225732897         70.40268706961945
306.9910592574458         70.38347348505894
307.4408088423372         70.36551421331278
307.9790944593595         70.34624834837311
308.4521856405023         70.33122298868389
308.96699296960446        70.31288007639283
309.47071683735925        70.29495821985684
309.98484663986574        70.27630561693505
310.47902221163355        70.25932172210936
310.9868070265863         70.24112376374693
311.46993506811333        70.22257766326112
311.9865458035148         70.20395780455708
312.4692323356454         70.18649762711296
312.9868055170839         70.16772030113859
313.4577225732892         70.14889605545514
313.9910592574453         70.12932724599374
314.45772257328906        70.11258345730319
314.9910592574453         70.09334045073564
315.45772257328895        70.07650647320342
315.99105925744516        70.0572815316023
316.45772257328895        70.0405930772275
316.99105925744504        70.02093504651167
317.45772257328883        70.00412787707373
318.0009116562678         69.98583197922342
318.4588644918367         69.96943334956876
319.00449973144976        69.94762843163265
319.4766655013185         69.93016197168879
320.0079042678617         69.91409157421411
320.45084971710116        69.89843493787113
320.99223324379284        69.87802847940927
321.44077913579906        69.86175368682683
322.00331080666535        69.84143123221914
322.4672152142314         69.826806905624
323.00690887768485        69.80796460221121
323.46007892098453        69.78963383528333
323.9959541102045         69.76930661978878
324.4571360174866         69.75358224338576
324.9803575170125         69.73106132042736
325.482501646512          69.71291559615925
325.9814232662693         69.69535275588542
326.47157611034595        69.67550343683605
326.999995050042          69.65908710283404
327.45912571218037        69.64308902588745
327.99105925744414        69.62291048015439
328.4577225732879         69.60651311713654
328.99105925744414        69.58753498998223
329.4577225732879         69.5705039409828
329.9910592574439         69.55025219033068
330.4577225732878         69.53313887074347
331.05333850886484        69.51928431990241
331.4573060403469         69.50558401821732
331.9870181967533         69.48225873467354
332.4198834826253         69.46646369128277
333.0311769609357         69.44695521415414
333.45198950045767        69.43156973039237
333.99105925744357        69.4071320501867
334.4723372471417         69.39117616496783
335.0055770635339         69.37172467918593
335.48446140085673        69.3531726594165
335.9913263919607         69.33500468878705
336.45772257328724        69.317222836107
336.98778661102426        69.30068366092215
337.4234049714215         69.28530467267281
338.0096142068319         69.26394575830764
338.45207146280075        69.24827970984863
338.99105925744334        69.22627194814132
339.4596408488402         69.2117915949268
339.96929497301653        69.1946385788888
340.46133390753585        69.17639712043226
340.95223093950926        69.15456505661992
341.47959471655577        69.13419990597588
341.9946787733917         69.11706409483773
342.5083359866695         69.09944599397646
342.99702217867457        69.08640676105269
343.4485840732167         69.07132939481966
343.96655951802074        69.05108468286123
344.46533037658287        69.03339959114206
344.9633002821947         69.01765293007799
345.41366165772183        68.99605681447193
345.9845343403092         68.97410685152354
346.4334669288729         68.96126580702222
347.00908091343683        68.94163078494275
347.4497909496889         68.92532936386931
347.9942221912702         68.90100204636646
348.4764824758065         68.88343681837435
349.0118031666832         68.86873497888182
349.4554819918566         68.85303438653726
349.99105925744254        68.83133293733457
350.45772257328633        68.8144050710605
350.9853641050586         68.79777398329654
351.4235578115067         68.78218560942773
351.99105925744243        68.75945191355473
352.4577225732862         68.74266782249543
352.99043790015673        68.72508069663594
353.4387778602012         68.7094016823943
353.9910592574423         68.68823109755435
354.457722573286          68.67168626312177
354.9880207349303         68.6513583743797
355.45547532505464        68.63515618888064
355.9771236623783         68.61963971081039
356.4338411566307         68.60416273761967
356.9748366531687         68.58567741947252
357.4299511681928         68.5677103687381
357.99105925744186        68.54461468525184
358.45772257328554        68.52777758556282
358.9763357280294         68.50793420058228
359.4598342149309         68.49187883774651
359.99153452517555        68.473682393738
360.4577225732854         68.45498503283603
360.99105925744163        68.43583166347577
361.4949515279427         68.42233452789722
361.99385611164075        68.4049543017883
362.4582392226023         68.38564013171475
362.9746451544254         68.36779963892447
363.4690464427531         68.350488706617
363.98829201850674        68.33188508787154
364.4577225732851         68.31333016238176
364.9910592574413         68.29410552815595
365.4577225732851         68.27756846249568
365.9910592574412         68.25831742856492
366.45772257328497        68.24190547467903
366.99105925744107        68.2228910115451
367.45772257328485        68.20604944441351
367.9888616641156         68.18863636494315
368.43223795045344        68.17334362871308
369.0159065640655         68.15368305933492
369.4551975251758         68.13801267250365
369.99502927809556        68.11611392399875
370.45626504833535        68.0994120551208
370.9964539798316         68.08203855949597
371.43391700985137        68.06667103543668
372.01744828586163        68.04642639564076
372.4766193873602         68.0326824015356
372.9922011700578         68.01260305179696
373.4431211701974         67.99279026011727
373.99987295483663        67.97432282208894
374.45463222134515        67.95825102198555
375.00470639668674        67.93938175021727
375.43260538587003        67.92502238202916
375.9920638680485         67.90364079257196
376.4447363033495         67.88801156005627
376.99138746544315        67.8668779008981
377.45772257328406        67.84934845557892
377.99105925744027        67.83044297563426
378.45772257328406        67.81362594115816
378.99105925744016        67.79452048947306
379.45772257328395        67.77808177160549
379.9935554320575         67.76148597389049
380.4350863636929         67.74581524746455
380.9928203511531         67.72606218238406
381.4290748150669         67.71037753949996
382.0167845895862         67.69071034667412
382.44533098677573        67.6757787346228
382.9910592574398         67.65214770175761
383.4577225732835         67.63515323335265
383.99696692987675        67.61825036333215
384.43765111043706        67.60266134693991
385.02544920580226        67.58284795423504
385.46102171364873        67.5674691209353
386.01773089666995        67.54873438840204
386.4462144373746         67.53400321643417
386.9910592574395         67.51037654373188
387.45772257328326        67.49360791070026
387.9910592574395         67.47534465511708
388.45772257328326        67.45934858793449
388.99105925743936        67.4407800935844
389.43974678311645        67.42107750019524
390.01005075167086        67.4021398159694
390.45305276523413        67.39110123997888
390.95840610166886        67.36851399275069
391.48230994664755        67.3495923995914
391.96792328608706        67.33593463406302
392.484753473889          67.31950435421783
392.9784838838407         67.30266951277896
393.48122303584137        67.284829485679
393.98012632180667        67.26681352002284
394.45120253292134        67.24862149882551
394.9517344793104         67.23070106308052
395.4577225732827         67.21018754684033
395.9856969630432         67.19372891212785
396.431104183602          67.17854827624886
396.98650438586776        67.15466893063801
397.45954995870056        67.13765260357546
398.0210422293195         67.12183426173844
398.4608475887601         67.10579161660732
398.99659286597546        67.08384123568118
399.47282285220774        67.06942748962105
399.99342745566696        67.05201193172017
400.45542570115026        67.03379072179222
400.99158663769606        67.01426115192147
401.45772257328224        66.99794241602282
401.99105925743834        66.97927421811019
402.4577225732821         66.96284668823436
402.99105925743834        66.94284005996003
403.457722573282          66.92619485794789
404.0209709349833         66.90928242528683
404.4568632700325         66.89254405924802
405.06223071113163        66.87440721670586
405.4561259021058         66.86254742309521
405.9910592574379         66.83816593387245
406.45772257328167        66.82114173311587
406.9910592574379         66.80276102695409
407.45772257328167        66.78620926634828
407.9910592574379         66.767475858209
408.45772257328156        66.75121923456948
408.99105925743777        66.73240547008727
409.45772257328156        66.71549422532075
409.99105925743777        66.69657073285352
410.45772257328144        66.67958420565785
410.99105925743766        66.66075518202919
411.494990641952          66.6470107237681
411.994046187762          66.63003033733874
412.4764221009774         66.61248895031967
412.9840888523345         66.59489635104957
413.4552285117287         66.57510171020076
413.9890955308707         66.55606006631382
414.45772257328144        66.54007165042353
414.9910592574372         66.52186953419519
415.4512035323081         66.50769705823635
415.95738008429487        66.4877408408063
416.48911318952116        66.46880311751733
416.9559897582109         66.45008990961594
417.43319929391964        66.42900926806902
417.9783523656099         66.41417246266028
418.44182908607877        66.39918786729717
418.98668918309295        66.38243177957378
419.4078077431692         66.36795281326062
420.01491353441713        66.3457662306503
420.44112385142716        66.32793236016134
421.03763277655275        66.30689509189467
421.434004901776          66.29396982566459
421.99618762903765        66.27134228223123
422.4577225732935         66.25802022953788
422.98797036034057        66.23401845603895
423.4986856615151         66.21613061863562
423.99120145630366        66.20306983613696
424.43106287470687        66.18510343227811
424.97216214586194        66.16794244408865
425.4499756834417         66.15062976096472
426.00051121723914        66.13171164864572
426.4588213605523         66.11691220187089
426.9721343995059         66.09654320847169
427.4605332436655         66.0815373380696
427.97963269519823        66.06420075478103
428.43195022803377        66.04597024843346
428.983750907992          66.02688639723043
429.4408724664461         66.00833731027753
429.9952584579994         65.98782658655031
430.46494785813206        65.97481902440886
430.9915957280506         65.95625946983853
431.4579158931439         65.93946335637314
431.9829480678993         65.92517475070251
432.40704806437475        65.91026896649346
432.9883850539354         65.88823191661398
433.4266347020923         65.87280435608011
434.0103865582016         65.85274126843497
434.4572261648053         65.83803509585563
434.9905767433388         65.81686661105192
435.458702733634          65.80013794041072
435.9859972493299         65.78146110520812
436.45078245306934        65.76672313736276
436.97630133460177        65.75114226623542
437.4615946974051         65.73198536861044
437.99105925744993        65.71122072309035
438.4577225732934         65.69510225904591
438.99105925744993        65.6766991837524
439.4577225732934         65.66045824840282
439.99105925744993        65.64185127758762
440.45772257329327        65.62561437454636
440.9910592574498         65.60711897208583
441.45772257329327        65.5914199270824
441.9931477094408         65.57190839593581
442.46557166363425        65.5566076682704
442.9713073530504         65.5392518913682
443.48021739393596        65.52207321455353
444.01196163234715        65.50574925461535
444.46295071686336        65.48803531399847
444.9901830886389         65.46757825160914
445.4583522396928         65.45237489720208
445.97873801601054        65.43468114179404
446.45772257329304        65.41711581915634
446.9910592574497         65.39826800481043
447.4440071966976         65.38191545983376
447.9958703380822         65.36410892441764
448.4395379118132         65.34806312676007
448.97491747029983        65.32799126592137
449.4560161927013         65.31226689692616
449.99541194157837        65.2933488640967
450.4676477385498         65.27708798907358
450.9919838360721         65.2586237867318
451.4762819686416         65.24290473363385
451.9929359850029         65.22511518490231
452.4577225732928         65.20686897461837
452.9910592574495         65.1881162705995
453.4577225732928         65.1717726339189
453.99105925744936        65.15333391033249
454.4577225732928         65.13800832626319
454.99105925744936        65.11977465328718
455.4577225732928         65.10332165618364
455.9705545001889         65.08359521230551
456.44152705683746        65.06730489943713
457.0172127602103         65.05136501942356
457.4612337644886         65.03614141945309
457.99105925744925        65.01500339269602
458.4577225732926         64.99861066424165
458.99105925744925        64.97981024132693
459.4577225732926         64.96324846220745
459.99105925744914        64.94454614193481
460.4577225732926         64.92828817126812
460.99105925744914        64.90977373458648
461.4577225732926         64.89380863894024
461.991059257449          64.87501031585718
462.45498487885175        64.85961753514421
462.98531758692366        64.84505298695329
463.4471077381529         64.83009839553952
463.9958965077352         64.81066841649914
464.4506931626938         64.79558097292558
464.9846106508503         64.77471996165904
465.4591747517733         64.75551387848928
465.9908082409962         64.73639465022676
466.45763768756535        64.72182124421596
466.97061977168664        64.70481176760173
467.4529163667679         64.68592522188584
467.9892242457008         64.66773468571262
468.45308229799593        64.65295096747829
468.99249897338746        64.63299697706312
469.48311749895356        64.61794334039138
469.98487496756013        64.59947107727358
470.4740958001712         64.57863278186842
470.9910592574487         64.56246255732748
471.457722573292          64.54686027930657
471.9910592574487         64.52797398808508
472.457722573292          64.51173084124282
472.99105925744857        64.49296698351064
473.457722573292          64.47662979712676
473.99105925744846        64.45844379929208
474.457722573292          64.44260033599265
474.99105925744857        64.4233486099376
475.457722573292          64.40690972610707
476.0123217841858         64.3906071630685
476.45671961248433        64.37551127607034
476.9944201730825         64.35469893876596
477.46263751494007        64.33842984690061
477.99105925744857        64.31966638643202
478.4577225732918         64.30363764716476
478.99687793717953        64.28565097556657
479.45716980558007        64.26980105582237
479.99105925744846        64.25120565359653
480.4577225732918         64.2351768991755
480.99105925744834        64.21681625414863
481.4577225732919         64.2003779417548
481.99105925744834        64.18227733906815
482.4577225732918         64.16640022430147
482.99105925744834        64.14790284458248
483.4577225732918         64.13192919386708
483.99105925744834        64.11342761758019
484.4577225732917         64.09762894841455
484.99105925744834        64.07947254111639
485.4577225732917         64.0628921863885
485.9910592574482         64.04467784588556
486.4577225732917         64.02833596676528
486.9910592574482         64.00982543781309
487.4577225732917         63.99382288309033
487.9910592574482         63.9753691083683
488.4577225732917         63.95936451231856
488.9910592574482         63.940738387066446
489.46144892169104        63.92579179903463
489.9780721937566         63.908430563802824
490.4876783722236         63.89238415088264
490.9942777863696         63.87505206574006
491.4823244265332         63.857816186769256
491.9937025445246         63.84031330691155
492.45772257329145        63.82175982950277
492.991059257448          63.803139625115264
493.45772257329145        63.78766037589658
493.9910592574479         63.76944033757267
494.45772257329145        63.75269300772417
494.9987126098729         63.734019250492764
495.48126206609527        63.719767428608485
496.00308000833616        63.70252642600539
496.47824939247255        63.686259628152726
497.0083874643361         63.669204798343046
497.45873403029816        63.65390490151065
497.9716619153571         63.63408427769544
498.4607039710685         63.61574267306561
498.9814094217264         63.59769435874246
499.4667573387568         63.58286064408245
499.9681441425232         63.5658239401872
500.4577225732912         63.54545654230516
501.00078831845565        63.530110191688564
501.45239774033007        63.51837102401741
502.00763660773055        63.498479515121616
502.46134217384963        63.47957994768153
503.01144574127807        63.46001252923267
503.4609830196056         63.444770894091235
503.99105925744766        63.4246685466014
504.4577225732911         63.4084346139403
504.99021170544734        63.39212461779758
505.4312813211973         63.377182672571976
505.99018003405706        63.35753559079449
506.4302932624039         63.34293207097738
507.04416159733           63.32604435577409
507.45405137617115        63.31199665060582
507.99105925744755        63.28802546741516
508.45772257329077        63.27188191421493
508.9969164934639         63.253138412977364
509.4661551879208         63.23668374788183
509.9993867760834         63.21991337351743
510.45829763851543        63.204677017545706
510.9806417274251         63.18373920832551
511.46148106531996        63.16702416846492
511.9902689465622         63.15133045793914
512.4467872645657         63.13572936266552
512.9910592574472         63.11621723275332
513.4577225732907         63.09993049314294
513.9910592574472         63.081760325664206
514.4577225732905         63.06583891287265
514.9910592574472         63.047933220128925
515.4577225732905         63.03213391745719
515.9910592574471         63.01409551117509
516.4577225732905         62.99842209480336
516.9910592574471         62.980134894236635
517.4577225732907         62.96412096990699
517.991059257447          62.94596567337063
518.4577225732908         62.929978063460176
518.9910592574468         62.9119259679827
519.4577225732912         62.89623882751041
519.9910592574462         62.8781223521217
520.4577225732921         62.86206017567788
520.9956348543578         62.845630210010256
521.4437325956216         62.83034649889157
521.99176886079           62.810628829717
522.4494855150317         62.79518556570786
522.9910592574354         62.774855522888906
523.4577225733119         62.75863206642406
524.0311494115952         62.74342106312144
524.4622917347563         62.72886970826706
524.9925515436234         62.7103784059587
525.4196617199929         62.69601622946947
525.9887840144338         62.67475396766014
526.4426016151193         62.659671794539264
526.9892434113901         62.640362809432936
527.4456965688737         62.6246201513551
527.991059257063          62.60541872638589
528.4577225740385         62.58935876292207
528.9910592567771         62.57114714910623
529.4577225747737         62.55520088219455
529.9910592563687         62.53720504473908
530.457722576392          62.52115988009651
530.9910592559526         62.50266273280972
531.4577225803705         62.48726046885194
531.9984203774009         62.47176195204447
532.4111727582616         62.45485763224618
533.0338876746773         62.43343640370295
533.4364504774302         62.41973666296088
534.0701004673995         62.401362219314606
534.4685379573033         62.390857532544224
534.9887058904123         62.367454999645055
535.4540477904868         62.35439459258253
535.9516761181507         62.33853369764539
536.4583759440968         62.32001613888134
536.9676175214072         62.30309801169213
537.4577244228374         62.28495148236384
537.9910598664987         62.26690302798665
538.4196476755858         62.24724166242679
538.9854066497752         62.22747584201339
539.4577285366526         62.21580539077284
539.991060897198          62.197684654018815
540.4577313063279         62.181937802325194
540.9910614719724         62.164096729259384
541.45773406881           62.1483954527084
541.9910620125181         62.13071531744465
542.4577367051224         62.11505989078287
542.9910625427842         62.096373305164235
543.457739312311          62.0805326692268
543.9910630701147         62.06234362166543
544.457741839117          62.04649913571374
544.9910635420827         62.02859293755143
545.4577440573742         62.01274184359816
545.989767116746          61.99712860503349
546.4305201374336         61.98266326247458
546.9910643764684         61.96116851633427
547.4577484054481         61.94521873035955
548.0023922292677         61.927945749307945
548.4599249542327         61.91252918592924
548.9910658955234         61.893722342592476
549.4577563480341         61.877845488055556
549.9919366573951         61.86208371592372
550.4356561807231         61.84740012795617
550.9903303054085         61.827956947982315
551.438851318575          61.812939577341254
551.9961878650195         61.79256973403215
552.456495205387          61.77679401831682
553.0423324488709         61.76123850563802
553.469073818188          61.74727173296097
554.0087399154105         61.72519441389501
554.4795775399766         61.70903383470281
554.9910685328197         61.69206121362032
555.4529513396915         61.67879837327315
555.9582965890979         61.662432742504244
556.4767285144405         61.64467264073706
556.9899068596818         61.6272585331194
557.474603929211          61.611366187173026
557.9851343413543         61.595433999129725
558.4413800050716         61.578480967191574
558.9897334737741         61.55996975441412
559.4390115966843         61.544619609361035
560.0151426835221         61.526930331687474
560.4444382031877         61.51127782756002
561.0034667304111         61.48872309970573
561.4633524678923         61.47528356928741
561.9917328171359         61.45822377122014
562.4578094394791         61.44207560580028
562.9910768523647         61.42308597644906
563.4467217046349         61.406027576777184
564.0453614615795         61.391913823346016
564.4506636167316         61.378408802947106
565.0036333204607         61.356139117929224
565.4257578266034         61.342618595320275
566.0098826621257         61.32261028703674
566.4448772143933         61.30916475121726
567.0121429089144         61.290410926198064
567.4416161670313         61.27445798290431
567.9836508918469         61.25417814278558
568.4756980633715         61.24139952102204
569.0123968663258         61.22723744396489
569.4632119275623         61.20992666167535
570.0055476913071         61.18997802933486
570.4455594101527         61.176148297024504
570.9909476198893         61.15693945121355
571.4545469750566         61.14104139751342
571.9970045256962         61.12324323020541
572.457497945152          61.10826724119295
572.9868486833246         61.089713620406386
573.4501166369712         61.070635039713075
574.005266511833          61.05580504525907
574.4064999724906         61.046095365873185
574.9788234787009         61.025572235016845
575.4319620593694         61.01041023959182
575.98494969788           60.990265411382985
576.457795492538          60.97464035264407
576.9835683502274         60.957506078725146
577.4584842524241         60.94080025078134
577.9832401999163         60.923404051877355
578.479364770782          60.909748826037934
578.9788398000652         60.89373644975024
579.4572477627056         60.87496609704249
579.9805126381489         60.85748327966269
580.4500438865483         60.84249286613182
580.9691444885541         60.82720197792349
581.4303123808617         60.81292900563529
581.9765240954404         60.792651258161484
582.4581063196042         60.77482931482382
583.0155245033968         60.759552603290636
583.4670027994371         60.74668102442813
583.9738356593684         60.73092887648238
584.3979218590408         60.7165904341125
584.9760088976125         60.69407278349269
585.4569913065037         60.678627397776815
585.9700095300987         60.66199700535154
586.4564919980884         60.64500933489968
586.983344936607          60.627484077276534
587.4580066666514         60.61117895203434
587.9798510402017         60.591985843763545
588.4718567742776         60.57522651023207
588.9868070622176         60.55986911233967
589.4555148372322         60.54661960290991
589.963476451297          60.530616011885186
590.4573921978158         60.51115556443482
591.0226538964513         60.494919924615125
591.4725609571437         60.483240974037294
591.9837448047282         60.465898868806896
592.4857333386318         60.45009658752958
592.9688109239257         60.43542678115307
593.3987814543907         60.41930318960156
593.8978544789409         60.403917447672725
594.3913505793045         60.392782768051546
594.7513375917949         60.37125732300929
595.044785577671          60.364913014210586
595.5244451849285         60.34216260832314
595.864499952195          60.31357606492354
596.6434387703108         60.30707503844197
596.7031293030346         60.30171297295888
596.7408948606328         60.302324091411464
597.5202287523113         60.22340717853292
598.1918919646375         60.227399110138904
598.3360141741744         60.20929941571045
598.4713862626388         60.211617613330105
599.1240553110965         60.13561791841618
599.7263648476633         60.16047564164658
600                       60.141828150386914
