95
95.00000039
95.00000407
95.00000238
95.00000179
94.99999849
94.99998222
94.99997733
94.99997225
94.99996821
94.99992194
94.9999175
94.99981432
94.99965246
94.99950945
94.99932906
94.99882004
94.99850044
94.99799236
94.99715636
94.99616412
94.99559233
94.99390683
94.9927024
94.99100076
94.98931793
94.98771873
94.98589847
94.982752
94.98020017
94.97710503
94.97410238
94.97109733
94.96783175
94.96381212
94.96013732
94.95468174
94.94994841
94.94535841
94.93993161
94.93239926
94.92813269
94.92249841
94.91672411
94.90857764
94.90178683
94.8942572
94.8871869
94.87896806
94.87136021
94.86237891
94.85345725
94.84369204
94.83480202
94.8238226
94.81467784
94.80379978
94.79430452
94.78315107
94.77246287
94.7608705
94.75114734
94.73972284
94.72829089
94.71355635
94.70169754
94.68819249
94.67568357
94.66212965
94.64901335
94.63498104
94.62490945
94.61225144
94.59762025
94.58331001
94.56740106
94.55102599
94.54023333
94.52202564
94.50517952
94.48964297
94.47523406
94.45932942
94.44637482
94.43059864
94.41543426
94.39551167
94.37684368
94.36302948
94.34814471
94.32838681
94.31337892
94.29806741
94.27777532
94.25527175
94.24725277
94.22715127
94.21154379
94.19301762
94.17675482
94.15360272
94.13862225
94.12464265
94.10495271
94.08631012
94.07023292
94.04857742
94.03162013
94.01165929
93.99447879
93.97494334
93.95893509
93.94023285
93.92181759
93.90229236
93.88433806
93.86463508
93.84950647
93.83156605
93.81107428
93.79165057
93.77121773
93.75115736
93.73156275
93.71141494
93.69741728
93.67963704
93.65703154
93.63718923
93.61762781
93.59769714
93.57690832
93.5552653
93.53699917
93.5155315
93.49753763
93.47936564
93.46331768
93.43668363
93.41899862
93.39787542
93.37559825
93.35891808
93.34581768
93.32192405
93.30323724
93.27769569
93.2586918
93.23549555
93.21146776
93.19282821
93.18023008
93.15729595
93.14004558
93.11603603
93.09794397
93.07558
93.0576125
93.03457039
93.01603179
92.99301546
92.97514728
92.95686639
92.94142482
92.91040039
92.89110277
92.87089627
92.85282826
92.82944265
92.81151709
92.79346249
92.77785451
92.74799902
92.72890219
92.70438548
92.6865102
92.66777263
92.64730935
92.62638426
92.60938441
92.57624716
92.5619512
92.54897741
92.51929603
92.49640067
92.4852214
92.4561255
92.43951768
92.41994844
92.39893516
92.37511285
92.35634245
92.33792688
92.31440682
92.29302314
92.27845897
92.24988117
92.22990016
92.20787453
92.18761043
92.1630892
92.14734329
92.12075747
92.10754588
92.08434444
92.06591486
92.04221935
92.0237874
92.00015098
91.98160574
91.96281506
91.94685578
91.91555772
91.8962019
91.87589577
91.85760975
91.8340676
91.81632962
91.79618825
91.77856292
91.75013542
91.73097964
91.70939126
91.69119469
91.66774371
91.64928794
91.62563374
91.60747909
91.58429713
91.56577527
91.54304077
91.52490405
91.49826751
91.47841164
91.45921756
91.44097489
91.41653271
91.3979453
91.3733411
91.35407622
91.33233578
91.31326105
91.29141595
91.27446857
91.25044382
91.23128703
91.21051224
91.18847782
91.16742872
91.14491603
91.12288683
91.10354676
91.08105793
91.06171101
91.04082189
91.0218544
90.99781261
90.97833052
90.95614003
90.93655134
90.91607898
90.8973259
90.87430558
90.85567099
90.83101516
90.81178137
90.78980409
90.77037074
90.74991809
90.7311159
90.70851483
90.68979447
90.66502254
90.64507532
90.62291192
90.6038927
90.58380578
90.56634642
90.54456304
90.52246729
90.49816162
90.4813517
90.46090487
90.44050837
90.41926228
90.3963038
90.37801226
90.35769564
90.33175506
90.30985379
90.29028852
90.27584264
90.24988927
90.22815757
90.20420648
90.18373431
90.16110729
90.14835053
90.12441338
90.10542392
90.08659419
90.06469066
90.04202141
90.02268688
89.99795969
89.97827346
89.95613859
89.9371479
89.91692404
89.90007372
89.87549324
89.84888892
89.82972482
89.81753955
89.78826245
89.77031315
89.75440362
89.73481053
89.71188768
89.69347805
89.67107115
89.65012181
89.62987469
89.61166888
89.58360375
89.5643861
89.54263733
89.52410422
89.49990929
89.48250021
89.46178718
89.43758809
89.41622526
89.40025333
89.37579755
89.35651475
89.33462246
89.31467723
89.29265225
89.27337829
89.25100101
89.23189936
89.21159151
89.19336444
89.16939818
89.15018685
89.1288575
89.10954416
89.08742308
89.06801614
89.04578276
89.02640173
89.00762382
88.99052201
88.96343518
88.94363408
88.92206469
88.90410366
88.8840384
88.86291642
88.8410122
88.82278559
88.7985539
88.77909537
88.7566498
88.73718069
88.71567473
88.69641121
88.67434209
88.65503542
88.63297142
88.61578485
88.59525161
88.5749142
88.55346849
88.53471827
88.51670657
88.49466087
88.47147848
88.45382697
88.42791155
88.40852018
88.38893114
88.37099477
88.34565967
88.32605716
88.30615292
88.28764479
88.26317359
88.24418338
88.22186636
88.20615835
88.18632252
88.16330402
88.14434491
88.12347439
88.10043322
88.08257633
88.05719042
88.03769017
88.01774639
88.00069612
87.97755961
87.96011804
87.9390929
87.91821221
87.89356006
87.86739703
87.8519674
87.83542045
87.81095189
87.79071368
87.77516928
87.7547703
87.7321209
87.71103367
87.68945665
87.67175631
87.6489301
87.63119287
87.60573536
87.59005612
87.57066837
87.5458645
87.52393093
87.50541757
87.48364299
87.46496145
87.44428946
87.42620043
87.4001437
87.38030561
87.36306571
87.33886041
87.31076644
87.29622196
87.2798416
87.2585308
87.24025483
87.22386884
87.19717585
87.17912682
87.15905753
87.13904044
87.11448642
87.09528494
87.07567354
87.05712686
87.03583315
87.01884161
86.99224749
86.97312667
86.95161355
86.9327026
86.91091034
86.89214854
86.8694977
86.85002429
86.83148947
86.81425948
86.79181863
86.77470154
86.74838143
86.729025
86.70762129
86.68830873
86.66640499
86.64788986
86.62652158
86.60755682
86.58607526
86.56712442
86.54536378
86.52600135
86.50691411
86.48887531
86.46471689
86.44629725
86.42412302
86.40784973
86.38417529
86.36532628
86.34507494
86.32259302
86.30081866
86.282202
86.2636663
86.24619602
86.21771245
86.20041184
86.18453267
86.16509079
86.14223734
86.12168734
86.10101717
86.0813079
86.06035161
86.03907094
86.01705884
85.99849356
85.97660708
85.95817401
85.93984788
85.92063254
85.8969976
85.8810568
85.85693094
85.83516732
85.81562397
85.79761488
85.77673113
85.76040867
85.73634678
85.72132581
85.69408722
85.67601212
85.65490542
85.63762812
85.61157494
85.59290356
85.57163946
85.55244199
85.5313654
85.51469469
85.4941318
85.47445044
85.45423964
85.43208025
85.41069507
85.39363166
85.37311413
85.35046066
85.33144615
85.31470756
85.29154247
85.27387441
85.2514949
85.23574621
85.2099159
85.19314124
85.17366873
85.14878803
85.12746736
85.10996501
85.08891975
85.07036353
85.05017818
85.02993002
85.00927645
84.98989788
84.96880083
84.9486653
84.9301046
84.91134261
84.888099
84.87179986
84.84528638
84.82644544
84.80532673
84.78645633
84.76544825
84.74801525
84.72753879
84.70681464
84.68496033
84.6663707
84.64513194
84.62662353
84.60787297
84.58871491
84.56645979
84.5487365
84.52458739
84.50719281
84.487487
84.46454683
84.44126662
84.42823384
84.40784148
84.39282208
84.36306298
84.3436233
84.32253955
84.30391594
84.28276441
84.2676129
84.24759991
84.22401063
84.20505721
84.18641246
84.1607427
84.14032666
84.11722344
84.10508224
84.08564877
84.06271772
84.04053295
84.02583089
84.00582327
83.98119625
83.96156695
83.94158099
83.92469078
83.91675302
83.88400381
83.8623183
83.84271734
83.82449325
83.80031593
83.78176517
83.76207632
83.74414852
83.72374472
83.7063634
83.68192645
83.6631126
83.64208087
83.62414725
83.60300151
83.58323689
83.5620332
83.54549512
83.52530697
83.505582
83.48505286
83.46635956
83.44633037
83.42591859
83.40542474
83.38620734
83.36553993
83.34482193
83.32328312
83.30485357
83.28367302
83.26514394
83.24398299
83.22561373
83.20397609
83.18547608
83.16533641
83.14728546
83.12328532
83.10405961
83.08636796
83.0691334
83.04667081
83.02875571
83.00638501
82.99028527
82.96954331
82.9493655
82.92698937
82.90967849
82.88488916
82.86491336
82.8455791
82.82372949
82.80565538
82.78804322
82.76582953
82.74777766
82.72688466
82.7081352
82.6858408
82.6670011
82.65174354
82.63665965
82.61098198
82.59359251
82.57211288
82.55517353
82.52827127
82.51070316
82.48928771
82.46886286
82.44885982
82.42928275
82.41107084
82.39413779
82.37062092
82.35337137
82.32914153
82.31319614
82.29430913
82.27422386
82.25018754
82.22776435
82.20889558
82.18949629
82.17513567
82.15853289
82.13624193
82.1167685
82.09942781
82.07565044
82.0514801
82.03733796
82.01571561
81.99776445
81.97097852
81.95163632
81.93544374
81.91815375
81.89425715
81.87561606
81.85729946
81.84013239
81.81509844
81.79661493
81.77724562
81.75997816
81.73666428
81.71844327
81.69605713
81.67821333
81.66112291
81.6440773
81.62371811
81.60393097
81.5784963
81.55995257
81.53809851
81.52041483
81.50037331
81.47978129
81.45868601
81.44381762
81.42467471
81.40340313
81.38375273
81.36468586
81.34419498
81.32375874
81.3025835
81.28436839
81.26316391
81.24508633
81.2241422
81.20559153
81.18640977
81.16956424
81.14790701
81.13064535
81.1065247
81.08812713
81.06898802
81.05205943
81.02975841
81.01461669
80.99249878
80.97067539
80.95033084
80.93262609
80.91183854
80.8960191
80.87246525
80.85524692
80.8319662
80.81265525
80.79182777
80.77330108
80.75225324
80.73414315
80.71585814
80.69859364
80.67683132
80.65955127
80.63788252
80.62143125
80.59539862
80.57667544
80.55805118
80.54087571
80.51904539
80.50210121
80.48145859
80.46522709
80.43919771
80.42072191
80.4005989
80.3829738
80.36251444
80.34080738
80.3199398
80.30777347
80.28288861
80.26203927
80.24698808
80.22888281
80.21033208
80.19067413
80.17082223
80.15077682
80.13102973
80.10842728
80.09028881
80.0735598
80.04724822
80.02849722
80.0110634
79.99338468
79.96919718
79.95331191
79.93411942
79.91404036
79.89251852
79.87453468
79.8539615
79.83585749
79.81380991
79.79546628
79.77682616
79.75838002
79.73838937
79.725317
79.69844936
79.67968715
79.65942926
79.64118723
79.62054048
79.60262331
79.58188777
79.56324919
79.54239247
79.52367058
79.50291778
79.48776656
79.46905077
79.44971688
79.43032595
79.40850989
79.38752168
79.36989842
79.34983508
79.33421188
79.31221658
79.2913424
79.2707166
79.24748276
79.23112582
79.21460812
79.19613606
79.18017549
79.15571964
79.13606251
79.11287213
79.09862298
79.07368127
79.05899354
79.03253872
79.01281938
78.99841908
78.97861491
78.95969549
78.94061067
78.9197546
78.9034387
78.88098477
78.86444082
78.84532794
78.8252312
78.80419211
78.7837439
78.76113189
78.7467895
78.72632851
78.70781168
78.69205588
78.67562206
78.6513269
78.63431767
78.61219742
78.59598256
78.57264514
78.55420106
78.5336093
78.51735891
78.50017842
78.4790579
78.45616421
78.43839215
78.41810085
78.40019352
78.37967723
78.36177403
78.34138043
78.3240696
78.30255612
78.28568396
78.26654648
78.24760416
78.22960293
78.21007119
78.18751459
78.17074938
78.15123832
78.13186957
78.111086
78.09305413
78.07341753
78.05572343
78.03359001
78.01624943
77.99538761
77.97745555
77.95709398
77.9397588
77.92014077
77.90002022
77.87933984
77.86131613
77.84098162
77.82407984
77.80397119
77.78582634
77.76407235
77.74610684
77.72852528
77.71173541
77.68842449
77.67034544
77.64961102
77.63134541
77.61071891
77.59278802
77.5723684
77.55476016
77.53402755
77.51705031
77.50098429
77.48448964
77.4630595
77.44641805
77.42341064
77.40222837
77.3811408
77.36506573
77.34630415
77.32547377
77.30540907
77.28910161
77.26709312
77.2504874
77.23011278
77.20712984
77.1892922
77.17208195
77.15124952
77.13333242
77.11263483
77.09461387
77.07455316
77.05707629
77.03584045
77.01770712
76.99972203
76.98306925
76.96011208
76.94216527
76.92146707
76.9037852
76.88394308
76.86645822
76.8459448
76.82826247
76.80800765
76.78987356
76.76990517
76.75238965
76.73198355
76.71436136
76.69395045
76.67652101
76.65649051
76.638199
76.61810431
76.60007556
76.57965404
76.56199923
76.54164011
76.52398277
76.50343346
76.48694249
76.4677882
76.4500837
76.43096143
76.41194548
76.39263448
76.3721658
76.35162192
76.33454311
76.31444044
76.29596297
76.27535958
76.25963374
76.24061075
76.22266273
76.20384455
76.1869628
76.16509465
76.14485783
76.12494399
76.10857573
76.08977768
76.0673068
76.05037125
76.037416
76.01546807
75.99461575
75.9730248
75.95620657
75.93402612
75.91611336
75.89811495
75.88162715
75.85994779
75.84383318
75.82519576
75.80969404
75.78324542
75.76543135
75.74474846
75.72659119
75.70808419
75.69127033
75.66816711
75.64972217
75.63240252
75.61518628
75.59365466
75.57568191
75.55563043
75.5380605
75.51830055
75.50086511
75.4809586
75.46366183
75.44348073
75.42580824
75.40577247
75.38812886
75.36820674
75.35089444
75.33090122
75.31317523
75.29504178
75.27817439
75.2564141
75.23937036
75.21693489
75.19903067
75.18224104
75.16618153
75.14577353
75.12992241
75.10645725
75.08981139
75.06850123
75.05112656
75.02993503
75.01221012
74.99211046
74.9745109
74.95464912
74.93694034
74.9165255
74.89952616
74.88241886
74.86376289
74.84012022
74.82499947
74.80471723
74.79312073
74.76729415
74.75287709
74.73537035
74.71493258
74.69625893
74.67623096
74.65630987
74.63461135
74.61279435
74.59991061
74.57990956
74.56252861
74.54283594
74.52550514
74.50598983
74.48870941
74.46808367
74.45059885
74.43052196
74.41303285
74.39326796
74.37577163
74.35853592
74.34256831
74.31884347
74.30123785
74.28217093
74.26515361
74.24439457
74.22686941
74.20946948
74.19326083
74.17179879
74.15522161
74.13273737
74.11532354
74.0981501
74.08273208
74.05836385
74.04052479
74.02178916
74.00714717
73.9890812
73.96947644
73.95025332
73.93270992
73.91512174
73.89640833
73.87597371
73.85902893
73.83950061
73.82222207
73.79732561
73.78248852
73.76365576
73.74582981
73.72486777
73.70603792
73.690454
73.67554525
73.65096256
73.63603634
73.61394856
73.59910481
73.57840169
73.56079111
73.53840454
73.52429596
73.50865981
73.4895507
73.46752892
73.45226087
73.4310557
73.41350505
73.39385646
73.3773233
73.3568416
73.33578159
73.31940702
73.30868548
73.28602913
73.26929038
73.24705201
73.229802
73.21088591
73.19244337
73.17323822
73.1581615
73.14048364
73.11976289
73.10046188
73.08391233
73.0670299
73.05127175
73.0288864
73.00921214
72.99234477
72.97813343
72.96074184
72.94491167
72.92005393
72.90300156
72.88464116
72.86588685
72.84653857
72.82853758
72.80734907
72.78884674
72.77189099
72.75726203
72.73959333
72.71811042
72.70018419
72.68728853
72.66814261
72.65069642
72.63449977
72.61669978
72.59971249
72.58741642
72.56365719
72.55665094
72.53153706
72.4999854
72.49279775
72.48687951
72.48755326
72.40045236
72.40484615
72.38487026
72.3874266
72.30354951
72.33097434
72.31039246