105.7517833
105.7517856
105.7518087
105.7518235
105.7518265
105.7518262
105.7518251
105.7518351
105.751831
105.7518298
105.7517938
105.7517937
105.7516962
105.7515316
105.7513929
105.7512069
105.7506811
105.7503526
105.7498271
105.7489541
105.7479215
105.747327
105.7455621
105.7443005
105.7425165
105.7407495
105.7390736
105.7371627
105.733855
105.7311739
105.7279195
105.7247615
105.7216034
105.7181671
105.7139377
105.7100693
105.704322
105.6993348
105.6945017
105.6887813
105.6808419
105.6763479
105.6704116
105.6643249
105.6557352
105.6485752
105.6406369
105.6331817
105.6245156
105.616493
105.6070217
105.5976117
105.5873129
105.5779364
105.5663556
105.5567102
105.5452362
105.5352206
105.5234556
105.5121804
105.4999519
105.4896958
105.4776446
105.465584
105.4500378
105.4375267
105.4232782
105.4100804
105.3957801
105.3819409
105.3671353
105.3565116
105.3431562
105.3277168
105.3126178
105.2958288
105.2785514
105.2671655
105.2479504
105.2301721
105.2137775
105.1985725
105.1817896
105.1681203
105.1514724
105.13547
105.1144431
105.0947406
105.0801651
105.0644572
105.0436047
105.0277663
105.0116092
104.9901895
104.9664401
104.9579811
104.9367659
104.9202945
104.900743
104.8835797
104.859142
104.8433331
104.828581
104.807798
104.7881233
104.7711552
104.7482983
104.7304009
104.7093332
104.6912
104.6705813
104.6536862
104.6339469
104.6145097
104.5939013
104.5749509
104.5541543
104.5381888
104.5192529
104.4976225
104.4771205
104.4555523
104.4343782
104.413695
104.3924282
104.3776569
104.3588895
104.3350259
104.3140815
104.293433
104.2723952
104.2504498
104.2276037
104.2083222
104.1856611
104.1666667
104.1474875
104.1305481
104.10243
104.083762
104.0614634
104.0379445
104.0203402
104.0065135
103.9812901
103.9615632
103.9345986
103.914537
103.8900478
103.8646789
103.8450055
103.8317084
103.8074975
103.7892867
103.7639396
103.74484
103.7212305
103.7022622
103.6779369
103.6583651
103.634066
103.6152021
103.5959053
103.5796042
103.5468472
103.5264734
103.5051421
103.4860668
103.4613768
103.4424516
103.4233932
103.4069157
103.3753924
103.3552302
103.3293445
103.3104725
103.2906912
103.2690846
103.2469941
103.2290461
103.1940524
103.1789633
103.1652686
103.1339232
103.1097518
103.0979514
103.0672274
103.0496934
103.0290317
103.006844
102.9816897
102.9618707
102.9424277
102.9175903
102.8950132
102.8796367
102.8494593
102.8283601
102.8051038
102.7837047
102.7578133
102.7411873
102.7131133
102.699165
102.6746654
102.6552045
102.6301835
102.6107199
102.58576
102.5661762
102.5463364
102.5294845
102.4964306
102.4759905
102.4545489
102.4352385
102.4103774
102.3916459
102.3703778
102.3517649
102.3217421
102.3015124
102.2787151
102.2594985
102.2347329
102.2152423
102.190261
102.1710884
102.1466064
102.1270455
102.1030362
102.0838823
102.0557491
102.0347785
102.0145089
101.9952424
101.9694279
101.9497971
101.9238104
101.9034636
101.8805028
101.8603565
101.837285
101.8193871
101.7940107
101.7737784
101.751836
101.7285623
101.7063302
101.6825501
101.6592827
101.638855
101.6151016
101.5946664
101.572603
101.5525684
101.527173
101.5065945
101.4831551
101.4624635
101.4408397
101.421031
101.3967147
101.377031
101.3509853
101.3306684
101.3074531
101.2869246
101.2653205
101.2454588
101.2215843
101.2018088
101.1756391
101.1545668
101.1311536
101.111062
101.089843
101.0714001
101.0483877
101.0250439
100.9993653
100.9816088
100.9600077
100.9384595
100.9160136
100.8917573
100.872435
100.8509699
100.8235619
100.8004211
100.7797529
100.7644927
100.7370711
100.7141094
100.6888039
100.6671732
100.6432679
100.6297927
100.6044999
100.5844368
100.5645429
100.5413984
100.5174467
100.4970173
100.4708892
100.4500882
100.4266999
100.4066338
100.3852655
100.3674619
100.3414869
100.3133711
100.293125
100.2802518
100.2493111
100.2303448
100.2135358
100.1928315
100.1686087
100.1491551
100.125477
100.1033378
100.081943
100.062704
100.0330439
100.0127351
99.98975197
99.97016672
99.94459646
99.92619948
99.90430993
99.8787332
99.85615776
99.83927963
99.81343262
99.79305358
99.76991659
99.74883667
99.72555913
99.70518885
99.68153842
99.66135001
99.63988765
99.62062365
99.5952922
99.57498717
99.55244381
99.53203055
99.50864952
99.48813687
99.4646366
99.44415087
99.42430547
99.40622964
99.37759623
99.35666589
99.33386676
99.31488216
99.29367297
99.2713449
99.24819156
99.22892539
99.20330979
99.18274043
99.15901313
99.13843219
99.11569852
99.09533479
99.07200505
99.05159547
99.02827063
99.0101032
98.98839661
98.96689672
98.94422459
98.92440236
98.90536243
98.8820542
98.85754567
98.83888469
98.81148468
98.79098312
98.77027447
98.75131158
98.72452421
98.70379862
98.68275582
98.66318759
98.63731295
98.61723489
98.5936382
98.57703165
98.55605886
98.53171939
98.51167447
98.48960549
98.46524296
98.44636195
98.41951799
98.39889829
98.37781105
98.35978317
98.33531739
98.31687571
98.29464255
98.27256277
98.24649219
98.21882289
98.2025091
98.18501253
98.15913501
98.13773338
98.12129783
98.09972485
98.07577275
98.05347071
98.03065305
98.01193427
97.98779419
97.96903648
97.94211157
97.92553116
97.90502723
97.87879248
97.85559554
97.83601565
97.81298629
97.79322813
97.77136519
97.75223415
97.72467174
97.70368959
97.68545733
97.65985212
97.6301345
97.61475326
97.59742873
97.57488606
97.55555716
97.53822596
97.50998951
97.49089812
97.46967008
97.44849578
97.42252142
97.40220956
97.38146577
97.36184605
97.33932233
97.32134856
97.29321364
97.27298644
97.25022844
97.23022303
97.20716918
97.18732129
97.16335808
97.14275616
97.12314998
97.10492194
97.08118152
97.06307301
97.03522526
97.01474643
96.99210178
96.971669
96.94849464
96.92890578
96.90629792
96.88623262
96.86350441
96.84345339
96.82042925
96.79994189
96.7797478
96.76066107
96.7350987
96.7156087
96.69214602
96.67492833
96.64987611
96.62993129
96.60850249
96.58471164
96.56167065
96.54197072
96.52235846
96.50387204
96.47372703
96.45542027
96.43861874
96.41804467
96.39385909
96.37211129
96.35023693
96.32937905
96.30720151
96.28467875
96.26138315
96.2417353
96.21857188
96.19906336
96.17966952
96.15933247
96.13431809
96.11744815
96.09191215
96.06887602
96.04819254
96.02913087
96.00702864
95.98975249
95.96428423
95.94838618
95.91955421
95.90042196
95.87808179
95.85979437
95.83221508
95.81245147
95.78994301
95.76962171
95.74731146
95.72966591
95.70789867
95.6870646
95.66567019
95.64221097
95.61957273
95.60151067
95.57979015
95.55580626
95.53567849
95.51795858
95.49343501
95.47473011
95.45103787
95.43436617
95.40701742
95.38925953
95.36864381
95.34229945
95.31972678
95.30119711
95.278915
95.2592688
95.23789723
95.21645834
95.19459065
95.17407233
95.15173427
95.13041326
95.11076199
95.09089532
95.06628408
95.04902628
95.02094975
95.00099926
94.97863683
94.95865477
94.93640921
94.91794957
94.89626639
94.87431997
94.85117708
94.83149129
94.80899981
94.78939976
94.76954413
94.74925502
94.72568688
94.70691759
94.68134167
94.66292059
94.6420511
94.61775334
94.59309883
94.5792974
94.55770261
94.54179628
94.51027418
94.48968465
94.46735405
94.44762904
94.42522607
94.40917981
94.38798251
94.36299511
94.34292156
94.32317228
94.29598096
94.27435406
94.24988227
94.23702471
94.21643992
94.19214825
94.1686478
94.15307646
94.13188196
94.1057914
94.0849987
94.06382554
94.04593677
94.03753101
94.00283441
93.9798597
93.95909623
93.93978965
93.91417504
93.89452207
93.87366427
93.85467098
93.83305526
93.8146409
93.78874981
93.76881695
93.74653428
93.72753414
93.70513018
93.6841884
93.66172288
93.64420134
93.62281124
93.60191183
93.58015987
93.56035342
93.53913097
93.5175022
93.49578702
93.47542389
93.45352422
93.43156969
93.40874624
93.38921727
93.36677315
93.3471383
93.32471447
93.30524881
93.28231905
93.26271429
93.24137259
93.22224354
93.19680802
93.17643287
93.15768564
93.13942107
93.11561535
93.09662897
93.0729204
93.05585874
93.03387605
93.01249001
92.98877443
92.97042831
92.94415262
92.92298052
92.90248848
92.87932849
92.86017305
92.84150587
92.8179606
92.79882698
92.77668165
92.7568077
92.73317535
92.71320494
92.6970362
92.68104793
92.65382769
92.63539425
92.61262665
92.59467041
92.56615013
92.54752757
92.52482505
92.50317216
92.48196695
92.46121227
92.44190725
92.4239563
92.39902522
92.38073871
92.35504981
92.33814659
92.31812357
92.29682959
92.27134429
92.24757021
92.22756549
92.20699777
92.19177458
92.17417218
92.15053723
92.12989002
92.11150529
92.08629149
92.06066348
92.04567006
92.0227442
92.00370985
91.9753049
91.95479508
91.93762754
91.91929393
91.89395322
91.874186
91.85476452
91.83656052
91.81001275
91.79041213
91.76987293
91.75156202
91.72683774
91.7075151
91.68377385
91.66485062
91.64672787
91.62865112
91.60706059
91.58607497
91.55909894
91.53943231
91.51625392
91.49749956
91.47624412
91.45440335
91.43202949
91.41626205
91.39595874
91.37339609
91.35255452
91.33233118
91.3105973
91.28891999
91.26645978
91.24713905
91.22464723
91.20547214
91.18325608
91.16357831
91.14323223
91.12536352
91.10239089
91.08408023
91.05849192
91.03897545
91.01867362
91.00071573
90.9770585
90.96099693
90.93753208
90.91437853
90.89279641
90.87401368
90.85196113
90.83517874
90.81018966
90.79192283
90.76722256
90.74673419
90.72463719
90.70498086
90.68264951
90.66343487
90.64403605
90.62571826
90.6026284
90.58429372
90.56130326
90.54384822
90.516224
90.49635708
90.4765965
90.45837187
90.43520836
90.41722885
90.39532555
90.37810255
90.35047978
90.33087418
90.30952094
90.29081812
90.26910726
90.24607004
90.22392635
90.21101814
90.18460714
90.1624815
90.14651023
90.1272969
90.10761028
90.08674794
90.06567938
90.04440461
90.02344701
89.99945718
89.98020846
89.96245401
89.93452636
89.91462464
89.89612326
89.87735963
89.85168639
89.83482707
89.81445683
89.79314387
89.77029996
89.75121145
89.7293745
89.71015813
89.68675479
89.66728336
89.64749855
89.62791744
89.60669965
89.5928247
89.56430193
89.54438502
89.52288079
89.50351596
89.48159833
89.46257824
89.44056589
89.42077909
89.39863763
89.37876213
89.35673062
89.3406476
89.32077847
89.30025267
89.27966639
89.25650344
89.23422093
89.2155109
89.19421017
89.17762442
89.15427033
89.13210759
89.11020727
89.08553618
89.06817139
89.0506338
89.03102231
89.01407582
88.98810829
88.96723497
88.9426116
88.92748226
88.90099714
88.88540296
88.85730835
88.83636954
88.82108032
88.80004894
88.77995975
88.75969275
88.73754609
88.72022072
88.69637521
88.67880747
88.65851088
88.63716778
88.61482518
88.59310831
88.56909427
88.55386432
88.53213426
88.51246857
88.49573794
88.47828472
88.45248172
88.43441702
88.41092417
88.39370353
88.36891596
88.3493266
88.32745563
88.31019664
88.29195028
88.26951646
88.2451994
88.22632282
88.20477055
88.18574993
88.16395809
88.14494156
88.1232797
88.10489263
88.08204004
88.06411866
88.04379017
88.0236688
88.00454802
87.98379925
87.95983727
87.94202843
87.92130232
87.90072646
87.87864781
87.85949184
87.83863207
87.81983472
87.79632081
87.77789938
87.75573639
87.73668576
87.71505384
87.69663751
87.67579529
87.65441795
87.63244669
87.61329758
87.59169359
87.57373696
87.55237256
87.53309412
87.50998003
87.49089181
87.47221349
87.45437443
87.42960507
87.41039556
87.38836435
87.36895612
87.34703935
87.32798666
87.30628937
87.28757941
87.2655489
87.24750902
87.23043928
87.21291238
87.19014025
87.17245705
87.14800729
87.12549667
87.10308726
87.08600554
87.06606837
87.043931
87.02260875
87.00527948
86.98189008
86.96424389
86.94259059
86.9181636
86.8992076
86.88091751
86.85877731
86.83973531
86.81773804
86.79858529
86.77726494
86.75869053
86.73612009
86.71684708
86.6977334
86.68003433
86.65563328
86.6365582
86.6145583
86.59576463
86.57467489
86.55609026
86.53428644
86.51549159
86.4939623
86.47468663
86.45346165
86.43484366
86.41315276
86.39442101
86.37272462
86.35419754
86.33290539
86.31346111
86.2921004
86.27293528
86.25122661
86.23245898
86.2108163
86.19204573
86.17020031
86.1526699
86.13230753
86.11348678
86.09315796
86.07294173
86.05241203
86.0306501
86.00880933
85.99065253
85.96928064
85.94963586
85.92773099
85.91101272
85.89078815
85.87170606
85.85169922
85.83375079
85.8104993
85.78898249
85.76780935
85.75040681
85.73041985
85.70652569
85.68852088
85.67474775
85.65141057
85.62923702
85.60627934
85.58839654
85.56481097
85.54576361
85.52662646
85.50909449
85.4860418
85.4689066
85.44909043
85.43260667
85.40447959
85.38553649
85.3635423
85.34423358
85.32455394
85.30667435
85.28210436
85.26248928
85.24407206
85.22576355
85.20286539
85.18375183
85.16242781
85.14374258
85.12272847
85.10418615
85.08301581
85.06462079
85.0431579
85.02436281
85.00305428
84.98428962
84.96310172
84.94468935
84.92342545
84.90457247
84.88528732
84.86734754
84.84420329
84.82607592
84.80221243
84.78316894
84.76531314
84.7482319
84.72652559
84.70966594
84.6847067
84.66700167
84.64433453
84.62585364
84.60331247
84.58445877
84.56307893
84.54435833
84.5232314
84.50439423
84.48267834
84.46459573
84.44639953
84.42655319
84.40140332
84.3853186
84.36374491
84.3514108
84.32393457
84.30859964
84.28997673
84.26823455
84.24836985
84.22706301
84.20587077
84.18278491
84.15957572
84.14587154
84.12459362
84.10610299
84.08515303
84.06671555
84.04595418
84.02757017
84.00562654
83.9870247
83.965665
83.94705832
83.92603042
83.9074157
83.88907977
83.87209191
83.8468492
83.82811787
83.80783225
83.78972675
83.7676397
83.7489934
83.73048174
83.71323642
83.69040111
83.67276347
83.6488396
83.6303111
83.6120405
83.5956361
83.56970631
83.55072512
83.53079
83.51521172
83.49598916
83.47512867
83.45467431
83.43600724
83.41729303
83.39738006
83.3756364
83.35760557
83.33682675
83.31844055
83.29194691
83.27615954
83.25611975
83.23715078
83.21484388
83.19480558
83.17822522
83.16236049
83.13620007
83.12031684
83.09681219
83.08101671
83.05898534
83.04024428
83.01642015
83.00140756
82.98476952
82.96443296
82.9409972
82.92474951
82.90218253
82.88350496
82.86259479
82.84500013
82.82320245
82.80078812
82.78336409
82.77195571
82.74784349
82.73002968
82.70636171
82.68800356
82.66787212
82.648244
82.62780459
82.61176012
82.59294632
82.57089238
82.55035068
82.53273743
82.51477066
82.49799996
82.47417418
82.45323371
82.43528307
82.42015856
82.40164931
82.38480122
82.35834292
82.34019396
82.32065251
82.30069134
82.2800982
82.2609387
82.23838583
82.2186925
82.20064617
82.18507659
82.16627089
82.14340359
82.12432474
82.11060031
82.09022156
82.07165207
82.05441317
82.03546615
82.01738573
82.00430019
81.97900622
81.97155029
81.94481617
81.91122496
81.90358276
81.89728192
81.89799985
81.80526593
81.80995375
81.78868493
81.79140828
81.70210111
81.73130863
81.70939569