% Model:              CMSL_AJB_O2_20210227_AdptLKR.mph
% Version:            COMSOL 5.5.0.359
% Date:               Feb 28 2021, 00:38
% Dimension:          1
% Nodes:              1208
% Expressions:        1
% Description:        Line graph
% cln1x                   Height
0                         105.75178326426375
0.07644537880878488       105.75178564525459
0.8127602615697924        105.7518086859956
1.5333611862234306        105.75182350426991
1.691313091440577         105.75182646996822
1.8429681349171005        105.75182623187632
2.5419370262270036        105.7518251350487
3.2174618005118987        105.75183513206049
3.274558342129012         105.75183095732925
3.404895743775228         105.75182979046654
3.955876995275162         105.75179375028489
4.140306653069729         105.7517936559828
4.689754130582742         105.75169615921071
4.9906938820326445        105.75153162895394
5.457047219396202         105.75139291877262
5.655585384957362         105.75120686068942
6.129825952080182         105.7506811153622
6.526795916652645         105.75035264420458
7.013540003992716         105.74982713850385
7.396171616410868         105.74895406086685
7.98464101751739          105.74792150555166
8.354363779026244         105.74732704165852
9.000420925930882         105.74556213708208
9.443002490288109         105.74430054811263
9.998298162578806         105.74251653837183
10.467453214465024        105.74074954068837
10.997184887368007        105.73907361338463
11.423543391872272        105.73716274171655
11.99901420936078         105.73385500922599
12.474907543775771        105.73117393464959
12.9889728045693          105.72791947167755
13.468372678326318        105.72476148963955
14.0151494739913          105.7216033526785
14.464274135202345        105.71816714439346
15.011120710228454        105.7139377158851
15.462006218028478        105.710069317642
15.996249183457735        105.70432198661739
16.45760037942813         105.69933483046171
16.991022358406894        105.69450169081452
17.387868124577608        105.68878132977328
17.97390812048758         105.68084187434725
18.459738787339063        105.67634786471176
19.015126087754936        105.67041157252962
19.456953417825503        105.66432493046204
19.99122301803868         105.65573515233845
20.457522880578153        105.64857522207559
20.991816970559114        105.6406368523397
21.456958540726703        105.63318172624105
21.992082734458506        105.6245156474536
22.465177304545932        105.6164930363665
22.99468565551541         105.60702168079409
23.45601706578134         105.5976116827438
23.991781244174263        105.58731286091577
24.45108715582711         105.57793640826212
24.987735683116284        105.56635556246886
25.45481915394157         105.55671023063591
25.989499946149294        105.54523622156285
26.454353436130077        105.53522062609761
26.987305351910095        105.52345563237108
27.455936879918227        105.51218039060181
27.98371566160165         105.4999519422677
28.460673446828764        105.48969581605122
28.986459129118657        105.47764460542828
29.434175488268124        105.46558395057444
29.98234061628682         105.45003782150903
30.45698550812233         105.43752667600073
30.98872887234228         105.4232781746162
31.466293792747194        105.41008037667619
31.985726064324012        105.39578008196621
32.460581488074354        105.38194088523758
32.98845594957436         105.36713525491194
33.499963982363624        105.35651159479114
33.98755619883059         105.3431562462675
34.4508611474314          105.32771678473985
34.97375599796976         105.31261775184383
35.433523469263946        105.29582884631866
36.030909973715666        105.278551368956
36.49141286615696         105.26716553452798
37.01697752822918         105.24795044703934
37.48871948917213         105.23017210334143
37.99714710422535         105.21377754440061
38.46562238389396         105.19857253580085
38.995657682003184        105.18178955819458
39.4594829601063          105.16812025014467
39.97535304896587         105.15147244682018
40.447898666307765        105.13546999240491
40.94794976231981         105.11444308945538
41.45269734102067         105.0947406156562
41.98986735275395         105.08016512633597
42.450082874653674        105.06445721222501
42.9890934352357          105.04360474387582
43.45798373806025         105.02776629125708
44.014493317146815        105.01160915777068
44.41013465787515         104.99018950747684
45.039189791509386        104.96644013292611
45.419577315822835        104.9579810893402
45.9517836630215          104.93676588215659
46.430818837314405        104.92029449759846
46.98057737818172         104.90074304491681
47.43891133224773         104.88357968529807
47.98868472333177         104.85914199964529
48.483664945387005        104.84333312293562
48.96861828489892         104.82858097884244
49.44980538344299         104.80779800143463
49.99164740172577         104.78812327225428
50.44263051062799         104.77115516596075
50.993197390963616        104.7482983205344
51.45691129547126         104.7304009312317
51.991035510655394        104.70933315925467
52.45760323359596         104.69120001646762
52.99103794092318         104.670581305347
53.46998176026338         104.65368621811984
53.98965312332709         104.6339469110398
54.46449569876623         104.61450973660321
54.98873717373891         104.59390131507558
55.46071529750509         104.57495088825559
55.97994557701398         104.55415426483393
56.5014107003019          104.53818883918116
56.98917752660276         104.51925287996042
57.45927018372345         104.49762246303094
57.96441676910541         104.47712050823706
58.45811119115052         104.45555228173322
58.97699945457083         104.43437819883734
59.461074000348844        104.4136949855926
59.98269371781589         104.39242820863974
60.52304041236175         104.37765694612915
60.99924531228811         104.35888948373221
61.459346302326026        104.33502592241501
61.96819794805447         104.3140814507667
62.47341238404846         104.29343303432546
62.98622994912057         104.2723951961295
63.457682705356206        104.25044975427625
63.99105189502359         104.22760369641405
64.45768715615668         104.20832224717206
65.00329127792327         104.18566113158266
65.45890950807319         104.16666669046754
66.04322665172725         104.14748753981415
66.46288717513107         104.13054811992677
66.99105464832667         104.10243003907074
67.45631318986682         104.08376198951503
67.98378545437663         104.06146335804493
68.44829493470456         104.03794447154533
68.99859810087469         104.02034024475991
69.42946540451305         104.00651349725433
69.99352637339246         103.98129013076117
70.42626308437178         103.96156321732029
70.99151590523553         103.93459863739909
71.45771301639945         103.91453700320709
71.97241865834104         103.89004783999074
72.42126092465628         103.86467891158695
73.02958623085601         103.84500548616003
73.44704349161344         103.83170839971972
73.9993910656134          103.80749745818308
74.42935210695066         103.78928674462139
74.9882889069367          103.76393961021631
75.43677127134242         103.74484002962375
75.98666799450729         103.72123054871194
76.42782936332429         103.70226221069281
77.02135639867714         103.67793692629614
77.46056789808563         103.65836507666768
78.02338308213194         103.63406604316296
78.46075874005152         103.61520206239288
78.99498492127509         103.59590532829314
79.39112415035277         103.57960422491688
79.99273073616695         103.54684717071575
80.45086680501265         103.52647343991143
81.02224203457922         103.50514214651166
81.46065278567045         103.48606675540141
82.02085216524421         103.46137678893922
82.46052223059792         103.44245156872917
82.99366190831842         103.42339315305779
83.39156668705658         103.40691566120226
83.99137135937207         103.37539238477875
84.44276629072874         103.3552302285715
84.99105836031458         103.32934448288988
85.46060442619762         103.31047254707859
86.00955454147282         103.29069119719415
86.45267276390007         103.26908463152682
87.03934353718859         103.24699412683646
87.44926522137337         103.22904606805376
87.97237324519335         103.19405237952701
88.54438952961164         103.17896334428207
89.0270039971989          103.16526862492819
89.43604602990285         103.13392316239802
90.05287370054725         103.10975179505056
90.44075791480816         103.0979513659423
90.98361585740713         103.06722743309034
91.45561317221859         103.04969338963305
91.9615635584542          103.02903172983122
92.43944086785154         103.00684400618782
92.97457731108403         102.9816897183166
93.45204878335767         102.9618707011382
93.98494554759816         102.94242765477667
94.43810425388483         102.91759026489197
94.97841903163771         102.89501323226305
95.39639384410799         102.87963668706057
95.99400128187733         102.8494593096732
96.44287873649739         102.82836014017124
97.02248489452461         102.8051038154854
97.4233900579751          102.78370465968811
98.05526000890058         102.757813278501
98.46066129239352         102.74118729538046
99.01587840049876         102.7131133381833
99.43062801729718         102.69916496723066
99.98622496287459         102.67466541745084
100.42366595032638        102.65520454195189
101.02421174210622        102.63018352347548
101.46084539255543        102.61071985790225
102.02330385825758        102.58576004609947
102.46075987428901        102.56617624994954
102.99485024070498        102.5463363655905
103.3934355389132         102.52948450579564
103.99273229019082        102.49643057585074
104.45087309134544        102.47599051262128
105.02421174116279        102.45454889486324
105.46084539342212        102.43523852522395
106.02330385772586        102.41037743795428
106.46075987478451        102.39164585484251
106.99393287741202        102.37037777774414
107.40918929553163        102.35176485701722
107.99418481503687        102.32174211491458
108.44575184396928        102.30151240839264
109.01961021913735        102.27871513666902
109.45545478936049        102.25949851044334
110.02161344345745        102.23473286457916
110.4621978411709         102.215242263506
110.99139295335698        102.19026102623607
111.43340506813934        102.17108840236911
111.99138826141376        102.14660638229508
112.43374698520773        102.12704551505058
112.99217091170277        102.10303619129202
113.43013755660166        102.08388227057834
113.99105925744198        102.05574911968101
114.45772257328576        102.03477850536491
114.98838571323938        102.01450892274028
115.42840765913456        101.99524239813208
116.00746049229139        101.96942794959098
116.45185533674328        101.94979710175281
116.99726481429946        101.9238103868374
117.45598356572953        101.9034635656394
118.01019579787373        101.88050279554587
118.46057008740331        101.86035650150646
119.01227208302055        101.83728500871077
119.47612937348174        101.81938707002566
119.98891412817238        101.79401071933349
120.49045264078632        101.77377844915443
120.98912886755318        101.75183596573038
121.48652322026771        101.72856227793257
121.99489805281843        101.70633015355297
122.45772257328571        101.68255005892296
122.99105925744135        101.65928271438199
123.45772257328565        101.63885502531421
124.00748512454527        101.61510159329733
124.47607161348935        101.59466640913772
125.00567693365804        101.57260297558764
125.45998221559773        101.55256841048524
125.9910592574413         101.52717297965592
126.45772257328565        101.50659450434836
126.9910592574413         101.4831550956414
127.45772257328565        101.46246350249581
127.99030536194857        101.44083974235619
128.44570676630042        101.42103102485063
129.00359566118823        101.39671469326942
129.4534121257425         101.37703098180249
129.99105925744124        101.35098534101998
130.45772257328548        101.33066837127109
130.99105925744118        101.30745305307093
131.45772257328542        101.28692461730782
131.99039214618801        101.26532053243949
132.447089958908          101.2454588238444
133.00419098270714        101.22158427737192
133.45320743369268        101.20180878829761
133.99105925744118        101.17563908183321
134.45772257328537        101.15456684365438
134.99105925744112        101.13115359083103
135.46522164713684        101.11106196447138
135.99073749441231        101.0898430490932
136.47410927773865        101.0714001145769
137.003622882777          101.04838772264867
137.46154853982273        101.02504389536045
137.9918567732954         100.99936529782481
138.4929752989221         100.98160879590274
138.99473745423546        100.9600077117093
139.4538146761625         100.93845950031869
139.95386387732805        100.91601359494283
140.46656081234835        100.89175732623607
141.003001476465          100.87243495543602
141.46185398637033        100.85096994392511
141.99105925744084        100.8235619010421
142.433384920952          100.8004211294354
142.98390762666043        100.77975288433848
143.42077785782863        100.764492667998
143.98618879583415        100.73707108570102
144.44013027163578        100.71410936570102
145.0074783973099         100.68880388018756
145.46396865669317        100.66717317127218
146.0481212198714         100.64326786267607
146.47718696501317        100.62979270016343
146.98998992116333        100.60449988901443
147.47711543361504        100.58443684915689
147.98568980092773        100.56454294611656
148.44719763956607        100.54139844816211
149.00338368812606        100.51744666725469
149.45348500938383        100.49701733417444
149.9910592574406         100.47088921242515
150.45772257328497        100.45008817144051
150.99105925744055        100.42669989018603
151.45772257328497        100.40663384704773
151.9903054387746         100.38526553087031
152.44341216667215        100.36746187235573
152.97399827626413        100.34148685298945
153.4517395999476         100.31337110009186
154.07351456049605        100.29312497465047
154.46654445683254        100.28025183289185
154.98833881835577        100.2493110724063
155.46544857437812        100.23034483813868
155.96456428769648        100.21353576948927
156.43842820470445        100.19283145140732
156.99171105567615        100.16860871735823
157.45464434529367        100.14915507609336
158.00808025352183        100.12547699117589
158.46393085365105        100.10333777123593
158.98120587921227        100.0819430470665
159.40950158234313        100.06270398229799
159.9953750601752         100.03304388358049
160.4564808099567         100.01273509676106
161.00554060410195        99.98975197436971
161.45669490125243        99.97016671516582
161.99105925744027        99.94459645621477
162.45399018518253        99.92619948187847
162.9712311137667         99.90430993021381
163.44379740666716        99.87873320172663
163.9938815939754         99.85615776180856
164.4474124167793         99.83927962877935
164.99105925744027        99.81343262443791
165.4577225732845         99.79305358168305
165.99105925744016        99.76991659469816
166.4577225732845         99.74883667204816
166.99105925744016        99.72555912569675
167.45772257328446        99.70518884645655
167.99771248721186        99.68153841523106
168.46717196567005        99.66135001142716
169.00887885421923        99.6398876468534
169.46106783299285        99.62062365035852
169.99105925744004        99.59529219523164
170.45772257328434        99.57498717160028
170.99105925744004        99.5524438101785
171.4577225732843         99.53203054616368
171.99105925743999        99.50864951697524
172.4577225732843         99.48813686516759
172.99105925744004        99.46463660183915
173.45772257328417        99.4441508707306
174.03122583178572        99.42430546806021
174.4607388097162         99.40622963822318
174.9910592574402         99.37759623041812
175.45772257328395        99.35666588739497
175.99105925744067        99.33386676031402
176.47448715894006        99.3148821558687
176.98860683610928        99.29367297372353
177.44593867996826        99.2713448957146
177.9888905438661         99.24819156402904
178.4453295897589         99.22892538919774
178.99105925744556        99.20330978624207
179.4577225732869         99.18274043395424
179.99105925744846        99.15901313377131
180.45772257328952        99.13843218784986
180.99105925745158        99.11569852109074
181.45772257329259        99.09533479179731
181.99105925745414        99.07200505438568
182.45772257329554        99.05159546607435
182.99105925745573        99.02827062760183
183.46302576151322        99.01010320150866
183.9764598930695         98.98839661057904
184.4750327674921         98.96689671897137
184.98961512787236        98.94422459348063
185.4651441120498         98.92440235996008
185.9984698620296         98.90536242609063
186.4631048655463         98.88205419695991
186.9917973327489         98.85754567086256
187.43600850353096        98.83888469202208
187.99105925745567        98.81148468385321
188.45772257329946        98.79098312408777
189.00838984652927        98.77027447484684
189.45227993333896        98.75131158005573
189.99105925745545        98.72452420537273
190.4577225732993         98.70379861858265
191.0115867829914         98.68275582359264
191.46180899975622        98.66318758976435
191.99105925745533        98.63731295180243
192.45772257329912        98.61723489273709
192.99105925745528        98.59363819774094
193.44700099454377        98.57703165469499
193.94364894125948        98.55605885849975
194.47100401505998        98.53171939183632
194.98968217794413        98.51167447059898
195.44115139780592        98.4896054929604
195.99207127962995        98.46524295891574
196.43781283168147        98.44636195345254
196.99105925745488        98.41951798566603
197.45772257329878        98.39889829280727
197.99446407745103        98.37781104873885
198.44731104626146        98.35978317401359
198.9859779688257         98.33531738733623
199.4666256207592         98.31687571390158
199.9700837088966         98.29464255087828
200.47902008678284        98.27256277271958
200.97605275799407        98.24649219078916
201.4895841536494         98.21882289100381
201.99105925745448        98.20250909759642
202.45867568399456        98.18501252973296
202.95700099290866        98.15913500843027
203.46417292875935        98.13773337667462
203.96624947013623        98.12129783108267
204.4516156497309         98.09972484750094
205.00794527596656        98.07577274535174
205.46200164815673        98.05347070864435
206.01248896032837        98.03065305435666
206.45626590927992        98.0119342668809
206.99060430399345        97.98779419367884
207.43406960082638        97.96903648131777
207.9910592574539         97.94211157489275
208.447892207201          97.92553115844147
208.9438795819492         97.90502723097907
209.45772257329764        97.87879248122621
209.9910592574538         97.8555955353896
210.45772257329753        97.83601565091624
210.99105925745368        97.81298628550752
211.45772257329747        97.79322812586636
211.99105925745368        97.7713651889722
212.45772257329742        97.75223414820893
212.9632528388849         97.72467173899486
213.46088137311563        97.70368959352908
213.99105925745351        97.68545733252552
214.42231066866992        97.65985211883482
214.9909850166482         97.63013450061824
215.51155582076774        97.6147532637979
215.99265942463416        97.59742872746524
216.4577225732972         97.57488606317025
216.9865679625787         97.55555715808825
217.41935107964173        97.5382259588947
217.99046857204758        97.50998951476602
218.45079875281192        97.49089811634857
218.9777774542353         97.46967008091829
219.44265340149815        97.44849577901712
219.991059257453          97.4225214234925
220.45772257329685        97.40220956302963
221.01496010875155        97.38146576769536
221.45505326387877        97.36184605111835
222.03345849573827        97.33932232999733
222.46276088654417        97.3213485600536
222.99105925745272        97.29321364213357
223.45772257329656        97.27298643539297
223.99105925745266        97.25022844045002
224.45772257329645        97.23022303455753
224.99105925745255        97.20716917528934
225.4577225732964         97.18732128682007
225.9910592574525         97.16335808353523
226.45772257329634        97.14275616388225
227.02336440600004        97.12314997891323
227.4546591042003         97.10492193970346
228.02251197131994        97.08118151776681
228.4547399398383         97.06307301240969
228.9910592574522         97.03522526378731
229.45772257329605        97.0147464281552
229.99105925745215        96.99210177592691
230.45772257329594        96.97166900348296
230.99105925745204        96.9484946393739
231.45772257329588        96.92890577806652
231.99105925745198        96.90629792049495
232.4577225732957         96.88623262424018
232.99105925745192        96.8635044067158
233.45772257329565        96.84345338718789
233.9910592574518         96.82042924721182
234.4577225732956         96.79994189136703
234.9974074555343         96.77974779707435
235.43766135995128        96.76066106521974
236.01199700805358        96.73509869932248
236.4592353722133         96.71560870343815
237.00929284268585        96.69214602297916
237.47202384467852        96.67492832856523
237.9939420934283         96.64987610678794
238.45436517661375        96.6299312880226
238.9651077283189         96.60850249194706
239.45772257329526        96.58471163533882
239.99105925745135        96.5616706536448
240.45772257329514        96.54197071714162
240.99294687599627        96.522358461998
241.4324283799067         96.5038720407593
241.99262298011558        96.47372703218558
242.4747744573756         96.45542027017099
242.98836463649786        96.43861874018549
243.47438469276665        96.41804467066885
243.98165764849432        96.39385909110037
244.46182300211086        96.37211128770642
244.97630314021956        96.35023692615627
245.4692694250262         96.3293790476791
245.99224363718412        96.3072015059578
246.4577225732947         96.28467875157793
246.9910592574508         96.26138314765534
247.46180157999743        96.241735301904
247.9913594618289         96.2185718806418
248.45570697095985        96.1990633638474
248.97298907946043        96.17966951825574
249.42430534973084        96.15933246682545
249.9946918769271         96.13431809184581
250.44387092555377        96.11744814804445
250.9786997520049         96.09191214887974
251.45519099118206        96.06887601905173
252.0145895053069         96.04819253648385
252.4392189753837         96.02913086960258
253.0304734451194         96.00702863570241
253.43750032824164        95.98975248558095
253.98105226352862        95.96428422535526
254.3892581371278         95.94838617803912
255.0208399425647         95.91955420536028
255.45984561686288        95.90042196114584
256.01426794908036        95.87808178897102
256.4468072729809         95.85979437294613
256.99105925744993        95.83221508464669
257.4577225732937         95.81245146579438
257.9910592574498         95.78994300565178
258.45772257329367        95.76962171411883
258.99105925744976        95.7473114560307
259.4585808880951         95.72966591219283
259.9714129590841         95.70789867469507
260.45857231981216        95.68706460472495
260.9716090818108         95.66567019102297
261.4575577015956         95.64221097409205
261.9826835761355         95.6195727255205
262.4908140280381         95.60151067265001
262.99644904316625        95.57979015265684
263.45772257329327        95.55580626079706
263.99979064141326        95.53567848581382
264.43412043941134        95.51795858327341
265.0240396718987         95.49343501354771
265.454575855097          95.47473010542375
266.0198130263592         95.45103786733846
266.44574995121263        95.43436617469803
266.97913889320245        95.40701741563102
267.4612459913644         95.389259530187
267.95689404330346        95.36864380642149
268.46214912426115        95.34229944671368
268.9920472986279         95.31972678462485
269.47794933283456        95.30119711140958
269.9934642826674         95.2789150013251
270.4739816458317         95.25926879778665
270.9859611045398         95.2378972319442
271.46928539052755        95.21645834489462
271.98770219302406        95.1945906450823
272.46720541803217        95.17407233240705
272.98830607714024        95.1517342729372
273.46460430096806        95.1304132597948
273.98937596095834        95.11076198671306
274.41941806726777        95.09089532171276
274.99075825615466        95.0662840797941
275.4258111724729         95.04902627669038
275.9915306070181         95.02094974614286
276.45772257329224        95.00099925506353
276.9910592574483         94.97863683312305
277.4577225732922         94.95865476589556
277.9910592574482         94.93640920670948
278.4610583858416         94.91794956558994
278.98010666417184        94.89626639448305
279.457722573292          94.87431996536657
279.99105925744806        94.8511770791377
280.4647938937066         94.83149128947512
280.9905504202415         94.80899981493576
281.47253981505463        94.78939975934821
281.99522034247263        94.7695441334867
282.4388457864437         94.74925501667813
282.9977811690259         94.72568688028882
283.44661478442447        94.70691758702209
283.99937025258373        94.68134166947608
284.4763659372411         94.66292058752227
284.9844434674851         94.64205109677337
285.4304424613059         94.61775334088699
286.0493244917489         94.59309882950434
286.44310990957894        94.57929739954874
287.07463431354967        94.55770261372739
287.4650703742021         94.54179627605502
287.9910592574473         94.51027418120141
288.4577225732912         94.48968465455968
288.9910592574473         94.46735404595739
289.4577225732911         94.44762904121202
289.9966710511189         94.42522607226893
290.4581459756832         94.40917980971817
290.95768295384295        94.38798251205682
291.45772257329094        94.3629951126839
292.00869750939194        94.34292155534649
292.4479931365202         94.3231722814489
293.0029759079294         94.2959809645458
293.43529195345303        94.27435406289487
293.9979358145842         94.24988227155814
294.45499909808956        94.23702471191605
294.96463319854547        94.21643991727267
295.4577225732906         94.1921482515408
295.9910592574467         94.16864780409458
296.4848415986596         94.15307645659557
296.9792025527129         94.13188195811698
297.4586411147657         94.10579140027885
298.02668634685006        94.08499870153048
298.4608835739945         94.06382554224469
299.0303906282406         94.04593677294379
299.35883617978624        94.03753101134593
299.9842771216024         94.00283440625172
300.4578936986619         93.97985970293887
301.0087384945772         93.95909622993311
301.45238161911163        93.9397896455352
301.99105925744624        93.91417504474317
302.45772257329           93.89452206993731
303.0040480719222         93.87366427068707
303.4565260077548         93.85467097568431
303.9979239795891         93.83305525561032
304.44060533042955        93.81464090369352
304.991059257446          93.78874980521088
305.4577225732898         93.76881695100575
305.9910592574459         93.74653428304687
306.4577225732897         93.7275341413787
306.9910592574458         93.7051301780804
307.4408088423372         93.68418840441201
307.9790944593595         93.66172287960987
308.4521856405023         93.64420134333847
308.96699296960446        93.6228112424301
309.47071683735925        93.6019118273908
309.98484663986574        93.5801598683351
310.47902221163355        93.56035341760976
310.9868070265863         93.53913096758652
311.46993506811333        93.5175022047602
311.9865458035148         93.49578701826776
312.4692323356454         93.4754238930775
312.9868055170839         93.45352422219557
313.4577225732892         93.43156969420885
313.9910592574453         93.40874623909214
314.45772257328906        93.38921727175683
314.9910592574453         93.36677314758808
315.45772257328895        93.34713829591249
315.99105925744516        93.32471447349117
316.45772257328895        93.30524881293026
316.99105925744504        93.28231904548359
317.45772257328883        93.26271429161199
318.0009116562678         93.24137258534905
318.4588644918367         93.22224353890765
319.00449973144976        93.19680802035121
319.4766655013185         93.17643287374793
320.0079042678617         93.15768564499561
320.45084971710116        93.13942107370625
320.99223324379284        93.11561534964095
321.44077913579906        93.09662897002596
322.00331080666535        93.07292040234681
322.4672152142314         93.05585873922425
323.00690887768485        93.03387604874813
323.46007892098453        93.01249001445736
323.9959541102045         92.98877443398695
324.4571360174866         92.9704283141428
324.9803575170125         92.94415261873054
325.482501646512          92.92298052195943
325.9814232662693         92.90248848161912
326.47157611034595        92.87932849232975
326.999995050042          92.8601730518928
327.45912571218037        92.84150586581366
327.99105925744414        92.81796060106527
328.4577225732879         92.79882697687347
328.99105925744414        92.77668165137669
329.4577225732879         92.75680769647992
329.9910592574439         92.73317535036648
330.4577225732878         92.71320493907103
331.05333850886484        92.69703619959031
331.4573060403469         92.68104792856205
331.9870181967533         92.65382768759346
332.4198834826253         92.63539424694368
333.0311769609357         92.61262664962818
333.45198950045767        92.59467040710028
333.99105925744357        92.5661501303965
334.4723372471417         92.5475275654363
335.0055770635339         92.52482504701307
335.48446140085673        92.50317216257207
335.9913263919607         92.48196695380163
336.45772257328724        92.46121227012517
336.98778661102426        92.4419072549111
337.4234049714215         92.42395630241406
338.0096142068319         92.3990252223564
338.45207146280075        92.38073870577486
338.99105925744334        92.35504980823784
339.4596408488402         92.33814658738439
339.96929497301653        92.31812357455159
340.46133390753585        92.29682958504948
340.95223093950926        92.27134428746241
341.47959471655577        92.24757021462007
341.9946787733917         92.22756548913773
342.5083359866695         92.20699777390418
342.99702217867457        92.19177457645618
343.4485840732167         92.17417218308725
343.96655951802074        92.1505372256393
344.46533037658287        92.12989002102712
344.9633002821947         92.11150528888727
345.41366165772183        92.08629148968942
345.9845343403092         92.06066348495094
346.4334669288729         92.04567005604595
347.00908091343683        92.02274420435215
347.4497909496889         92.00370984752034
347.9942221912702         91.97530490092886
348.4764824758065         91.9547950842769
349.0118031666832         91.93762754106852
349.4554819918566         91.91929393200658
349.99105925744254        91.89395321607267
350.45772257328633        91.87418599799172
350.9853641050586         91.85476452334245
351.4235578115067         91.8365605243272
351.99105925744243        91.81001274595238
352.4577225732862         91.79041213268887
352.99043790015673        91.7698729278443
353.4387778602012         91.75156202146952
353.9910592574423         91.72683773683482
354.457722573286          91.70751509979263
354.9880207349303         91.68377384998148
355.45547532505464        91.66485061790974
355.9771236623783         91.6467278663897
356.4338411566307         91.62865112310946
356.9748366531687         91.60706058823982
357.4299511681928         91.58607497360681
357.99105925744186        91.5590989413229
358.45772257328554        91.53943230817472
358.9763357280294         91.51625391829886
359.4598342149309         91.49749956052581
359.99153452517555        91.47624412034072
360.4577225732854         91.45440334800041
360.99105925744163        91.43202949121128
361.4949515279427         91.41626205428777
361.99385611164075        91.39595873784046
362.4582392226023         91.37339609198425
362.9746451544254         91.35255452456312
363.4690464427531         91.33233118334913
363.98829201850674        91.31059730299889
364.4577225732851         91.28891999105464
364.9910592574413         91.26645978454937
365.4577225732851         91.24713904587618
365.9910592574412         91.22464722787366
366.45772257328497        91.20547213570933
366.99105925744107        91.18325607640854
367.45772257328485        91.16357830541622
367.9888616641156         91.14323223080505
368.43223795045344        91.1253635234357
369.0159065640655         91.10239089120853
369.4551975251758         91.0840802250686
369.99502927809556        91.05849191818767
370.45626504833535        91.03897545258859
370.9964539798316         91.01867361590581
371.43391700985137        91.00071572578514
372.01744828586163        90.97705850254994
372.4766193873602         90.96099693280804
372.9922011700578         90.93753208110684
373.4431211701974         90.91437852839879
373.99987295483663        90.89279640734509
374.45463222134515        90.87401368270581
375.00470639668674        90.85196112506102
375.43260538587003        90.83517873965359
375.9920638680485         90.81018965948371
376.4447363033495         90.79192282577777
376.99138746544315        90.76722256004317
377.45772257328406        90.7467341875783
377.99105925744027        90.7246371918393
378.45772257328406        90.70498085547476
378.99105925744016        90.68264950837622
379.45772257328395        90.66343487070492
379.9935554320575         90.64403605223247
380.4350863636929         90.6257182631077
380.9928203511531         90.6026283953652
381.4290748150669         90.58429371918146
382.0167845895862         90.56130325919771
382.44533098677573        90.54384821734949
382.9910592574398         90.51622400186014
383.4577225732835         90.49635707509653
383.99696692987675        90.4765965011391
384.43765111043706        90.45837187296294
385.02544920580226        90.43520836192971
385.46102171364873        90.41722885324519
386.01773089666995        90.39532555286631
386.4462144373746         90.37810254977533
386.9910592574395         90.35047977653444
387.45772257328326        90.33087417819424
387.9910592574395         90.30952093729603
388.45772257328326        90.29081811948727
388.99105925743936        90.26910726315899
389.43974678311645        90.24607003610956
390.01005075167086        90.2239263530075
390.45305276523413        90.21101814450869
390.95840610166886        90.1846071389449
391.48230994664755        90.16248150304548
391.96792328608706        90.14651023113323
392.484753473889          90.12729689922293
392.9784838838407         90.10761027911501
393.48122303584137        90.08674794167365
393.98012632180667        90.0656793822359
394.45120253292134        90.0444046100501
394.9517344793104         90.02344700916007
395.4577225732827         89.99945718047871
395.9856969630432         89.9802084598603
396.431104183602          89.96245401344261
396.98650438586776        89.93452635794716
397.45954995870056        89.9146246386154
398.0210422293195         89.89612326117823
398.4608475887601         89.87735963337575
398.99659286597546        89.85168638588658
399.47282285220774        89.83482707488714
399.99342745566696        89.81445682992006
400.45542570115026        89.79314386649204
400.99158663769606        89.7702999630262
401.45772257328224        89.75121144544485
401.99105925743834        89.72937449571624
402.4577225732821         89.7101581265009
402.99105925743834        89.68675479345775
403.457722573282          89.66728336167958
404.0209709349833         89.6474985506375
404.4568632700325         89.62791743690983
405.06223071113163        89.60669964505902
405.4561259021058         89.59282469874343
405.9910592574379         89.56430193051693
406.45772257328167        89.54438501796353
406.9910592574379         89.52288079140713
407.45772257328167        89.50351596086769
407.9910592574379         89.4815983285349
408.45772257328156        89.46257823703242
408.99105925743777        89.44056588632314
409.45772257328156        89.42077909177198
409.99105925743777        89.3986376270884
410.45772257328144        89.37876212676079
410.99105925743766        89.3567306216933
411.494990641952          89.3406476026301
411.994046187762          89.32077846849852
412.4764221009774         89.30025267228865
412.9840888523345         89.27966638900705
413.4552285117287         89.2565034401329
413.9890955308707         89.2342209312748
414.45772257328144        89.21551090438503
414.9910592574372         89.19421016800892
415.4512035323081         89.17762442064797
415.95738008429487        89.15427032816584
416.48911318952116        89.13210758535394
416.9559897582109         89.1102072738154
417.43319929391964        89.08553618001643
417.9783523656099         89.06817138839135
418.44182908607877        89.05063379733303
418.98668918309295        89.03102231388851
419.4078077431692         89.01407581563011
420.01491353441713        88.9881082889812
420.44112385142716        88.96723496702167
421.03763277655275        88.94261159981428
421.434004901776          88.92748226483464
421.99618762903765        88.90099713997175
422.4577225732935         88.88540296260989
422.98797036034057        88.85730835301445
423.4986856615151         88.83636953704878
423.99120145630366        88.82108032239238
424.43106287470687        88.80004894319022
424.97216214586194        88.77995974784668
425.4499756834417         88.75969275323916
426.00051121723914        88.73754608671571
426.4588213605523         88.72022072174197
426.9721343995059         88.69637520522566
427.4605332436655         88.67880746959584
427.97963269519823        88.65851088180395
428.43195022803377        88.63716778433881
428.983750907992          88.614825176086
429.4408724664461         88.59310831301968
429.9952584579994         88.5690942696261
430.46494785813206        88.55386432214668
430.9915957280506         88.53213425587252
431.4579158931439         88.51246856938823
431.9829480678993         88.49573794159694
432.40704806437475        88.47828471536202
432.9883850539354         88.45248171629417
433.4266347020923         88.4344170150247
434.0103865582016         88.41092416853297
434.4572261648053         88.39370352880495
434.9905767433388         88.36891596299648
435.458702733634          88.34932660324846
435.9859972493299         88.32745562869005
436.45078245306934        88.31019664452973
436.97630133460177        88.29195027759677
437.4615946974051         88.26951645919577
437.99105925744993        88.24519940162337
438.4577225732934         88.2263228161874
438.99105925744993        88.20477054671304
439.4577225732934         88.1857499349694
439.99105925744993        88.16395808521575
440.45772257329327        88.14494156388957
440.9910592574498         88.12327970312253
441.45772257329327        88.10489263301712
441.9931477094408         88.08204003503704
442.46557166363425        88.06411865813904
442.9713073530504         88.04379016532356
443.48021739393596        88.02366879719352
444.01196163234715        88.00454801836997
444.46295071686336        87.98379924822902
444.9901830886389         87.9598372748229
445.4583522396928         87.94202842522024
445.97873801601054        87.92130231556571
446.45772257329304        87.9007264609758
446.9910592574497         87.87864781309895
447.4440071966976         87.85949183938567
447.9958703380822         87.83863207077736
448.4395379118132         87.81983471617298
448.97491747029983        87.79632081411286
449.4560161927013         87.77789937708394
449.99541194157837        87.75573638520896
450.4676477385498         87.73668576388863
450.9919838360721         87.71505383694183
451.4762819686416         87.69663751218502
451.9929359850029         87.67579529166133
452.4577225732928         87.65441795407418
452.9910592574495         87.63244669349075
453.4577225732928         87.61329757506842
453.99105925744936        87.59169358580607
454.4577225732928         87.57373695643741
454.99105925744936        87.55237256221316
455.4577225732928         87.53309411595636
455.9705545001889         87.50998002616738
456.44152705683746        87.49089181237387
457.0172127602103         87.47221348769308
457.4612337644886         87.45437443195301
457.99105925744925        87.42960507176939
458.4577225732926         87.41039556156382
458.99105925744925        87.38836435407796
459.4577225732926         87.3689561239353
459.99105925744914        87.34703934682308
460.4577225732926         87.32798666181678
460.99105925744914        87.30628937224047
461.4577225732926         87.28757941211019
461.991059257449          87.2655488970071
462.45498487885175        87.24750902229425
462.98531758692366        87.23043927825601
463.4471077381529         87.21291238332802
463.9958965077352         87.19014025159655
464.4506931626938         87.17245704886827
464.9846106508503         87.14800728605036
465.4591747517733         87.12549666682106
465.9908082409962         87.10308725659982
466.45763768756535        87.08600554412692
466.97061977168664        87.06606837353092
467.4529163667679         87.0439310028055
467.9892242457008         87.0226087504761
468.45308229799593        87.00527948430745
468.99249897338746        86.98189008489447
469.48311749895356        86.96424388518578
469.98487496756013        86.942590591489
470.4740958001712         86.91816359592137
470.9910592574487         86.89920760082437
471.457722573292          86.88091750542004
471.9910592574487         86.85877730785099
472.457722573292          86.83973530815106
472.99105925744857        86.81773804282197
473.457722573292          86.79858528679526
473.99105925744846        86.77726493581892
474.457722573292          86.75869052907709
474.99105925744857        86.73612008538011
475.457722573292          86.71684707927783
476.0123217841858         86.69773339757825
476.45671961248433        86.68003432977251
476.9944201730825         86.65563328300898
477.46263751494007        86.63655819746805
477.99105925744857        86.6145582980434
478.4577225732918         86.59576462809893
478.99687793717953        86.57467488601571
479.45716980558007        86.55609026270469
479.99105925744846        86.53428644238943
480.4577225732918         86.51549159352793
480.99105925744834        86.49396229638762
481.4577225732919         86.47468663225445
481.99105925744834        86.45346164877496
482.4577225732918         86.43484365528349
482.99105925744834        86.41315275543258
483.4577225732918         86.39442100667867
483.99105925744834        86.3727246190677
484.4577225732917         86.35419753653608
484.99105925744834        86.33290539031636
485.4577225732917         86.31346110827751
485.9910592574482         86.29210040349489
486.4577225732917         86.27293528141847
486.9910592574482         86.25122661234437
487.4577225732917         86.23245897507186
487.9910592574482         86.21081629831934
488.4577225732917         86.19204573034006
488.9910592574482         86.17020031444915
489.46144892169104        86.15266989939413
489.9780721937566         86.13230752999107
490.4876783722236         86.11348678354867
490.9942777863696         86.09315795793007
491.4823244265332         86.07294172859251
491.9937025445246         86.05241203113195
492.45772257329145        86.03065010383241
492.991059257448          86.00880933322341
493.45772257329145        85.99065253484922
493.9910592574479         85.96928063897526
494.45772257329145        85.94963585938514
494.9987126098729         85.92773098860063
495.48126206609527        85.91101272340546
496.00308000833616        85.89078814787123
496.47824939247255        85.87170605763552
497.0083874643361         85.8516992215436
497.45873403029816        85.83375079259083
497.9716619153571         85.81049929765648
498.4607039710685         85.78898249006807
498.9814094217264         85.76780935478696
499.4667573387568         85.75040681410466
499.9681441425232         85.7304198504479
500.4577225732912         85.7065256918259
501.00078831845565        85.68852088215327
501.45239774033007        85.67474775151133
502.00763660773055        85.65141056619693
502.46134217384963        85.62923702045302
503.01144574127807        85.60627934258109
503.4609830196056         85.5883965439004
503.99105925744766        85.56481096853572
504.4577225732911         85.54576360762017
504.99021170544734        85.52662645671488
505.4312813211973         85.50909449216601
505.99018003405706        85.48604180349416
506.4302932624039         85.46890659530983
507.04416159733           85.44909042664942
507.45405137617115        85.43260666930061
507.99105925744755        85.40447959219716
508.45772257329077        85.38553649274033
508.9969164934639         85.36354229620672
509.4661551879208         85.34423358235036
509.9993867760834         85.32455394135346
510.45829763851543        85.30667434748018
510.9806417274251         85.28210436078282
511.46148106531996        85.26248928447349
511.9902689465622         85.24407205751687
512.4467872645657         85.22576354820004
512.9910592574472         85.2028653881438
513.4577225732907         85.1837518297987
513.9910592574472         85.16242780645791
514.4577225732905         85.14374257923552
514.9910592574472         85.12272846801739
515.4577225732905         85.10418615487029
515.9910592574471         85.08301580605583
516.4577225732905         85.06462079217967
516.9910592574471         85.0431578969877
517.4577225732907         85.0243628142661
517.991059257447          85.00305428342062
518.4577225732908         84.9842896170138
518.9910592574468         84.9631017210496
519.4577225732912         84.94468934988241
519.9910592574462         84.92342545472968
520.4577225732921         84.90457246533049
520.9956348543578         84.88528731669223
521.4437325956216         84.86734754255117
521.99176886079           84.8442032880383
522.4494855150317         84.82607592004199
522.9910592574354         84.80221242951215
523.4577225733119         84.78316893940018
524.0311494115952         84.76531313632682
524.4622917347563         84.74823189516675
524.9925515436234         84.72652558799248
525.4196617199929         84.70966594030413
525.9887840144338         84.68470670046828
526.4426016151193         84.66700167027773
526.9892434113901         84.64433452574143
527.4456965688737         84.6258536392471
527.991059257063          84.60331247361371
528.4577225740385         84.5844587738201
528.9910592567771         84.56307893097525
529.4577225747737         84.54435833396606
529.9910592563687         84.52323140141253
530.457722576392          84.5043942349493
530.9910592559526         84.48267833947327
531.4577225803705         84.46459572755336
531.9984203774009         84.4463995316978
532.4111727582616         84.42655318553436
533.0338876746773         84.40140331593528
533.4364504774302         84.38531859977508
534.0701004673995         84.36374491125872
534.4685379573033         84.35141080167499
534.9887058904123         84.32393457173934
535.4540477904868         84.30859964339048
535.9516761181507         84.28997672581391
536.4583759440968         84.26823454918497
536.9676175214072         84.24836984838402
537.4577244228374         84.22706300874924
537.9910598664987         84.20587077047445
538.4196476755858         84.18278490823863
538.9854066497752         84.15957572448187
539.4577285366526         84.14587154249969
539.991060897198          84.12459361799054
540.4577313063279         84.10610299041346
540.9910614719724         84.08515302911398
541.45773406881           84.06671555258461
541.9910620125181         84.04595418329343
542.4577367051224         84.02757017494521
542.9910625427842         84.00562654273459
543.457739312311          83.9870247022484
543.9910630701147         83.96566500053
544.457741839117          83.94705832137586
544.9910635420827         83.92603042071153
545.4577440573742         83.90741569922065
545.989767116746          83.8890797668285
546.4305201374336         83.87209191397977
546.9910643764684         83.84684920272647
547.4577484054481         83.82811786775174
548.0023922292677         83.80783224503257
548.4599249542327         83.78972675031002
548.9910658955234         83.76763970193592
549.4577563480341         83.74899339666537
549.9919366573951         83.73048173983905
550.4356561807231         83.71323641644048
550.9903303054085         83.69040111206242
551.438851318575          83.67276346531895
551.9961878650195         83.6488395973206
552.456495205387          83.63031109659153
553.0423324488709         83.6120404955678
553.469073818188          83.59563610117078
554.0087399154105         83.5697063127545
554.4795775399766         83.55072511907404
554.9910685328197         83.53079000392684
555.4529513396915         83.51521171919444
555.9582965890979         83.49598915688047
556.4767285144405         83.47512867235773
556.9899068596818         83.45467431161482
557.474603929211          83.43600723870347
557.9851343413543         83.41729302721176
558.4413800050716         83.39738005539778
558.9897334737741         83.37563639838261
559.4390115966843         83.3576055730083
560.0151426835221         83.33682674572383
560.4444382031877         83.31844055235422
561.0034667304111         83.29194691183372
561.4633524678923         83.27615954282368
561.9917328171359         83.25611974622863
562.4578094394791         83.23715077706102
562.9910768523647         83.21484387892356
563.4467217046349         83.19480558450901
564.0453614615795         83.17822522373108
564.4506636167316         83.16236048625525
565.0036333204607         83.13620006862081
565.4257578266034         83.12031683970095
566.0098826621257         83.09681219076222
566.4448772143933         83.0810167132494
567.0121429089144         83.0589853440019
567.4416161670313         83.04024427765239
567.9836508918469         83.01642014682902
568.4756980633715         83.0014075559844
569.0123968663258         82.98476952224254
569.4632119275623         82.96443295744167
570.0055476913071         82.94099719940222
570.4455594101527         82.92474950584104
570.9909476198893         82.90218252581197
571.4545469750566         82.88350496231654
571.9970045256962         82.86259478645255
572.457497945152          82.84500012781487
572.9868486833246         82.82320245408746
573.4501166369712         82.80078812311396
574.005266511833          82.78336409427916
574.4064999724906         82.77195570644058
574.9788234787009         82.74784349087481
575.4319620593694         82.73002967794775
575.98494969788           82.70636170690013
576.457795492538          82.68800356259285
576.9835683502274         82.66787211614381
577.4584842524241         82.64824399578302
577.9832401999163         82.62780458703561
578.479364770782          82.61176011606096
578.9788398000652         82.59294631989953
579.4572477627056         82.57089237547186
579.9805126381489         82.55035068200648
580.4500438865483         82.53273742706718
580.9691444885541         82.5147706593969
581.4303123808617         82.49799996027659
581.9765240954404         82.47417417884631
582.4581063196042         82.4532337051449
583.0155245033968         82.43528307137109
583.4670027994371         82.42015856096872
583.9738356593684         82.40164931145212
584.3979218590408         82.38480121514512
584.9760088976125         82.35834291683008
585.4569913065037         82.34019395583636
585.9700095300987         82.32065251474187
586.4564919980884         82.30069133516368
586.983344936607          82.28009819987693
587.4580066666514         82.260938703369
587.9798510402017         82.23838583038174
588.4718567742776         82.21869250358598
588.9868070622176         82.20064617153139
589.4555148372322         82.18507659326465
589.963476451297          82.16627089391385
590.4573921978158         82.14340359295751
591.0226538964513         82.12432474082479
591.4725609571437         82.1106003134492
591.9837448047282         82.09022155994634
592.4857333386318         82.07165207120414
592.9688109239257         82.05441316833594
593.3987814543907         82.03546614622518
593.8978544789409         82.01738573270057
594.3913505793045         82.00430018973694
594.7513375917949         81.97900621672129
595.044785577671          81.97155029129657
595.5244451849285         81.94481616669633
595.864499952195          81.91122495872298
596.6434387703108         81.90358275674484
596.7031293030346         81.8972819176082
596.7408948606328         81.89799984770573
597.5202287523113         81.80526592823055
598.1918919646375         81.809953754812
598.3360141741744         81.7886849276662
598.4713862626388         81.79140827840982
599.1240553110965         81.70210110706375
599.7263648476633         81.73130862988258
600                       81.7093956931199
