% Model:              CMSL_AJB_O2_20210227_AdptLKR.mph
% Version:            COMSOL 5.5.0.359
% Date:               Feb 28 2021, 00:53
% Dimension:          1
% Nodes:              1208
% Expressions:        1
% Description:        Line graph
% cln1x                   Height
0                         75
0.07644537880878488       75.00000033445033
0.8127602615697924        75.00000350349208
1.5333611862234306        75.0000018463416
1.691313091440577         75.00000130659119
1.8429681349171005        74.99999844675595
2.5419370262270036        74.99998434388104
3.2174618005118987        74.99998000594275
3.274558342129012         74.99997554362113
3.404895743775228         74.99997194663071
3.955876995275162         74.99993112122534
4.140306653069729         74.99992723328198
4.689754130582742         74.99983628903384
4.9906938820326445        74.99969378149498
5.457047219396202         74.99956822484528
5.655585384957362         74.99940945703524
6.129825952080182         74.99896125535226
6.526795916652645         74.99868020623568
7.013540003992716         74.99823291127778
7.396171616410868         74.99749735558267
7.98464101751739          74.99662405284352
8.354363779026244         74.99612079954801
9.000420925930882         74.99463779776337
9.443002490288109         74.99357748688172
9.998298162578806         74.99207992749821
10.467453214465024        74.99059832613345
10.997184887368007        74.98919049168116
11.423543391872272        74.98758827990976
11.99901420936078         74.9848195937462
12.474907543775771        74.98257499039384
12.9889728045693          74.97985215449671
13.468372678326318        74.97721073492055
14.0151494739913          74.97456778705637
14.464274135202345        74.9716950526038
15.011120710228454        74.96815891878107
15.462006218028478        74.96492581017667
15.996249183457735        74.96012481489468
16.45760037942813         74.9559593432266
16.991022358406894        74.95192020093853
17.387868124577608        74.9471437348208
17.97390812048758         74.94051368086637
18.459738787339063        74.936758629202
19.015126087754936        74.93179935080762
19.456953417825503        74.9267167799871
19.99122301803868         74.91954568006906
20.457522880578153        74.91356818022867
20.991816970559114        74.90694023085776
21.456958540726703        74.90071671592041
21.992082734458506        74.89348219606508
22.465177304545932        74.88678561693422
22.99468565551541         74.87888011641353
23.45601706578134         74.87102715048808
23.991781244174263        74.86243176552284
24.45108715582711         74.85460674983395
24.987735683116284        74.84494273058127
25.45481915394157         74.83689359412267
25.989499946149294        74.8273188475015
26.454353436130077        74.81896127948299
26.987305351910095        74.80914424544943
27.455936879918227        74.79973677393306
27.98371566160165         74.78953352199488
28.460673446828764        74.78097550901673
28.986459129118657        74.77092008393649
29.434175488268124        74.76085811128264
29.98234061628682         74.7478893357418
30.45698550812233         74.73745172430543
30.98872887234228         74.72556520629064
31.466293792747194        74.71455544663003
31.985726064324012        74.70262597086436
32.460581488074354        74.6910816728104
32.98845594957436         74.67873115944427
33.499963982363624        74.66986670390516
33.98755619883059         74.65872586801542
34.4508611474314          74.64584834014703
34.97375599796976         74.63325332571824
35.433523469263946        74.61925123121952
36.030909973715666        74.60483890179746
36.49141286615696         74.59533987674688
37.01697752822918         74.57931460421139
37.48871948917213         74.56448775370804
37.99714710422535         74.55081355084288
38.46562238389396         74.53813180249227
38.995657682003184        74.52413364354048
39.4594829601063          74.51273190873788
39.97535304896587         74.49884684391837
40.447898666307765        74.48550026194876
40.94794976231981         74.46796587098567
41.45269734102067         74.45153574379387
41.98986735275395         74.43937756662507
42.450082874653674        74.42627714391304
42.9890934352357          74.4088878248182
43.45798373806025         74.39567908357344
44.014493317146815        74.38220317612063
44.41013465787515         74.36434380800807
45.039189791509386        74.34453808789983
45.419577315822835        74.33748044110303
45.9517836630215          74.31978883753759
46.430818837314405        74.30605253686495
46.98057737818172         74.28974745321972
47.43891133224773         74.27543445441607
47.98868472333177         74.25505816116646
48.483664945387005        74.24187379602789
48.96861828489892         74.22957034780826
49.44980538344299         74.2122412538784
49.99164740172577         74.19583394940518
50.44263051062799         74.18168448659317
50.993197390963616        74.16262563207657
51.45691129547126         74.14770166837413
51.991035510655394        74.13013434961321
52.45760323359596         74.1150140093371
52.99103794092318         74.09782113883978
53.46998176026338         74.08373254959339
53.98965312332709         74.06727304536355
54.46449569876623         74.05106618577156
54.98873717373891         74.03388248240933
55.46071529750509         74.01808137287613
55.97994557701398         74.00074133481782
56.5014107003019          73.98742706532649
56.98917752660276         73.97163827973482
57.45927018372345         73.95360419285414
57.96441676910541         73.93651010928366
58.45811119115052         73.91852798055973
58.97699945457083         73.9008736704491
59.461074000348844        73.88362931948458
59.98269371781589         73.86589814646901
60.52304041236175         73.8535794357084
60.99924531228811         73.83793194889073
61.459346302326026        73.81803807731954
61.96819794805447         73.80057597205476
62.47341238404846         73.7833611337338
62.98622994912057         73.7658213614579
63.457682705356206        73.74752647595517
63.99105189502359         73.7284799236841
64.45768715615668         73.71240520422096
65.00329127792327         73.69351308741498
65.45890950807319         73.67767805145326
66.04322665172725         73.66168625877391
66.46288717513107         73.64756375417335
66.99105464832667         73.62412534417992
67.45631318986682         73.60856228146484
67.98378545437663         73.58997364146083
68.44829493470456         73.5703696257109
68.99859810087469         73.5556909370642
69.42946540451305         73.5441625139508
69.99352637339246         73.52313612516127
70.42626308437178         73.5066918019748
70.99151590523553         73.48421543095826
71.45771301639945         73.46749220880588
71.97241865834104         73.44707985388999
72.42126092465628         73.42593590201581
73.02958623085601         73.4095333911218
73.44704349161344         73.39844727440355
73.9993910656134          73.37826582404398
74.42935210695066         73.36308600101322
74.9882889069367          73.34195836638224
75.43677127134242         73.32603801711511
75.98666799450729         73.30635859688638
76.42782936332429         73.29054796977864
77.02135639867714         73.27027195103153
77.46056789808563         73.25395895241249
78.02338308213194         73.2337058627029
78.46075874005152         73.21798291153502
78.99498492127509         73.20189678053526
79.39112415035277         73.18830920646644
79.99273073616695         73.16100992532012
80.45086680501265         73.14402945678694
81.02224203457922         73.12624928061771
81.46065278567045         73.11035095937052
82.02085216524421         73.08977368076188
82.46052223059792         73.07400080129467
82.99366190831842         73.05811436519245
83.39156668705658         73.04438088088023
83.99137135937207         73.01811115856275
84.44276629072874         73.00130803573377
84.99105836031458         72.97973610082906
85.46060442619762         72.9640078620072
86.00955454147282         72.94752103455622
86.45267276390007         72.92951597574687
87.03934353718859         72.911104535551
87.44926522137337         72.89614697000042
87.97237324519335         72.86699088320819
88.54438952961164         72.85441236691382
89.0270039971989          72.84299725998191
89.43604602990285         72.81688230067819
90.05287370054725         72.79673789040474
90.44075791480816         72.78690188866057
90.98361585740713         72.76130229219916
91.45561317221859         72.74669022598161
91.9615635584542          72.72947271661612
92.43944086785154         72.71098477898404
92.97457731108403         72.6900255142441
93.45204878335767         72.67351111180773
93.98494554759816         72.65730895363664
94.43810425388483         72.63661605720687
94.97841903163771         72.61780267356455
95.39639384410799         72.60498921811194
95.99400128187733         72.57984681824966
96.44287873649739         72.5622679359221
97.02248489452461         72.54289027242886
97.4233900579751          72.52506259659654
98.05526000890058         72.50348963194803
98.46066129239352         72.48963704905997
99.01587840049876         72.46624796535164
99.43062801729718         72.45462502016736
99.98622496287459         72.43421365158629
100.42366595032638        72.41800038888066
101.02421174210622        72.3971545374447
101.46084539255543        72.38093941352469
102.02330385825758        72.36014588448842
102.46075987428901        72.34383131788852
102.99485024070498        72.32730078762226
103.3934355389132         72.31326125217319
103.99273229019082        72.28572821538407
104.45087309134544        72.26870092784291
105.02421174116279        72.2508377337977
105.46084539342212        72.2347517964526
106.02330385772586        72.21404224092423
106.46075987478451        72.19843853020176
106.99393287741202        72.18072065573307
107.40918929553163        72.16521637698992
107.99418481503687        72.14020987600624
108.44575184396928        72.12335947466335
109.01961021913735        72.10436930876755
109.45545478936049        72.08836287660922
110.02161344345745        72.06773456410765
110.4621978411709         72.0515003430455
110.99139295335698        72.03069358126805
111.43340506813934        72.01472442513908
111.99138826141376        71.99433323917943
112.43374698520773        71.97804134122747
112.99217091170277        71.95804404101855
113.43013755660166        71.94209115058847
113.99105925744198        71.91866198930181
114.45772257328576        71.90119713853387
114.98838571323938        71.88431447570822
115.42840765913456        71.86826886085043
116.00746049229139        71.84677048274291
116.45185533674328        71.83042186041484
116.99726481429946        71.80878124722435
117.45598356572953        71.79183695740113
118.01019579787373        71.7727154079648
118.46057008740331        71.75593864329169
119.01227208302055        71.7367253021551
119.47612937348174        71.72181979135203
119.98891412817238        71.70068977226774
120.49045264078632        71.68384132695336
120.98912886755318        71.66556998384846
121.48652322026771        71.64619096500371
121.99489805281843        71.62767859691115
122.45772257328571        71.60787917277815
122.99105925744135        71.58850505199081
123.45772257328565        71.57149620151081
124.00748512454527        71.55171818758633
124.47607161348935        71.53470352954912
125.00567693365804        71.51633274246802
125.45998221559773        71.499652090968
125.9910592574413         71.4785089976725
126.45772257328565        71.46137601839797
126.9910592574413         71.44186131610579
127.45772257328565        71.42463488871695
127.99030536194857        71.40663139034548
128.44570676630042        71.39014001163359
129.00359566118823        71.36989624311167
129.4534121257425         71.35350938943964
129.99105925744124        71.33182766105745
130.45772257328548        71.31491406061107
130.99105925744118        71.29558806942461
131.45772257328542        71.27849931084228
131.99039214618801        71.26051428579224
132.447089958908          71.24398082611475
133.00419098270714        71.22410703481509
133.45320743369268        71.20764586072764
133.99105925744118        71.18586349190927
134.45772257328537        71.16832378987567
134.99105925744112        71.14883547089217
135.46522164713684        71.13211200782015
135.99073749441231        71.11444979710603
136.47410927773865        71.09909814328573
137.003622882777          71.07994469262587
137.46154853982273        71.06051678071744
137.9918567732954         71.03914585987829
138.4929752989221         71.0243657407299
138.99473745423546        71.00638802861407
139.4538146761625         70.98845473408659
139.95386387732805        70.96977455492728
140.46656081234835        70.94958903238988
141.003001476465          70.93350695727881
141.46185398637033        70.91564459051656
141.99105925744084        70.89283777145852
142.433384920952          70.87358253311727
142.98390762666043        70.85638112699543
143.42077785782863        70.8436808059998
143.98618879583415        70.82086350576927
144.44013027163578        70.80175803370255
145.0074783973099         70.78070157784205
145.46396865669317        70.76270382510192
146.0481212198714         70.74281170134972
146.47718696501317        70.73159698994704
146.98998992116333        70.71055347644692
147.47711543361504        70.69385965663112
147.98568980092773        70.67730639173362
148.44719763956607        70.6580511998579
149.00338368812606        70.63812312350771
149.45348500938383        70.62112683265873
149.9910592574406         70.59939002390573
150.45772257328497        70.58208477654077
150.99105925744055        70.56262715156004
151.45772257328497        70.54593352702408
151.9903054387746         70.52815604342662
152.44341216667215        70.51334421224867
152.97399827626413        70.49173768649024
153.4517395999476         70.46835248039586
154.07351456049605        70.4515072615172
154.46654445683254        70.44079659621548
154.98833881835577        70.41506253505726
155.46544857437812        70.39928567188517
155.96456428769648        70.38530178035168
156.43842820470445        70.36808029310134
156.99171105567615        70.34793226375749
157.45464434529367        70.33175142796134
158.00808025352183        70.31205741473934
158.46393085365105        70.29364458156026
158.98120587921227        70.27584912414083
159.40950158234313        70.25984808163363
159.9953750601752         70.23518174095315
160.4564808099567         70.21829169027772
161.00554060410195        70.19917729716266
161.45669490125243        70.18288921054906
161.99105925744027        70.16162528452966
162.45399018518253        70.14632529515917
162.9712311137667         70.12812181126812
163.44379740666716        70.10685498186619
163.9938815939754         70.0880807799683
164.4474124167793         70.07404454454202
164.99105925744027        70.0525528154462
165.4577225732845         70.03560726827631
165.99105925744016        70.01636862661412
166.4577225732845         69.99884139213962
166.99105925744016        69.97948656889663
167.45772257328446        69.96254947603249
167.99771248721186        69.94288545894705
168.46717196567005        69.92610005055884
169.00887885421923        69.90825498310298
169.46106783299285        69.89223848358633
169.99105925744004        69.87117904372839
170.45772257328434        69.85429803382654
170.99105925744004        69.83555601310977
171.4577225732843         69.8185857832736
171.99105925743999        69.79914858495883
172.4577225732843         69.7820965312707
172.99105925744004        69.76256101786868
173.45772257328417        69.7455320145427
174.03122583178572        69.72903318699132
174.4607388097162         69.71400712984982
174.9910592574402         69.69020818123228
175.45772257328395        69.67281088874444
175.99105925744067        69.65386004415895
176.47448715894006        69.63807978408666
176.98860683610928        69.62045092923555
177.44593867996826        69.60189383785749
177.9888905438661         69.58264962453964
178.4453295897589         69.56663668858184
178.99105925744556        69.54534829942136
179.4577225732869         69.52825353972769
179.99105925744846        69.50853478522204
180.45772257328952        69.49143109798004
180.99105925745158        69.47253801628113
181.45772257329259        69.45561526363474
181.99105925745414        69.43622796121
182.45772257329554        69.41926766215272
182.99105925745573        69.39988532531193
183.46302576151322        69.38478778972089
183.9764598930695         69.36675048210532
184.4750327674921         69.34888551162109
184.98961512787236        69.33004716854597
185.4651441120498         69.31357690035392
185.9984698620296         69.29775549892234
186.4631048655463         69.27839073728701
186.9917973327489         69.25802774839634
187.43600850353096        69.24252330865276
187.99105925745567        69.2197602749046
188.45772257329946        69.20272797132425
189.00838984652927        69.18552221766055
189.45227993333896        69.16976832376594
189.99105925745545        69.14751602984398
190.4577225732993         69.13029917185712
191.0115867829914         69.1128173779463
191.46180899975622        69.09656209074431
191.99105925745533        69.07506968053377
192.45772257329912        69.05839120627245
192.99105925745528        69.03879123517673
193.44700099454377        69.02499578839435
193.94364894125948        69.00757526287354
194.47100401505998        68.98735985051307
194.98968217794413        68.97070971423013
195.44115139780592        68.95238131745865
195.99207127962995        68.9321466872978
196.43781283168147        68.91646518420264
196.99105925745488        68.89417199813926
197.45772257329878        68.87704771299225
197.99446407745103        68.85953399927418
198.44731104626146        68.84456141923808
198.9859779688257         68.82424462277184
199.4666256207592         68.80892887815585
199.9700837088966         68.790466594189
200.47902008678284        68.77213136874315
200.97605275799407        68.75048463343882
201.4895841536494         68.7275116618745
201.99105925745448        68.7139635814722
202.45867568399456        68.69943445199152
202.95700099290866        68.67795017136721
203.46417292875935        68.66018035436781
203.96624947013623        68.64653199248323
204.4516156497309         68.62862162046876
205.00794527596656        68.60873551279512
205.46200164815673        68.5902213106851
206.01248896032837        68.57127711721003
206.45626590927992        68.55573689066459
206.99060430399345        68.53569650013615
207.43406960082638        68.52012421609247
207.9910592574539         68.49777415295107
208.447892207201          68.48400911210636
208.9438795819492         68.4669884047921
209.45772257329764        68.44521302626116
209.9910592574538         68.42595778672892
210.45772257329753        68.40970531489246
210.99105925745368        68.39059018510922
211.45772257329747        68.37419054226207
211.99105925745368        68.35604362613101
212.45772257329742        68.34016450975506
212.9632528388849         68.3172914950397
213.46088137311563        68.29987742033774
213.99105925745351        68.28474436242556
214.42231066866992        68.26349770200575
214.9909850166482         68.23883754962694
215.51155582076774        68.22607107354679
215.99265942463416        68.21169323267021
216.4577225732972         68.19298791165404
216.9865679625787         68.17694654104544
217.41935107964173        68.1625641981825
217.99046857204758        68.13913549052933
218.45079875281192        68.12329397738237
218.9777774542353         68.10567944775688
219.44265340149815        68.0881110594068
219.991059257453          68.06656093937653
220.45772257329685        68.04970884706124
221.01496010875155        68.03249718965301
221.45505326387877        68.0162203753067
222.03345849573827        67.9975326684833
222.46276088654417        67.98262089178826
222.99105925745272        67.95928203995828
223.45772257329656        67.94250201086334
223.99105925745266        67.92362275431256
224.45772257329645        67.90702731064546
224.99105925745255        67.88790361644563
225.4577225732964         67.87143949188365
225.9910592574525         67.85156292068856
226.45772257329634        67.834474882479
227.02336440600004        67.8182105933785
227.4546591042003         67.8030915334133
228.02251197131994        67.78340013191453
228.4547399398383         67.76838055852303
228.9910592574522         67.74528576496861
229.45772257329605        67.72830177369953
229.99105925745215        67.70952158057712
230.45772257329594        67.69257654211115
230.99105925745204        67.67335820570383
231.45772257329588        67.65711308374576
231.99105925745198        67.63836488701642
232.4577225732957         67.6217258056997
232.99105925745192        67.60287880491882
233.45772257329565        67.58625245587315
233.9910592574518         67.56716105355613
234.4577225732956         67.55017408768882
234.9974074555343         67.53342865572554
235.43766135995128        67.51760344036992
236.01199700805358        67.49640967962422
236.4592353722133         67.4802507062716
237.00929284268585        67.46079818380818
237.47202384467852        67.44652252100589
237.9939420934283         67.42575441021039
238.45436517661375        67.40921963812657
238.9651077283189         67.39145487223006
239.45772257329526        67.3717336010047
239.99105925745135        67.35263330711808
240.45772257329514        67.33630322342907
240.99294687599627        67.32004427584046
241.4324283799067         67.30472029325504
241.99262298011558        67.27973629024777
242.4747744573756         67.2645615730036
242.98836463649786        67.25063374703747
243.47438469276665        67.23358123896423
243.98165764849432        67.21353665746769
244.46182300211086        67.19551277826923
244.97630314021956        67.1773836464893
245.4692694250262         67.1600974772678
245.99224363718412        67.14171789396785
246.4577225732947         67.12305434455033
246.9910592574508         67.10374941814477
247.46180157999743        67.08746766047582
247.9913594618289         67.06827343635236
248.45570697095985        67.0521080650521
248.97298907946043        67.03603662651528
249.42430534973084        67.0191856858522
249.9946918769271         66.998459090898
250.44387092555377        66.98448011821682
250.9786997520049         66.96332369718932
251.45519099118206        66.9442391701706
252.0145895053069         66.9271018092289
252.4392189753837         66.91131007563177
253.0304734451194         66.89299777624178
253.43750032824164        66.87868542953922
253.98105226352862        66.8575868183377
254.3892581371278         66.84441604349776
255.0208399425647         66.82053257334326
255.45984561686288        66.80468430431263
256.01426794908036        66.78617808925848
256.4468072729809         66.77102972038581
256.99105925744993        66.74818705144118
257.4577225732937         66.73181674581915
257.9910592574498         66.71317359259774
258.45772257329367        66.69634269934234
258.99105925744976        66.67786439332278
259.4585808880951         66.6632491260651
259.9714129590841         66.64522188587821
260.45857231981216        66.62796764668204
260.9716090818108         66.6102494834028
261.4575577015956         66.59082358839652
261.9826835761355         66.5720764281707
262.4908140280381         66.55711812759199
262.99644904316625        66.53913216731559
263.45772257329327        66.51927411471152
263.99979064141326        66.50260620018402
264.43412043941134        66.48793353775713
265.0240396718987         66.46762783951318
265.454575855097          66.45214113512662
266.0198130263592         66.43252466406788
266.44574995121263        66.41872052514995
266.97913889320245        66.39607968197282
267.4612459913644         66.38137666097916
267.95689404330346        66.36430938051537
268.46214912426115        66.3425021767821
268.9920472986279         66.32381535648038
269.47794933283456        66.30847552020344
269.9934642826674         66.2900308017727
270.4739816458317         66.27376764715241
270.9859611045398         66.25607694499894
271.46928539052755        66.2383314933224
271.98770219302406        66.22023093615161
272.46720541803217        66.20324810769146
272.98830607714024        66.18475950894981
273.46460430096806        66.16711395013559
273.98937596095834        66.15084860511722
274.41941806726777        66.13440712970451
274.99075825615466        66.11403858453228
275.4258111724729         66.09975593162945
275.9915306070181         66.07652281621915
276.45772257329224        66.06001321763382
276.9910592574483         66.0415078370099
277.4577225732922         66.02497289453179
277.9910592574482         66.0065648993313
278.4610583858416         65.99128999740088
278.98010666417184        65.97334853066683
279.457722573292          65.95519019830762
279.99105925744806        65.93604199047833
280.4647938937066         65.91975462741503
280.9905504202415         65.90114629177295
281.47253981505463        65.88493042904189
281.99522034247263        65.86850262338187
282.4388457864437         65.85171807329766
282.9977811690259         65.83222037321674
283.44661478442447        65.81669348228155
283.99937025258373        65.79553715973067
284.4763659372411         65.78029851459078
284.9844434674851         65.76303545237062
285.4304424613059         65.7429392430149
286.0493244917489         65.72254527778134
286.44310990957894        65.71112854781188
287.07463431354967        65.69326494192863
287.4650703742021         65.6801083821027
287.9910592574473         65.65404017171802
288.4577225732912         65.63701209711537
288.9910592574473         65.61854409470936
289.4577225732911         65.60223116741544
289.9966710511189         65.58370439844884
290.4581459756832         65.57043327090395
290.95768295384295        65.55290411996769
291.45772257329094        65.5322427183501
292.00869750939194        65.51564218008485
292.4479931365202         65.49931242675356
293.0029759079294         65.47682999935711
293.43529195345303        65.45894961974166
293.9979358145842         65.43871568586125
294.45499909808956        65.42808261600217
294.96463319854547        65.41106317244808
295.4577225732906         65.3909810749172
295.9910592574467         65.37155284866648
296.4848415986596         65.35867768967967
296.9792025527129         65.34115660157464
297.4586411147657         65.31959046165363
298.02668634685006        65.3024012880769
298.4608835739945         65.28490006172375
299.0303906282406         65.27010976568768
299.35883617978624        65.26315911307577
299.9842771216024         65.23448223128223
300.4578936986619         65.21549395839592
301.0087384945772         65.19833099175347
301.45238161911163        65.18237389192691
301.99105925744624        65.16120441908099
302.45772257329           65.14496174319869
303.0040480719222         65.12772295788082
303.4565260077548         65.11202625816901
303.9979239795891         65.09416196770994
304.44060533042955        65.0789443553192
304.991059257446          65.05754948454823
305.4577225732898         65.04107817392104
305.9910592574459         65.02266532663964
306.4577225732897         65.0069649971746
306.9910592574458         64.98845288581357
307.4408088423372         64.97115031962541
307.9790944593595         64.95258792548478
308.4521856405023         64.93811037785908
308.96699296960446        64.92043766422213
309.47071683735925        64.90317064483062
309.98484663986574        64.88520000221563
310.47902221163355        64.86883670040375
310.9868070265863         64.8513042029511
311.46993506811333        64.83343717186399
311.9865458035148         64.81549850210229
312.4692323356454         64.79867748606985
312.9868055170839         64.78058756104106
313.4577225732892         64.76245363812829
313.9910592574453         64.74360153889992
314.45772257328906        64.72747115401606
314.9910592574453         64.70893312067514
315.45772257328895        64.69271616694303
315.99105925744516        64.67419588910727
316.45772257328895        64.65811921583581
316.99105925744504        64.63918240861432
317.45772257328883        64.62299181150131
318.0009116562678         64.60536644061341
318.4588644918367         64.58956945050112
319.00449973144976        64.568566427816
319.4766655013185         64.55174187724181
320.0079042678617         64.53625989414041
320.45084971710116        64.5211781913523
320.99223324379284        64.50152172278143
321.44077913579906        64.48584505480524
322.00331080666535        64.46626960967131
322.4672152142314         64.45218187671766
323.00690887768485        64.43403231904284
323.46007892098453        64.41637669272433
323.9959541102045         64.39679770594068
324.4571360174866         64.38165107198924
324.9803575170125         64.35996141939061
325.482501646512          64.34248392492229
325.9814232662693         64.32556775209743
326.47157611034595        64.30645120333479
326.999995050042          64.29063820784974
327.45912571218037        64.27522942392123
327.99105925744414        64.25579502434915
328.4577225732879         64.24000197308979
328.99105925744414        64.22172354555003
329.4577225732879         64.20532095750829
329.9910592574439         64.18581733243506
330.4577225732878         64.16933623228273
331.05333850886484        64.15598892221503
331.4573060403469         64.14279376099869
331.9870181967533         64.12033152378748
332.4198834826253         64.10512010239745
333.0311769609357         64.08633088944785
333.45198950045767        64.07151375031155
333.99105925744357        64.04798186155989
334.4723372471417         64.0326151322673
335.0055770635339         64.01388349766519
335.48446140085673        63.99601852304323
335.9913263919607         63.97852280147709
336.45772257328724        63.9613999174728
336.98778661102426        63.945471214731256
337.4234049714215         63.930661380114095
338.0096142068319         63.91009344112431
338.45207146280075        63.89500714238656
338.99105925744334        63.87381625829531
339.4596408488402         63.85987095666487
339.96929497301653        63.84335321099114
340.46133390753585        63.82578790213567
340.95223093950926        63.80476753073381
341.47959471655577        63.78515855314609
341.9946787733917         63.76865814742333
342.5083359866695         63.7516938671299
342.99702217867457        63.73913608809775
343.4485840732167         63.7246177918418
343.96655951802074        63.70512563037458
344.46533037658287        63.68809755070716
344.9633002821947         63.67293463332541
345.41366165772183        63.65214392051741
345.9845343403092         63.63100995841464
346.4334669288729         63.6186446316053
347.00908091343683        63.59973896965799
347.4497909496889         63.58404397076354
347.9942221912702         63.560624409394734
348.4764824758065         63.54371310476804
349.0118031666832         63.529555975819434
349.4554819918566         63.51443965253299
349.99105925744254        63.49354747677616
350.45772257328633        63.477250416544116
350.9853641050586         63.46123735296796
351.4235578115067         63.44622959883521
351.99105925744243        63.42434441930342
352.4577225732862         63.40818609726856
352.99043790015673        63.391253841187755
353.4387778602012         63.376159125654404
353.9910592574423         63.35577904434006
354.457722573286          63.33985124755983
354.9880207349303         63.32028306210241
355.45547532505464        63.30468563013237
355.9771236623783         63.28974676148424
356.4338411566307         63.27484739102587
356.9748366531687         63.25705170244176
357.4299511681928         63.239756592044714
357.99105925744186        63.217525440968316
358.45772257328554        63.201317659882825
358.9763357280294         63.1822168781419
359.4598342149309         63.16676135738409
359.99153452517555        63.14924522705961
360.4577225732854         63.13124833006036
360.99105925744163        63.11281177834057
361.4949515279427         63.09981757339865
361.99385611164075        63.083087868182965
362.4582392226023         63.064498180858926
362.9746451544254         63.04732535032957
363.4690464427531         63.03066287640592
363.98829201850674        63.01275623683614
364.4577225732851         62.9948977979677
364.9910592574413         62.97639374980068
365.4577225732851         62.96047677293865
365.9910592574412         62.94194780105551
366.45772257328497        62.92615139425927
366.99105925744107        62.907850420759864
367.45772257328485        62.89164127663607
367.9888616641156         62.874880886259724
368.43223795045344        62.860161999167914
369.0159065640655         62.84123911382699
369.4551975251758         62.82615720763415
369.99502927809556        62.80508264823199
370.45626504833535        62.78900877503494
370.9964539798316         62.772287203614994
371.43391700985137        62.75749715934143
372.01744828586163        62.738013510574994
372.4766193873602         62.72478508220256
372.9922011700578         62.7054622368286
373.4431211701974         62.68639702897203
373.99987295483663        62.66862389253587
374.45463222134515        62.65315725606275
375.00470639668674        62.634997759339406
375.43260538587003        62.621178717804696
375.9920638680485         62.60060320964512
376.4447363033495         62.58556244672319
376.99138746544315        62.56522634106273
377.45772257328406        62.54835829548065
377.99105925744027        62.53016571884138
378.45772257328406        62.513983158446344
378.99105925744016        62.49559861999758
379.45772257328395        62.479780333986255
379.9935554320575         62.46380943516813
380.4350863636929         62.44873035205633
380.9928203511531         62.429722897413235
381.4290748150669         62.41463072930702
382.0167845895862         62.39570564489948
382.44533098677573        62.38133772073248
382.9910592574398         62.3586019916346
383.4577225732835         62.342250357608606
383.99696692987675        62.325985387626325
384.43765111043706        62.31098590025246
385.02544920580226        62.29192146174079
385.46102171364873        62.27712442410727
386.01773089666995        62.259097779388874
386.4462144373746         62.24492354781269
386.9910592574395         62.22219351253927
387.45772257328326        62.206059961845256
387.9910592574395         62.18848808512934
388.45772257328326        62.17309771770962
388.99105925743936        62.15523275048275
389.43974678311645        62.13627892185098
390.01005075167086        62.1180582438129
390.45305276523413        62.10743539663853
390.95840610166886        62.08570765204278
391.48230994664755        62.067503641272815
391.96792328608706        62.054362464149456
392.484753473889          62.0385549198404
392.9784838838407         62.02235867577626
393.48122303584137        62.00519603348644
393.98012632180667        61.98786444739246
394.45120253292134        61.97036429736212
394.9517344793104         61.953124799289164
395.4577225732827         61.933392591696645
395.9856969630432         61.91755762817677
396.431104183602          61.90295363533019
396.98650438586776        61.87998458950752
397.45954995870056        61.86361590098806
398.0210422293195         61.84839719984056
398.4608475887601         61.83296503621261
398.99659286597546        61.81185135998196
399.47282285220774        61.79798520093114
399.99342745566696        61.78123220407335
400.45542570115026        61.76370587209345
400.99158663769606        61.74492051122454
401.45772257328224        61.729223535541145
401.99105925743834        61.71126662115159
402.4577225732821         61.695465214359515
402.99105925743834        61.67622217120033
403.457722573282          61.66021203468106
404.0209709349833         61.643943446443224
404.4568632700325         61.627844465601065
405.06223071113163        61.61039752010453
405.4561259021058         61.598988913645684
405.9910592574379         61.57554067183107
406.45772257328167        61.55916687896231
406.9910592574379         61.541487951643745
407.45772257328167        61.52556857098627
407.9910592574379         61.50755091452854
408.45772257328156        61.49191543560912
408.99105925743777        61.47382086946085
409.45772257328156        61.45755654566069
409.99105925743777        61.439356807054786
410.45772257328144        61.423020270330724
410.99105925743766        61.40491166601732
411.494990641952          61.39169123933368
411.994046187762          61.37536061023312
412.4764221009774         61.35849087213505
412.9840888523345         61.34157174522337
413.4552285117287         61.32253690329455
413.9890955308707         61.30422459402173
414.45772257328144        61.28884850117967
414.9910592574372         61.271343603580625
415.4512035323081         61.257712925485045
415.95738008429487        61.2385232594574
416.48911318952116        61.22031193510836
416.9559897582109         61.20231774611515
417.43319929391964        61.18204863128008
417.9783523656099         61.167778900566404
418.44182908607877        61.153369162994956
418.98668918309295        61.137254694694576
419.4078077431692         61.123331536354385
420.01491353441713        61.101997616283036
420.44112385142716        61.084850208636794
421.03763277655275        61.06462084669143
421.434004901776          61.05219155394634
421.99618762903765        61.03043511809951
422.4577225732935         61.017623393853974
422.98797036034057        60.99454820505746
423.4986856615151         60.97734803606835
423.99120145630366        60.96478764310884
424.43106287470687        60.94751432140449
424.97216214586194        60.931012682221464
425.4499756834417         60.914367298570646
426.00051121723914        60.89617704462227
426.4588213605523         60.881946777363794
426.9721343995059         60.862363513528464
427.4605332436655         60.84793488396348
427.97963269519823        60.83126610781065
428.43195022803377        60.813739544905815
428.983750907992          60.795391256855
429.4408724664461         60.77755880750571
429.9952584579994         60.757839584347224
430.46494785813206        60.745332174039866
430.9915957280506         60.72748917621827
431.4579158931439         60.71134184651525
431.9829480678993         60.69760234671342
432.40704806437475        60.683272021735185
432.9883850539354         60.66208654532164
433.4266347020923         60.64725487318694
434.0103865582016         60.6279666811492
434.4572261648053         60.61382805303521
434.9905767433388         60.59347910793122
435.458702733634          60.57739720304377
435.9859972493299         60.5594429886211
436.45078245306934        60.545274267481524
436.97630133460177        60.53029470371835
437.4615946974051         60.51188013967057
437.99105925744993        60.49191987315163
438.4577225732934         60.4764253207379
438.99105925744993        60.45873443611888
439.4577225732934         60.44312242106355
439.99105925744993        60.42523603515341
440.45772257329327        60.40962810895151
440.9910592574498         60.39184920939293
441.45772257329327        60.376757982590036
441.9931477094408         60.358003434236615
442.46557166363425        60.34329525259659
442.9713073530504         60.3266125113751
443.48021739393596        60.31010014138644
444.01196163234715        60.29440835649165
444.46295071686336        60.27738271026652
444.9901830886389         60.25772038756951
445.4583522396928         60.24310666896845
445.97873801601054        60.22609960839878
446.45772257329304        60.20921688194939
446.9910592574497         60.19110123906565
447.4440071966976         60.175384363990915
447.9958703380822         60.1582689973187
448.4395379118132         60.14284707324579
448.97491747029983        60.12355602729304
449.4560161927013         60.108442590120255
449.99541194157837        60.09026038736585
450.4676477385498         60.07463204607544
450.9919838360721         60.05688632645086
451.4762819686416         60.041778483778614
451.9929359850029         60.0246812903177
452.4577225732928         60.00714644357792
452.9910592574495         59.98912390593902
453.4577225732928         59.97341693752924
453.99105925744936        59.95569626235005
454.4577225732928         59.940967144059954
454.99105925744936        59.92344380720462
455.4577225732928         59.90763220047592
455.9705545001889         59.88867576425965
456.44152705683746        59.8730207534213
457.0172127602103         59.85770047490792
457.4612337644886         59.843070430076835
457.99105925744925        59.82275833519295
458.4577225732926         59.80700538707371
458.99105925744925        59.788938975152334
459.4577225732926         59.773024001679836
459.99105925744914        59.75505203126669
460.4577225732926         59.739429041247966
460.99105925744914        59.72163785299236
461.4577225732926         59.70629633904349
461.991059257449          59.68823294024922
462.45498487885175        59.67344169325687
462.98531758692366        59.65944437395989
463.4471077381529         59.64507394585926
463.9958965077352         59.62640381603656
464.4506931626938         59.6119059646391
464.9846106508503         59.59186228690554
465.4591747517733         59.57340905665489
465.9908082409962         59.555038630932074
466.45763768756535        59.541034930933805
466.97061977168664        59.52469109526114
467.4529163667679         59.50654541542597
467.9892242457008         59.48906695964221
468.45308229799593        59.47486165488708
468.99249897338746        59.45569028173577
469.48311749895356        59.44122554056798
469.98487496756013        59.423477961356284
470.4740958001712         59.40345883803678
470.9910592574487         59.38792173748836
471.457722573292          59.37293117704933
471.9910592574487         59.3547859786332
472.457722573292          59.339180300980686
472.99105925744857        59.321153021398445
473.457722573292          59.305457307742415
473.99105925744846        59.28798508620162
474.457722573292          59.272763550385854
474.99105925744857        59.25426851941197
475.457722573292          59.23847578752927
476.0123217841858         59.22281218033953
476.45671961248433        59.20830923700414
476.9944201730825         59.18831589518317
477.46263751494007        59.1726864472312
477.99105925744857        59.15466112123653
478.4577225732918         59.13926270628601
478.99687793717953        59.12198329260635
479.45716980558007        59.1067569294962
479.99105925744846        59.08889324973542
480.4577225732918         59.07349535186372
480.99105925744834        59.05585742907796
481.4577225732919         59.04006665457891
481.99105925744834        59.022678603500495
482.4577225732918         59.00742669837442
482.99105925744834        58.98965805861878
483.4577225732918         58.97431371007673
483.99105925744834        58.956541341723515
484.4577225732917         58.94136523425519
484.99105925744834        58.92392447694335
485.4577225732917         58.90799826755382
485.9910592574482         58.89050210176035
486.4577225732917         58.87480505170643
486.9910592574482         58.85702483956948
487.4577225732917         58.84165368842773
487.9910592574482         58.823928266453535
488.4577225732917         58.808555310640855
488.9910592574482         58.790664820272596
489.46144892169104        58.7763077784638
489.9780721937566         58.75963210668709
490.4876783722236         58.74421888902491
490.9942777863696         58.72757162906813
491.4823244265332         58.711017182190375
491.9937025445246         58.6942060402749
492.45772257329145        58.67638732579529
492.991059257448          58.65850333184533
493.45772257329145        58.64363590415343
493.9910592574479         58.62613637518342
494.45772257329145        58.610051961599744
494.9987126098729         58.592117200710376
495.48126206609527        58.578428369661786
496.00308000833616        58.561869542937394
496.47824939247255        58.54624672500263
497.0083874643361         58.529866630611835
497.45873403029816        58.515172332376544
497.9716619153571         58.49613789335845
498.4607039710685         58.478523596036
498.9814094217264         58.461190646388616
499.4667573387568         58.44694399143445
499.9681441425232         58.4305826537469
500.4577225732912         58.41102476753234
501.00078831845565        58.396284772329366
501.45239774033007        58.385009320390246
502.00763660773055        58.36590733280214
502.46134217384963        58.34775921764023
503.01144574127807        58.328968431216545
503.4609830196056         58.31433163753606
503.99105925744766        58.29502820050899
504.4577225732911         58.27943919224305
504.99021170544734        58.26377578608086
505.4312813211973         58.249427191981646
505.99018003405706        58.23056069383907
506.4302932624039         58.21653710326749
507.04416159733           58.20031830677755
507.45405137617115        58.18682863496584
507.99105925744755        58.163812746804794
508.45772257329077        58.14831098068816
508.9969164934639         58.13031303921578
509.4661551879208         58.11451311106857
509.9993867760834         58.0984089945544
510.45829763851543        58.083778311297394
510.9806417274251         58.063675237238385
511.46148106531996        58.04762564122596
511.9902689465622         58.03255544199895
512.4467872645657         58.01757543167922
512.9910592574472         57.99884060693547
513.4577225732907         57.98320273837483
513.9910592574472         57.96575626167151
514.4577225732905         57.95046917155371
514.9910592574472         57.93327668067463
515.4577225732905         57.91810690374144
515.9910592574471         57.90078729499505
516.4577225732905         57.88573848485578
516.9910592574471         57.8681804524688
517.4577225732907         57.85280515592012
517.991059257447          57.835373897596696
518.4577225732908         57.82002410055617
518.9910592574468         57.80269210271466
519.4577225732912         57.78763079068097
519.9910592574462         57.770237300345244
520.4577225732921         57.75481651092293
520.9956348543578         57.73904132899052
521.4437325956216         57.724367822731246
521.99176886079           57.70543789151744
522.4494855150317         57.69061119221906
522.9910592574354         57.671094416342555
523.4577225733119         57.65551956434631
524.0311494115952         57.640914393987195
524.4622917347563         57.626944568028435
524.9925515436234         57.6091921436996
525.4196617199929         57.5954039341315
525.9887840144338         57.574992544811465
526.4426016151193         57.560513150471394
526.9892434113901         57.54197688430215
527.4456965688737         57.526864018267155
527.991059257063          57.50843117185726
528.4577225740385         57.493013927929994
528.9910592567771         57.47553127464565
529.4577225747737         57.46022335121618
529.9910592563687         57.44294789582308
530.457722576392          57.427545371346596
530.9910592559526         57.409789298833566
531.4577225803705         57.39500397566615
531.9984203774009         57.38012491661983
532.4111727582616         57.36389921127704
533.0338876746773         57.343336501031374
533.4364504774302         57.330185794114556
534.0701004673995         57.31254608677768
534.4685379573033         57.30246060888938
534.9887058904123         57.27999921876882
535.4540477904868         57.26746085803815
535.9516761181507         57.252235592905514
536.4583759440968         57.23446150963141
536.9676175214072         57.21822180747914
537.4577244228374         57.20080443356403
537.9910598664987         57.18348022167809
538.4196476755858         57.16461064663203
538.9854066497752         57.145637985655526
539.4577285366526         57.13443404004892
539.991060897198          57.117040955513026
540.4577313063279         57.101926479511924
540.9910614719724         57.08480187100582
541.45773406881           57.06973129626288
541.9910620125181         57.05276119390464
542.4577367051224         57.037734697654415
542.9910625427842         57.0197994673154
543.457739312311          57.004595531278355
543.9910630701147         56.98713777468223
544.457741839117          56.971930385705456
544.9910635420827         56.95474417468891
545.4577440573742         56.93953077095619
545.989767116746          56.92454403823358
546.4305201374336         56.91066012675865
546.9910643764684         56.890031417246696
547.4577484054481         56.87472352668645
548.0023922292677         56.85814519305622
548.4599249542327         56.84334908472704
548.9910658955234         56.82529973029057
549.4577563480341         56.810062329940976
549.9919366573951         56.79493387652117
550.4356561807231         56.78084136546978
550.9903303054085         56.762181451940044
551.438851318575          56.74776878034342
551.9961878650195         56.728220474633794
552.456495205387          56.71308064355118
553.0423324488709         56.69814991422636
553.469073818188          56.6847454943371
554.0087399154105         56.66355981709114
554.4795775399766         56.648050801221245
554.9910685328197         56.63176238982393
555.4529513396915         56.61903303757973
555.9582965890979         56.60332707681699
556.4767285144405         56.58628347911097
556.9899068596818         56.569571840756154
557.474603929211          56.5543205716335
557.9851343413543         56.53903051188932
558.4413800050716         56.52276229305173
558.9897334737741         56.50499791812658
559.4390115966843         56.490267617221924
560.0151426835221         56.47329144553838
560.4444382031877         56.458271178513236
561.0034667304111         56.43662872434167
561.4633524678923         56.423731087906084
561.9917328171359         56.407360039599936
562.4578094394791         56.39186433716196
562.9910768523647         56.37364272655642
563.4467217046349         56.3572746171877
564.0453614615795         56.343728108169124
564.4506636167316         56.330768675379176
565.0036333204607         56.309400177829616
565.4257578266034         56.29642572776224
566.0098826621257         56.277226243741694
566.4448772143933         56.26432371426707
567.0121429089144         56.24632815244911
567.4416161670313         56.23102086962642
567.9836508918469         56.211562312563586
568.4756980633715         56.199299085605396
569.0123968663258         56.18570818199449
569.4632119275623         56.169098745684856
570.0055476913071         56.14995770818276
570.4455594101527         56.13668710552617
570.9909476198893         56.118256119975406
571.4545469750566         56.10300163955357
571.9970045256962         56.08592389704181
572.457497945152          56.07155400632368
572.9868486833246         56.053752289283544
573.4501166369712         56.035448103181494
574.005266511833          56.021216283230096
574.4064999724906         56.011897903672576
574.9788234787009         55.99220656964683
575.4319620593694         55.97765848660384
575.98494969788           55.95833068221467
576.457795492538          55.94333847508397
576.9835683502274         55.92689836259718
577.4584842524241         55.910869991151884
577.9832401999163         55.89417887567953
578.479364770782          55.881075832659015
578.9788398000652         55.86571222145654
579.4572477627056         55.84770420376691
579.9805126381489         55.83093016238396
580.4500438865483         55.81654734841791
580.9691444885541         55.80187541566415
581.4303123808617         55.788180608492034
581.9765240954404         55.768726421812694
582.4581063196042         55.75162851370073
583.0155245033968         55.73696998790029
583.4670027994371         55.72461975307659
583.9738356593684         55.70950577774312
584.3979218590408         55.6957488491917
584.9760088976125         55.674146683521116
585.4569913065037         55.65932775817058
585.9700095300987         55.643372211185884
586.4564919980884         55.62707438850269
586.983344936607          55.61026053804299
587.4580066666514         55.594617621440996
587.9798510402017         55.576204749726344
588.4718567742776         55.5601262790822
588.9868070622176         55.54539185042684
589.4555148372322         55.532679468660966
589.963476451297          55.51732562326736
590.4573921978158         55.49865732740342
591.0226538964513         55.48307981863769
591.4725609571437         55.471873853972006
591.9837448047282         55.45523659882433
592.4857333386318         55.44007646784216
592.9688109239257         55.426002153430716
593.3987814543907         55.41053473095383
593.8978544789409         55.39577352451137
594.3913505793045         55.3850888656801
594.7513375917949         55.364443307940675
595.044785577671          55.358355302274255
595.5244451849285         55.33653277819865
595.864499952195          55.30911629615886
596.6434387703108         55.30287053393308
596.7031293030346         55.297727948796506
596.7408948606328         55.298313398104426
597.5202287523113         55.22262916201404
598.1918919646375         55.2264466089084
598.3360141741744         55.209089158070555
598.4713862626388         55.21131038668585
599.1240553110965         55.138428400413
599.7263648476633         55.16225795482055
600                       55.14437426521541
