60
60.00000029
60.00000304
60.00000146
60.00000098
59.99999847
59.99998612
59.99998228
59.99997833
59.99997516
59.99993902
59.99993557
59.99985513
59.99972893
59.99961763
59.999477
59.99908006
59.99883104
59.9984349
59.9977833
59.99700982
59.9965641
59.99525044
59.99431143
59.99298497
59.99167286
59.9904259
59.98900674
59.98655411
59.98456553
59.9821534
59.97981342
59.97747198
59.9749272
59.97179482
59.96893094
59.96467855
59.96098904
59.95741147
59.95318096
59.94730883
59.94398297
59.93959063
59.93508903
59.92873771
59.92344348
59.91757319
59.91206105
59.9056535
59.89972235
59.89272046
59.88576507
59.87815211
59.87122144
59.86266195
59.85553276
59.84705232
59.83964993
59.83095488
59.82262258
59.81358544
59.80600551
59.79709931
59.78818729
59.77670068
59.76745598
59.75692796
59.74717651
59.73661045
59.72638558
59.71544663
59.70759534
59.69772785
59.68632216
59.67516671
59.66276503
59.65000002
59.64158676
59.62739317
59.61426106
59.60214988
59.59091773
59.57851965
59.56842125
59.55612339
59.54430248
59.52877248
59.51422058
59.5034523
59.4918495
59.47644813
59.46474943
59.45281413
59.43699655
59.41945516
59.41320444
59.39753551
59.38536972
59.37092884
59.35825237
59.34020583
59.32852897
59.31763234
59.30228469
59.28775349
59.27522201
59.25834255
59.24512519
59.22956678
59.21617557
59.20094885
59.18847148
59.17389434
59.15954101
59.14432259
59.13032871
59.11497193
59.10318052
59.08919765
59.07322633
59.05808757
59.04216238
59.02652756
59.01125587
58.99555307
58.98464363
58.97078625
58.95316833
58.93770405
58.92245881
58.90692585
58.89072424
58.87385705
58.85962171
58.84289143
58.82886845
58.81470669
58.80220038
58.78144426
58.76766231
58.75120113
58.73384089
58.72084227
58.71063341
58.69201377
58.6774518
58.6575483
58.64273948
58.62466396
58.60594071
58.59141608
58.58159925
58.56372848
58.55028675
58.53157823
58.51748088
58.50005499
58.48605495
58.46810091
58.4536562
58.4357227
58.42180055
58.40755684
58.39552562
58.37135332
58.35631799
58.34057463
58.32649767
58.30827788
58.29431208
58.28024578
58.2680859
58.24482624
58.22994865
58.21084876
58.19692292
58.1823256
58.16638416
58.15008291
58.13683983
58.11102577
58.09988913
58.0897826
58.06666155
58.04882665
58.0401184
58.01745392
58.00451738
57.98927423
57.97290638
57.95435071
57.9397303
57.92538643
57.90706701
57.89041152
57.87906789
57.85680965
57.84124748
57.82409296
57.80831081
57.78921314
57.77695016
57.75624495
57.74595582
57.72788696
57.71353451
57.69508122
57.68072735
57.66232073
57.64787905
57.63324618
57.6208185
57.5964466
57.58137441
57.56556239
57.55132373
57.53299253
57.51918084
57.50349784
57.48977453
57.46764047
57.4527258
57.43591727
57.42174984
57.40349164
57.38912281
57.370707
57.35657298
57.33852518
57.32410577
57.3064069
57.29228779
57.27155188
57.2560948
57.2411531
57.22695241
57.20792603
57.19345741
57.17430542
57.15930983
57.14238749
57.12754046
57.11053715
57.09734634
57.07864722
57.06373728
57.04756829
57.03041924
57.01403719
56.99651635
56.97937195
56.96432087
56.94681942
56.93176343
56.91550761
56.9007475
56.88203883
56.86687872
56.84961125
56.83436876
56.81843874
56.80384687
56.78593503
56.77143598
56.75225212
56.73728719
56.72018798
56.70506842
56.68915593
56.67452798
56.65694485
56.6423812
56.62310981
56.60759224
56.59035079
56.57555561
56.55993
56.5463487
56.52940426
56.51221722
56.49331137
56.48023621
56.46433248
56.4484682
56.43194334
56.41408706
56.39986092
56.38406013
56.36388567
56.34685312
56.33163739
56.32040338
56.30022044
56.28332108
56.26469623
56.2487771
56.23118241
56.2212631
56.2026504
56.18788505
56.17324417
56.15621377
56.1385885
56.12355654
56.10433192
56.08902693
56.07181845
56.0570546
56.04133234
56.02823308
56.00912504
55.98844431
55.97354725
55.96407546
55.94131806
55.92736638
55.91500031
55.89977135
55.88195462
55.86764636
55.85023166
55.83394995
55.81821435
55.80406574
55.78225506
55.76732067
55.75041971
55.73601793
55.71721669
55.70368882
55.68759393
55.6687909
55.65219177
55.63978201
55.62078083
55.60579919
55.58879032
55.57329486
55.55618371
55.54121025
55.52382614
55.50898705
55.49321146
55.47905251
55.46043569
55.44551289
55.42894504
55.4139438
55.39676194
55.38168879
55.36442041
55.34936792
55.33478433
55.32150265
55.30046671
55.28508952
55.26833922
55.25439164
55.2388103
55.22240872
55.20539995
55.1912474
55.17243258
55.15732436
55.13989728
55.12478155
55.1080844
55.0931289
55.0759955
55.06100719
55.04387866
55.03053685
55.01459727
54.99881029
54.98216336
54.96760934
54.95362885
54.93651737
54.91852406
54.90482423
54.88471078
54.86966129
54.85445872
54.84053924
54.82087812
54.80566647
54.79022083
54.77585914
54.75687054
54.74213519
54.72481905
54.71263123
54.69724092
54.67938169
54.66467242
54.64848089
54.63060539
54.6167525
54.59705904
54.581932
54.566461
54.55323494
54.53528844
54.52175971
54.50545183
54.4892564
54.47013612
54.44984485
54.43787849
54.42504564
54.40607011
54.39037538
54.37832094
54.36250268
54.34493961
54.32858851
54.31185769
54.29813346
54.28043509
54.26668287
54.24694526
54.23478951
54.21975881
54.20052955
54.18352605
54.16917437
54.15229514
54.13781398
54.12179001
54.10776887
54.08757259
54.07219653
54.05883483
54.04007573
54.01830265
54.00703108
53.99433693
53.97782227
53.96365974
53.95096205
53.93027797
53.91629255
53.90074201
53.88523254
53.86620817
53.85133151
53.83613763
53.82176941
53.80527294
53.79210993
53.77150827
53.75669651
53.74003196
53.72538355
53.70850377
53.6939717
53.67642795
53.66134574
53.64699071
53.63364672
53.61626731
53.60301154
53.58262893
53.56763996
53.55106591
53.53611178
53.51915167
53.50481546
53.48827057
53.47358724
53.45695575
53.44228417
53.42543747
53.41044817
53.3956721
53.38170844
53.36300787
53.34875006
53.33158643
53.31899073
53.30066681
53.28607829
53.27040472
53.25300515
53.23615375
53.2217467
53.20740252
53.19388361
53.17184282
53.15845603
53.14616934
53.13112638
53.11344416
53.09754486
53.08155286
53.06630464
53.05009221
53.03362982
53.01660179
53.00224064
52.98531079
52.97105273
52.95687766
52.94201538
52.92373496
52.91140606
52.89274722
52.87591609
52.86080242
52.84687573
52.83072631
52.81810471
52.79949857
52.78788404
52.76682266
52.75284745
52.7365286
52.72317096
52.7030288
52.68859404
52.6721555
52.65731527
52.64102253
52.62813623
52.6122419
52.5970293
52.58140788
52.56428135
52.54775325
52.53456575
52.51870932
52.50120277
52.48650881
52.47357402
52.45567366
52.44202194
52.42472979
52.41256144
52.39260365
52.37964334
52.36459942
52.34537775
52.32890663
52.31538599
52.29912897
52.28479485
52.26920278
52.25356275
52.23760993
52.22264256
52.20634837
52.19079756
52.17646325
52.16197397
52.14402416
52.13143796
52.11096459
52.09641634
52.08010955
52.06553943
52.0493189
52.03585962
52.02005088
52.00405121
51.9871797
51.97282929
51.956434
51.94214693
51.92767334
51.91288571
51.89570793
51.88202898
51.86339064
51.84996589
51.83475805
51.81705464
51.79908904
51.789032
51.77329601
51.76170679
51.738744
51.723745
51.70747785
51.6931091
51.67679078
51.6651018
51.64966254
51.63146464
51.61684383
51.60246194
51.58266136
51.56691454
51.54909487
51.53973077
51.52474254
51.50705764
51.48994886
51.47861091
51.46318209
51.4441915
51.42905556
51.41364511
51.40062179
51.39450174
51.36925154
51.3525329
51.33742141
51.32337191
51.30473345
51.29043297
51.27525586
51.26143658
51.24570925
51.23231237
51.21347738
51.19897731
51.18276825
51.16894724
51.15265134
51.13742062
51.1210809
51.10833733
51.09278139
51.07758279
51.06176519
51.04736264
51.0319312
51.01620566
51.00041727
50.98561291
50.96969205
50.95373276
50.93714166
50.92294615
50.90663195
50.89236079
50.87606281
50.8619155
50.84525163
50.83100458
50.81549518
50.80159508
50.78311439
50.76831062
50.75468827
50.74141839
50.72412354
50.71033074
50.69310779
50.68071336
50.6647456
50.64921267
50.63198779
50.61866262
50.59958173
50.58420688
50.56932583
50.55250951
50.53859955
50.52504521
50.50794998
50.49405804
50.47798015
50.46355281
50.44639805
50.43190209
50.42016255
50.40855707
50.38880114
50.37542292
50.35889815
50.34586723
50.3251721
50.31165824
50.29518554
50.27947518
50.26408984
50.24903264
50.2350257
50.22200299
50.20391717
50.1906517
50.17201873
50.15975693
50.14523343
50.12978922
50.11130743
50.09406726
50.07956039
50.06464573
50.05360547
50.04084176
50.02370547
50.00873575
49.99540597
49.97712928
49.95855121
49.94768153
49.93106267
49.91726683
49.89668097
49.88181593
49.86937218
49.8560856
49.8377225
49.82339861
49.80932463
49.79613457
49.7769
49.76269902
49.74781828
49.73455259
49.7166422
49.70264485
49.68544887
49.67174247
49.65861481
49.64552219
49.62988452
49.61468728
49.59515296
49.58091167
49.56412871
49.55054896
49.53515881
49.51934662
49.50314833
49.49173192
49.4770338
49.4607019
49.44561485
49.43097656
49.41524553
49.39955728
49.38330206
49.36931985
49.35304335
49.33916745
49.32309173
49.30885391
49.29413208
49.28120362
49.2645828
49.25133606
49.23282605
49.21870853
49.20402234
49.19103279
49.17392116
49.16230359
49.14533402
49.12859103
49.11298287
49.0994006
49.08345379
49.07131899
49.05325112
49.04004378
49.02218693
49.00737573
48.99140167
48.97719281
48.96105071
48.94716208
48.93313962
48.91990063
48.90321275
48.88996277
48.87334785
48.86073411
48.84077439
48.82641962
48.81214121
48.79897394
48.78223843
48.76924934
48.75342542
48.74098347
48.7210316
48.70687032
48.69144661
48.67793798
48.66225762
48.64562217
48.62963034
48.6203072
48.60123796
48.58526149
48.57372869
48.559856
48.54564242
48.53058104
48.51537179
48.50001499
48.48488713
48.46757195
48.45367677
48.44086227
48.42070802
48.40634551
48.3929922
48.37945192
48.36092679
48.34876098
48.33406236
48.31868579
48.30220494
48.28843385
48.27268022
48.25881797
48.24193679
48.22789184
48.21362047
48.19949821
48.1841935
48.17418608
48.1536176
48.13925531
48.12374836
48.10978511
48.09398168
48.08026785
48.06439753
48.05013285
48.03417088
48.01984334
48.00396174
47.99236749
47.97804572
47.96325138
47.94841412
47.93172175
47.91566322
47.90217981
47.88682979
47.87487734
47.85805077
47.8420823
47.82630465
47.80853268
47.79602098
47.78338676
47.76925807
47.75705102
47.73834671
47.72331327
47.705578
47.69468161
47.6756082
47.66437668
47.64414827
47.62907008
47.61805951
47.60291804
47.588453
47.5738625
47.55791781
47.5454444
47.52827929
47.51563254
47.50102262
47.48566113
47.46957953
47.45395058
47.43666823
47.42570661
47.41006901
47.39591777
47.38387683
47.37131852
47.35275271
47.33975548
47.3228531
47.31046357
47.29263225
47.27854035
47.26280815
47.25039314
47.23726777
47.22113289
47.20364395
47.19006814
47.17456806
47.16088982
47.14521911
47.13154494
47.11596893
47.10274773
47.08631762
47.07343263
47.05881806
47.04435299
47.03060699
47.01569283
46.99846905
46.98566807
46.97077076
46.95598265
46.9401149
46.92634857
46.91135753
46.89785009
46.88095399
46.86771712
46.85179275
46.83810553
46.82256394
46.80933288
46.79435978
46.77900371
46.76322073
46.74946593
46.73394776
46.72104941
46.70570457
46.69185909
46.67526004
46.661552
46.64813723
46.63532722
46.61754217
46.6037494
46.5879313
46.5739972
46.5582622
46.5445841
46.52900793
46.51557663
46.49976263
46.48681359
46.47455962
46.46197936
46.44563521
46.43294388
46.41539791
46.39924462
46.38316412
46.37090612
46.3565999
46.34071685
46.32541806
46.31298444
46.2962042
46.28354388
46.2680104
46.25048925
46.23689111
46.22377138
46.20789108
46.19423357
46.17845696
46.1647211
46.14943061
46.13611002
46.11992514
46.10610525
46.09239838
46.07970751
46.06221236
46.04853623
46.03276389
46.01929023
46.00417097
45.99084836
45.97521822
45.96174596
45.94631393
45.93249847
45.91728552
45.90394176
45.88839641
45.87497223
45.8594241
45.84614753
45.8308899
45.81695764
45.80165204
45.78792064
45.7723671
45.75892113
45.74341598
45.72996885
45.71431986
45.70176182
45.68717576
45.67369422
45.65913356
45.64465434
45.62995078
45.61436621
45.59872474
45.58572172
45.5704169
45.5563501
45.5406653
45.52869392
45.51421269
45.50055033
45.48622587
45.47337593
45.45673073
45.44132763
45.42617079
45.41371302
45.39940626
45.38230456
45.36941583
45.35955678
45.34285449
45.32698659
45.31055695
45.2977596
45.28088213
45.2672526
45.25355816
45.24101345
45.2245189
45.21225858
45.19807931
45.18628635
45.16616521
45.15261337
45.13687962
45.12306764
45.10898988
45.0962003
45.07862731
45.06459775
45.05142458
45.03833047
45.02195429
45.00828556
44.99303602
44.9796742
44.96464702
44.95138805
44.93625018
44.92309728
44.90775153
44.89431369
44.8790791
44.86566394
44.8505165
44.83735374
44.82215294
44.80867645
44.79489034
44.78206728
44.76552463
44.75256793
44.73551299
44.72190291
44.70914029
44.69693309
44.68142064
44.6693725
44.65153698
44.63888503
44.62268861
44.60948364
44.59337783
44.5799072
44.56463211
44.55125731
44.53616357
44.52270653
44.50719332
44.49427569
44.48127633
44.46710078
44.44913631
44.43764755
44.42223711
44.41342635
44.3938039
44.38285045
44.36954991
44.35402302
44.33983671
44.32462177
44.30948844
44.29300557
44.27643258
44.26664584
44.25145306
44.23825079
44.22329285
44.21012923
44.19530654
44.18218171
44.16651652
44.15323703
44.13798912
44.12470691
44.10969645
44.09640926
44.08332012
44.07119435
44.05317806
44.03980894
44.02533043
44.01240855
43.9966456
43.98333861
43.97012683
43.95781994
43.94152451
43.9289383
43.91186741
43.89864647
43.88560821
43.87390297
43.85540288
43.84186008
43.82763679
43.81652144
43.80280702
43.78792473
43.77333249
43.76001553
43.74666483
43.73246011
43.71694915
43.70408768
43.68926531
43.67615085
43.65725453
43.64599367
43.63170015
43.61817105
43.60226222
43.58797171
43.57614468
43.56483041
43.54617458
43.53484738
43.51808556
43.50682139
43.49111098
43.47774768
43.46076037
43.45005462
43.43818992
43.42369025
43.40698062
43.39539591
43.37930643
43.36599
43.35108215
43.33853817
43.32299849
43.30702038
43.29459716
43.28646314
43.26927448
43.25657548
43.23970443
43.22661799
43.21226782
43.19827724
43.18370822
43.17227116
43.15886102
43.14314285
43.12850187
43.11594804
43.10314203
43.09118895
43.07420906
43.05928595
43.046492
43.03571281
43.02252147
43.01051468
42.99166074
42.9787272
42.96480174
42.95057761
42.93590326
42.92225098
42.90618125
42.89214897
42.87928976
42.86819534
42.85479569
42.83850349
42.82490878
42.81512926
42.80060984
42.78737964
42.77509703
42.76159882
42.74871693
42.73939266
42.72137578
42.71606297
42.69701912
42.6730937
42.66764312
42.66315539
42.66366628
42.59762057
42.60095149
42.58580474
42.58774309
42.52414413
42.54493824
42.52933247