100.7517274
100.7517298
100.7517527
100.7517667
100.7517696
100.7517697
100.7517697
100.7517793
100.7517753
100.7517743
100.7517396
100.7517396
100.7516451
100.751485
100.7513504
100.7511692
100.7506574
100.7503377
100.7498261
100.7489757
100.7479701
100.7473912
100.7456721
100.7444433
100.7427055
100.7409842
100.7393519
100.7374904
100.7342679
100.7316559
100.7284853
100.7254087
100.722332
100.7189842
100.7148636
100.7110948
100.7054952
100.7006363
100.6959275
100.6903541
100.6826187
100.6782403
100.6724566
100.6665264
100.6581573
100.6511813
100.6434469
100.6361834
100.62774
100.6199235
100.6106954
100.6015271
100.5914929
100.5823573
100.5710738
100.5616763
100.5504969
100.5407386
100.5292758
100.5182901
100.5063757
100.496383
100.4846413
100.4728904
100.4577434
100.4455536
100.4316709
100.418812
100.404879
100.3913951
100.3769697
100.3666189
100.3536065
100.3385635
100.3238522
100.3074943
100.2906605
100.2795671
100.2608454
100.2435235
100.2275499
100.2127353
100.1963832
100.183065
100.1668446
100.1512531
100.130766
100.1115693
100.0973682
100.0820636
100.0617465
100.0463148
100.0305726
100.0097028
99.98656322
99.97832153
99.95765105
99.94160263
99.92255324
99.9058306
99.88202031
99.86661743
99.85224416
99.8319948
99.81282534
99.79629296
99.77402302
99.75658522
99.73605844
99.71839095
99.69830173
99.68184054
99.66260816
99.64367013
99.62359095
99.6051272
99.58486466
99.56930935
99.55085972
99.52978479
99.50980938
99.48879506
99.4681648
99.44801279
99.42729223
99.41290049
99.39461509
99.37136439
99.3509579
99.33083985
99.3103424
99.28896062
99.26670143
99.24791528
99.22583627
99.20732977
99.18864341
99.1721392
99.14474336
99.12655492
99.10482913
99.0819144
99.06476262
99.0512912
99.02671588
99.00749581
98.98122401
98.96167785
98.93781785
98.91310067
98.89393291
98.8809776
98.85738881
98.83964607
98.8149503
98.79634157
98.77333883
98.75485799
98.73115787
98.71208902
98.68841449
98.67003535
98.65123472
98.63535265
98.60343744
98.58358738
98.56280446
98.54421942
98.52016412
98.50172541
98.48315707
98.46710324
98.4363903
98.41674651
98.39152625
98.37313955
98.35386687
98.33281582
98.31129343
98.29380692
98.25971285
98.24501203
98.23166964
98.20113007
98.17758043
98.16608362
98.13614981
98.1190668
98.09893662
98.07731959
98.05281231
98.03350312
98.0145603
97.99036177
97.96836564
97.95338475
97.9239837
97.90342736
97.88076944
97.85992086
97.83469574
97.81849762
97.79114611
97.77755678
97.75368774
97.73472772
97.71035067
97.69138796
97.66707057
97.64799086
97.62866179
97.61224377
97.58004059
97.56012672
97.53923717
97.52042397
97.49620297
97.47795369
97.45723331
97.4390997
97.40984999
97.39014123
97.36793109
97.34920938
97.3250816
97.30609301
97.2817552
97.26307644
97.23922506
97.2201681
97.1967773
97.17811686
97.15070845
97.13027812
97.11053088
97.09176082
97.06661156
97.0474866
97.02216953
97.00234708
96.97997809
96.96035106
96.93787428
96.92043776
96.89571551
96.87600485
96.85462803
96.83195435
96.81029541
96.78712839
96.76446098
96.74456005
96.72141917
96.70151099
96.6800166
96.66049876
96.6357583
96.61571062
96.59287582
96.57271799
96.55165214
96.53235448
96.50866551
96.48948969
96.46411604
96.44432333
96.42170708
96.40170841
96.38066195
96.36131289
96.33805458
96.31878957
96.29329534
96.27276709
96.24995828
96.23038539
96.2097144
96.19174774
96.16932957
96.14658854
96.12157304
96.1042752
96.08323201
96.06224037
96.04037426
96.01674455
95.99792142
95.97701094
95.95031095
95.92776803
95.90763393
95.89276814
95.86605516
95.84368683
95.81903536
95.79796373
95.77467637
95.76154966
95.73691064
95.71736631
95.69798682
95.67544072
95.65210829
95.63220725
95.60675477
95.58649168
95.5637083
95.54416127
95.52334575
95.50600272
95.48069962
95.45331117
95.43358901
95.42104908
95.39090882
95.37243344
95.35605949
95.33589102
95.31229525
95.29334518
95.27028003
95.24871391
95.22787314
95.20913222
95.18024006
95.16045717
95.13806924
95.11899123
95.09408317
95.07616273
95.05484018
95.02992593
95.00793542
94.99149466
94.96631732
94.94646635
94.92392891
94.90339528
94.88072102
94.86087871
94.83784131
94.81817623
94.7972703
94.77850575
94.75383103
94.73405251
94.71209372
94.69220985
94.66943521
94.64945461
94.62656392
94.60660961
94.58727915
94.56967233
94.54178174
94.5213945
94.49918701
94.48069511
94.4600364
94.4382878
94.4157355
94.39696948
94.37201887
94.35198358
94.32887233
94.30882581
94.28668248
94.26684761
94.24412378
94.22424432
94.20152535
94.18382992
94.16268726
94.14174597
94.11966294
94.10035582
94.08181077
94.05910824
94.03523672
94.01706084
93.99037305
93.97040448
93.95023431
93.93176451
93.90567364
93.88548704
93.86499158
93.84593234
93.82073071
93.80117496
93.77819213
93.76201772
93.74159062
93.71788446
93.69836122
93.67686657
93.65313814
93.63474862
93.60860338
93.58852049
93.56798231
93.55042388
93.52659518
93.50863383
93.48697969
93.46547501
93.44008345
93.41313486
93.39724621
93.38020557
93.35500226
93.33415834
93.3181512
93.29714047
93.27381267
93.25209194
93.22986914
93.2116384
93.18812774
93.16985916
93.14363631
93.12748837
93.10751922
93.08196867
93.05937683
93.04030775
93.01787923
92.99863663
92.97734422
92.95871249
92.93186937
92.91143494
92.89367869
92.8687419
92.83980007
92.82482054
92.80794846
92.78599444
92.76717045
92.75029197
92.72279303
92.70420039
92.68352699
92.66290593
92.63761024
92.61782919
92.59762758
92.57852068
92.55658576
92.53908188
92.51168241
92.49198405
92.46982115
92.45033889
92.42788796
92.4085592
92.38522279
92.36515981
92.34606663
92.32831553
92.30519632
92.28756172
92.26044266
92.24049983
92.21844793
92.19855005
92.17598239
92.15690641
92.13489052
92.11535068
92.0932177
92.07369187
92.05127081
92.03132016
92.0116552
91.99306859
91.96817605
91.94919682
91.92634907
91.90958272
91.88518713
91.86576517
91.84489817
91.82173103
91.79929421
91.7801109
91.7610131
91.74301163
91.71365727
91.69583084
91.67947021
91.65943599
91.63588504
91.61470797
91.59340772
91.57309734
91.55150198
91.52957051
91.50688656
91.48775464
91.46519949
91.44620333
91.42731892
91.40751606
91.38315882
91.36673216
91.34186708
91.31943625
91.29929638
91.2807357
91.25921448
91.2423925
91.21759378
91.20211378
91.17403983
91.15541071
91.1336581
91.11585168
91.08899774
91.06975402
91.04783771
91.02805112
91.00632792
90.9891468
90.96795246
90.9476668
90.92683558
90.90399394
90.88195173
90.86436532
90.84321679
90.81986448
90.80026693
90.78301383
90.75913632
90.74092427
90.71785633
90.70162401
90.67499587
90.65770608
90.63763379
90.61198383
90.59000627
90.57196519
90.55027064
90.53114254
90.51033463
90.4894612
90.46817034
90.44819334
90.42644465
90.40568622
90.3865536
90.36721126
90.34324966
90.32644748
90.29911209
90.27968835
90.25791639
90.238462
90.21680393
90.1988319
90.17772151
90.15635483
90.13382337
90.11465776
90.09276062
90.07367856
90.05434778
90.03459496
90.01164988
89.99337686
89.96847717
89.95054322
89.93022565
89.90657047
89.88256809
89.86913183
89.84810843
89.832623
89.80193483
89.78189018
89.76015062
89.74094773
89.7191378
89.70351642
89.68288034
89.65855449
89.63901257
89.61978638
89.59331521
89.57226123
89.54843776
89.53592098
89.51588166
89.49223369
89.46935609
89.45419755
89.43356489
89.40816593
89.38792461
89.3673129
89.34989872
89.34171604
89.30793949
89.2855742
89.26536159
89.24656722
89.22163222
89.20250076
89.18219655
89.16370738
89.14266547
89.12474001
89.09953625
89.08013268
89.05844175
89.03994624
89.01813734
88.99775187
88.97588315
88.9588272
88.93800548
88.91766144
88.89648758
88.8772076
88.85654929
88.83549552
88.81435768
88.79453601
88.77321873
88.75184806
88.72963167
88.7106222
88.68877516
88.66966273
88.64783559
88.62888795
88.60656844
88.58748551
88.56671195
88.5480922
88.52333388
88.50350128
88.48525337
88.46747527
88.44430361
88.42582303
88.40274608
88.38613905
88.36474213
88.343926
88.32084248
88.30298541
88.27741008
88.25680247
88.23685681
88.21431434
88.19566979
88.17750047
88.15458317
88.13595995
88.1144054
88.09506173
88.07205996
88.05262249
88.03688543
88.02132397
87.99483031
87.97688904
87.95472939
87.93725267
87.90949395
87.8913688
87.86927269
87.84819821
87.82755954
87.80735938
87.78857029
87.7710991
87.74683433
87.72903662
87.70403436
87.68758309
87.66809542
87.64737085
87.62256702
87.5994288
87.57995923
87.55994172
87.54512591
87.52799452
87.50499197
87.48489731
87.46700471
87.44246576
87.41752383
87.40293195
87.38061997
87.36209536
87.33445103
87.31449048
87.29778288
87.27994042
87.25527858
87.23604101
87.21714004
87.19942394
87.17358766
87.15451244
87.1345239
87.11670394
87.0926426
87.07383814
87.05073359
87.03231793
87.01468135
86.99708958
86.9760783
86.95565576
86.92940358
86.91026477
86.88770847
86.86945757
86.84877273
86.82751833
86.80574521
86.79040127
86.77064322
86.74868654
86.7284048
86.70872474
86.68757477
86.6664799
86.64462325
86.62582177
86.60393448
86.58527482
86.56365601
86.5445073
86.52470835
86.50732019
86.4849654
86.46714726
86.44224722
86.4232558
86.40350022
86.38602556
86.36300496
86.34737573
86.32454241
86.30201204
86.28101095
86.26273395
86.24127522
86.22494483
86.20062871
86.18285392
86.15881896
86.13888254
86.11738088
86.09825419
86.07652461
86.05782781
86.0389519
86.02112791
85.99866051
85.98082018
85.95844965
85.94146532
85.91458601
85.89525491
85.87602742
85.85829445
85.83575587
85.8182615
85.79694928
85.7801911
85.75331375
85.73423736
85.71346052
85.69526265
85.67413799
85.65172282
85.6301772
85.61761774
85.59192006
85.57039214
85.55485246
85.5361583
85.5170037
85.49670518
85.47620606
85.45550634
85.43511527
85.41177393
85.39304572
85.3757714
85.34859891
85.32923544
85.31123454
85.29297849
85.26799971
85.2515966
85.23177756
85.21104136
85.18881571
85.17024387
85.14899806
85.13030194
85.10753223
85.08858802
85.069339
85.0502882
85.02964511
85.01614607
84.98839583
84.96901852
84.94809697
84.92925689
84.90793325
84.88942867
84.86801299
84.8487626
84.82722142
84.80788483
84.78645073
84.77080393
84.75147369
84.73150463
84.7114768
84.6889422
84.66726426
84.64906195
84.62833928
84.61220373
84.58948352
84.56792239
84.5466166
84.52261528
84.50572206
84.48866073
84.46958191
84.45309571
84.42783348
84.40752716
84.38357275
84.36885455
84.34308909
84.32791874
84.30058761
84.28021798
84.26534447
84.24488486
84.22534188
84.20562596
84.18408155
84.16722737
84.14403038
84.12694054
84.1071961
84.08643363
84.06469893
84.04357298
84.02021241
84.00539702
83.98425837
83.96512798
83.9488529
83.93187488
83.90677439
83.88920161
83.86634854
83.84959693
83.82548446
83.80642872
83.78515355
83.76836482
83.75061566
83.7287931
83.70513868
83.68677658
83.66581174
83.64730963
83.62611187
83.60761384
83.58654264
83.56865701
83.54642765
83.52899513
83.50922115
83.4896487
83.4710496
83.45086692
83.42755873
83.41023589
83.39007542
83.37006114
83.34858516
83.32995214
83.3096619
83.29137781
83.26850597
83.25058764
83.22902992
83.21049966
83.18945862
83.1715454
83.1512726
83.1304793
83.10910839
83.09048256
83.06946899
83.05200313
83.03122273
83.01247132
82.98998912
82.97142281
82.95325529
82.9359041
82.91181212
82.89312802
82.87169944
82.85282215
82.83150493
82.81297353
82.79186992
82.77367196
82.75224434
82.73469824
82.71809581
82.70104874
82.67890002
82.66170099
82.63792067
82.61602644
82.59423071
82.57761687
82.5582258
82.5366948
82.51595666
82.49910219
82.47635356
82.45919091
82.43813097
82.41437334
82.39593695
82.37814819
82.35661492
82.33809496
82.31670077
82.29807316
82.27733746
82.25927244
82.23732097
82.21857658
82.19998721
82.18277367
82.159042
82.14049027
82.11909399
82.10081602
82.080305
82.06223043
82.04102501
82.02274607
82.00180776
81.98306128
81.96241903
81.94431224
81.92321697
81.90499965
81.88389912
81.86588094
81.84517364
81.82626352
81.80548965
81.78685108
81.76573889
81.74748696
81.72643905
81.70818436
81.68693937
81.66989086
81.65008824
81.63178493
81.61201502
81.59235465
81.57238947
81.55122595
81.52998583
81.51232844
81.49154443
81.47244005
81.45113779
81.43487951
81.41521138
81.39665436
81.37719808
81.3597436
81.33713197
81.31620733
81.29561697
81.27869351
81.25925677
81.23602037
81.21851137
81.20511757
81.18242299
81.16086003
81.1385346
81.12114435
81.09820839
81.07968571
81.06107581
81.04402687
81.02160933
81.0049463
80.98567625
80.96964677
80.94229476
80.92387374
80.90248577
80.88370929
80.86457222
80.84718556
80.82329294
80.8042187
80.78630933
80.76850571
80.74623897
80.72765256
80.70691665
80.68874681
80.66831235
80.65028156
80.62969526
80.61180778
80.59093708
80.57266063
80.5519401
80.5336933
80.51309016
80.495186
80.47450904
80.45617649
80.43742379
80.41997931
80.39747407
80.37984723
80.35664265
80.33812504
80.32076242
80.30415295
80.28304616
80.26665222
80.24238242
80.22516649
80.20312552
80.18515523
80.16323683
80.14490407
80.12411499
80.10591171
80.08536862
80.06705206
80.04593636
80.02835356
80.01066041
79.99136269
79.96690807
79.95126807
79.93029089
79.91829788
79.89158129
79.87667048
79.85856259
79.83742169
79.8181064
79.79738887
79.77678281
79.75433546
79.73176832
79.71844331
79.69775405
79.67977501
79.65940472
79.64147742
79.62129061
79.60341536
79.582079
79.56399199
79.54322344
79.52513177
79.50468593
79.48658649
79.46875821
79.45224067
79.42769677
79.40948405
79.3897601
79.37215595
79.35068049
79.33255054
79.3145516
79.2977839
79.27558106
79.25843194
79.2351707
79.21715544
79.19939101
79.18344108
79.15822958
79.13977427
79.12039149
79.1052449
79.08655502
79.06627257
79.04638505
79.02823532
79.01003977
78.99067869
78.96953771
78.95200667
78.93180381
78.91392729
78.888168
78.87281831
78.85333412
78.83489104
78.81320256
78.79371983
78.77759927
78.76217446
78.73673942
78.72129668
78.69844389
78.68308651
78.66166619
78.6434449
78.62028151
78.60568539
78.58950893
78.56973646
78.54695079
78.53115383
78.50921291
78.49105351
78.47072343
78.45361694
78.43242403
78.41063159
78.39369111
78.38259935
78.35915621
78.34183673
78.31882553
78.30097692
78.28140419
78.26232081
78.2424487
78.22684959
78.20855803
78.18711618
78.16714472
78.15002041
78.13255244
78.11624736
78.09308299
78.07272386
78.05527165
78.04056711
78.02257181
78.00619152
77.98046781
77.96282281
77.94382402
77.92441716
77.90439589
77.88576845
77.86384187
77.84469547
77.82715037
77.81201324
77.79372986
77.77149764
77.75294873
77.73960558
77.71979288
77.7017392
77.68497919
77.66655849
77.64898033
77.63625848
77.61166703
77.60441817
77.5784265
77.54576836
77.53833842
77.53221258
77.53291057
77.44275268
77.44731018
77.42663227
77.42928011
77.34245449
77.37085112
77.34954701