100
100.0000004
100.0000042
100.0000024
100.0000018
99.99999845
99.99998173
99.99997667
99.99997145
99.99996726
99.99991959
99.99991504
99.99980883
99.99964239
99.99949569
99.99931026
99.99878678
99.99845851
99.99793608
99.99707699
99.99605704
99.99546927
99.99373722
99.99249889
99.99074985
99.9890195
99.9873752
99.98550386
99.98227014
99.97964847
99.97646829
99.97338322
99.97029636
99.9669412
99.96281126
99.95903526
99.95342819
99.94856333
99.94384598
99.93826758
99.93052438
99.92613881
99.92034686
99.91441091
99.90603581
99.89905468
99.89131389
99.88404543
99.87559621
99.86777523
99.85854235
99.84937082
99.8393322
99.8301933
99.8189066
99.80950593
99.79832349
99.78856258
99.77709715
99.76611003
99.7541935
99.74419846
99.73245455
99.72070299
99.70555652
99.69336621
99.67948368
99.66662511
99.65269238
99.63920948
99.62478498
99.61443193
99.6014202
99.58638012
99.57167
99.55531645
99.53848377
99.5273895
99.50867296
99.49135605
99.47538535
99.46057376
99.44422466
99.43090802
99.41469095
99.39910277
99.3786234
99.35943368
99.34523345
99.32993266
99.30962257
99.29419523
99.27845582
99.25759656
99.23446403
99.22622091
99.20555752
99.1895138
99.17046977
99.15375238
99.1299531
99.11455389
99.10018354
99.07994322
99.0607795
99.04425287
99.02199201
99.00456068
98.98404184
98.96638105
98.94629947
98.92984368
98.9106186
98.89168851
98.87161741
98.85316114
98.8329073
98.8173557
98.79891369
98.777849
98.75788219
98.73687806
98.71625678
98.69611426
98.67540308
98.66101398
98.64273655
98.61949894
98.59910176
98.57899331
98.55850527
98.53713508
98.51488679
98.4961098
98.47404172
98.45554459
98.43686433
98.4203675
98.39298851
98.37480883
98.35309478
98.33019447
98.31304769
98.29958078
98.27501874
98.25580915
98.22955308
98.21001753
98.18617228
98.16147224
98.14231113
98.12936045
98.10578459
98.08805151
98.06337015
98.04477182
98.021782
98.00331167
97.97962472
97.96056726
97.93690677
97.91853851
97.89974595
97.88387217
97.85197945
97.83214169
97.81136957
97.7927958
97.76875555
97.75032821
97.73176816
97.71572321
97.68503196
97.66540045
97.64019735
97.62182159
97.60255934
97.5815231
97.56001208
97.54253618
97.50847111
97.49377474
97.48043757
97.44992504
97.42638839
97.41489596
97.38498519
97.36791214
97.34779472
97.32619283
97.3017032
97.28240697
97.26347544
97.23929648
97.21731369
97.20234145
97.17296296
97.15242209
97.12977927
97.10894732
97.08373889
97.06755168
97.04022082
97.02663893
97.00278719
96.98384103
96.95948132
96.94053268
96.91623366
96.89716852
96.87785103
96.86144431
96.82926879
96.80937026
96.78849474
96.76969594
96.74549359
96.72725819
96.70655197
96.68843228
96.65920749
96.63951441
96.61732047
96.59861345
96.57450462
96.55553109
96.53121326
96.51254925
96.48871687
96.4696753
96.44630287
96.42765719
96.40027317
96.37986006
96.36012728
96.34137258
96.31624433
96.29713516
96.2718403
96.25203461
96.22968383
96.21007355
96.18761513
96.17019188
96.14549252
96.12579775
96.10443953
96.08178628
96.06014599
96.03700099
96.01435305
95.9944697
95.97134912
95.95145869
95.92998267
95.91048224
95.88576493
95.86573539
95.84292133
95.82278214
95.80173443
95.78245427
95.75878689
95.73962848
95.71427956
95.69450508
95.67190993
95.6519302
95.63090249
95.61157161
95.58833496
95.56908811
95.54361951
95.52311124
95.50032444
95.48077023
95.46011826
95.44216772
95.41977146
95.39705401
95.37206444
95.3547815
95.33375928
95.31278878
95.29094474
95.26734008
95.24853363
95.22764509
95.20097425
95.17845639
95.15834025
95.14348759
95.11680343
95.09445975
95.06983411
95.04878533
95.025521
95.01240489
94.98779346
94.96826905
94.94890884
94.92638817
94.90308016
94.88320075
94.85777673
94.83753567
94.81477695
94.79525098
94.77445706
94.75713172
94.73185825
94.70450381
94.68479936
94.67227047
94.64216778
94.62371226
94.60735402
94.5872083
94.56363887
94.5447099
94.52167084
94.50013046
94.47931206
94.4605925
94.43173541
94.41197539
94.38961278
94.37055655
94.34567866
94.32777813
94.30648034
94.28159801
94.259632
94.24320903
94.2180626
94.1982352
94.17572458
94.15521594
94.13256879
94.11275033
94.08974085
94.0700995
94.0492178
94.03047567
94.00583211
93.9860778
93.9641456
93.94428631
93.92153988
93.90158425
93.87872226
93.85879322
93.83948427
93.82189881
93.79404592
93.77368472
93.75150523
93.73303608
93.71240315
93.69068355
93.66815957
93.64941717
93.62449971
93.60449044
93.58140953
93.56138929
93.53927455
93.51946566
93.49677169
93.47691834
93.45422953
93.43655624
93.41544147
93.39452802
93.37247481
93.3531934
93.33467138
93.31200106
93.28816179
93.27001004
93.24336017
93.22341917
93.20327486
93.18483001
93.15877666
93.13861834
93.11814971
93.09911671
93.0739515
93.0544227
93.03147267
93.01531906
92.99492052
92.97124896
92.95175191
92.93028914
92.9065941
92.8882304
92.86212395
92.84207017
92.82156024
92.80402592
92.78023249
92.76229566
92.74067344
92.71919973
92.69384741
92.66694119
92.65107321
92.63405616
92.60889236
92.58807909
92.57209297
92.55111422
92.52782106
92.5061344
92.48394402
92.46574044
92.44226524
92.42402365
92.39784222
92.38171703
92.36177785
92.33626845
92.31371094
92.29467088
92.27227675
92.25306362
92.23180339
92.21319954
92.18640114
92.16599836
92.14826765
92.12337311
92.09447922
92.07952054
92.06267368
92.04075593
92.02195939
92.00510665
91.97765323
91.95908996
91.93844882
91.91786131
91.89260752
91.87285875
91.85268834
91.8336129
91.81171212
91.79423609
91.76688367
91.74721757
91.7250909
91.70564056
91.68322667
91.66392964
91.64063255
91.62060347
91.60153975
91.58381803
91.56073672
91.54313103
91.51605961
91.49615054
91.47413572
91.45427166
91.43174238
91.41269848
91.39071989
91.37121338
91.34911815
91.32962585
91.30724345
91.28732769
91.26769496
91.24914054
91.22429155
91.20534533
91.18253713
91.16579853
91.14144711
91.12205904
91.10122851
91.07810355
91.05570632
91.03655705
91.01749103
90.99952082
90.97022211
90.95242633
90.93609264
90.91609421
90.8925865
90.87144811
90.85018607
90.8299124
90.80835593
90.78646568
90.76382303
90.74472586
90.7222123
90.70325104
90.68439975
90.6646337
90.64032135
90.62392361
90.59910612
90.57671849
90.55661474
90.53808919
90.51660651
90.49981586
90.47506379
90.45961187
90.43159183
90.41299808
90.39128569
90.37351254
90.34671159
90.32750426
90.30562972
90.28588106
90.26419931
90.24704987
90.22589641
90.20564975
90.1848584
90.16206236
90.14006278
90.12250907
90.10140193
90.0780974
90.05853636
90.0413166
90.01748557
89.99930947
89.97628644
89.96008486
89.93351172
89.91625457
89.89622189
89.87062538
89.84869129
89.8306853
89.80903438
89.78994411
89.76917777
89.74834674
89.72709859
89.70716206
89.68545752
89.66474209
89.64564682
89.62634441
89.60243122
89.58566246
89.55838501
89.53900112
89.5172738
89.4978595
89.47624588
89.4583103
89.43724346
89.41592177
89.39343725
89.37431145
89.35246011
89.3334178
89.3141263
89.29441549
89.27151822
89.25328342
89.22843734
89.21054069
89.19026601
89.16666354
89.14271118
89.12930206
89.1083208
89.09286759
89.06224896
89.04224768
89.02055478
89.00139306
88.9796303
88.96404089
88.94344947
88.91917838
88.89967702
88.88049317
88.85408117
88.83307465
88.80930326
88.79681086
88.77681525
88.75322076
88.73039408
88.71526659
88.69467993
88.66934014
88.64914262
88.62857805
88.61119883
88.60303121
88.5693337
88.54702009
88.52685141
88.50809942
88.48322169
88.46413346
88.44387409
88.42542676
88.4044316
88.38654645
88.36140113
88.3420418
88.32040024
88.30194658
88.28018759
88.25984966
88.23803094
88.22101305
88.20023918
88.17994187
88.15881697
88.13958113
88.11897058
88.09796625
88.07687743
88.05710204
88.03583446
88.01451476
87.99235036
87.97338545
87.9515896
87.93252215
87.91074632
87.89184325
87.86957674
87.85053899
87.82981389
87.81123812
87.78654011
87.76675532
87.74854917
87.73081334
87.70769737
87.68926107
87.66623952
87.64967132
87.62832574
87.60756068
87.58453327
87.56671848
87.54120743
87.52064993
87.50075267
87.47826671
87.45966614
87.44154096
87.41868015
87.40010236
87.37860061
87.35930473
87.33636055
87.3169717
87.30126938
87.28574574
87.25931943
87.24142285
87.21931682
87.20188337
87.1741964
87.15611576
87.13407545
87.11305461
87.09246781
87.07231936
87.05357586
87.03614848
87.01194504
86.99419184
86.96925448
86.95284343
86.93340482
86.91273286
86.88799439
86.864916
86.84549584
86.82552964
86.8107493
86.79366123
86.77071867
86.75067594
86.73282823
86.70835554
86.6834783
86.6689225
86.64666768
86.62819128
86.60062164
86.5807135
86.56404706
86.54625103
86.52165498
86.50246818
86.48361532
86.46594555
86.44017856
86.42115375
86.40121709
86.38344381
86.35944694
86.34069207
86.31764992
86.29928318
86.28169188
86.26414663
86.24319067
86.2228234
86.19664297
86.17755544
86.15506044
86.13685806
86.11622866
86.09503251
86.07331831
86.05801362
86.03830895
86.01641306
85.99618591
85.97655933
85.95546687
85.93443056
85.91263351
85.89388344
85.87205614
85.85344754
85.83188813
85.81279241
85.793047
85.77570642
85.75341269
85.73564363
85.71081392
85.69187546
85.6721736
85.65474721
85.63179038
85.61620329
85.59343476
85.57096935
85.55002625
85.53180053
85.51040124
85.49411617
85.46986905
85.45214386
85.42817772
85.40829815
85.38685735
85.36778503
85.34611727
85.32747373
85.30865009
85.2908769
85.26847336
85.25068406
85.22837668
85.2114405
85.18464049
85.16536532
85.14619191
85.12850996
85.10603588
85.08859193
85.06734043
85.0506301
85.02383279
85.00481182
84.98409503
84.9659498
84.9448866
84.92253873
84.90105509
84.88852952
84.86290985
84.84144483
84.82594909
84.80730904
84.78821033
84.76797161
84.74753312
84.72689533
84.70656463
84.68329415
84.66461957
84.647396
84.62030648
84.60100103
84.58305167
84.5648501
84.53994722
84.52359204
84.50383181
84.48315864
84.46099994
84.44248388
84.42130182
84.40266193
84.37996167
84.36107497
84.34188293
84.32289055
84.30230792
84.28884836
84.26118494
84.2418669
84.22100884
84.20222628
84.18096769
84.16251953
84.1411694
84.12197829
84.10050324
84.08122625
84.05985811
84.04425757
84.02498674
84.00507941
83.98511327
83.96264999
83.94103907
83.92289289
83.90223417
83.88614731
83.86349912
83.84200529
83.82076711
83.79684338
83.78000074
83.76299251
83.74397185
83.72753718
83.70235486
83.68211372
83.65823433
83.64356171
83.61787881
83.60275455
83.57551331
83.55520778
83.54037935
83.51998629
83.50050428
83.48085184
83.45937547
83.44257427
83.41945238
83.40241624
83.38273466
83.36203988
83.34037469
83.31931785
83.29603275
83.2812634
83.26019327
83.24112511
83.22490016
83.20797692
83.18295822
83.16544232
83.14266314
83.12596519
83.10193245
83.08293876
83.06173333
83.04499862
83.02730604
83.00555594
82.98197974
82.96367779
82.94278147
82.92434011
82.90321195
82.88477474
82.86377281
82.84594557
82.82379021
82.80641459
82.78670601
82.76719835
82.74865983
82.72854504
82.70531509
82.68804933
82.66795572
82.6480086
82.62660436
82.6080339
82.58781076
82.56958806
82.54679338
82.52893468
82.50744947
82.48898148
82.46801136
82.45015803
82.42995355
82.40923148
82.3879328
82.36937013
82.34842756
82.33102036
82.31031029
82.29162266
82.26921788
82.25071488
82.23260729
82.21531499
82.19130648
82.17268632
82.15133126
82.13251886
82.11127486
82.09280711
82.07177607
82.05364055
82.03228704
82.01480131
81.99825408
81.98126532
81.95919317
81.9420531
81.9183563
81.89653923
81.87481964
81.85826275
81.83893879
81.81748395
81.79681768
81.78002127
81.75735285
81.74024915
81.71926348
81.69559117
81.67721843
81.65949189
81.63803443
81.61957971
81.59826103
81.57969924
81.55903647
81.54103503
81.51916172
81.50048401
81.48195897
81.46480617
81.44115967
81.42267388
81.40135402
81.38314107
81.36270291
81.34469277
81.32356309
81.30534945
81.28448601
81.26580693
81.24523843
81.22719646
81.20617696
81.18802501
81.16700046
81.14904697
81.12841418
81.1095726
81.08887358
81.07030257
81.04926678
81.03108088
81.01010928
80.99192068
80.97075305
80.95376582
80.93403512
80.91579777
80.89609993
80.87651156
80.85661922
80.83553429
80.81437186
80.79677879
80.77607078
80.75703682
80.73581286
80.71961333
80.70001732
80.6815286
80.66214347
80.64475305
80.62222596
80.60137931
80.58086533
80.56400372
80.54463906
80.52149082
80.50404473
80.49069888
80.46808919
80.44660807
80.42436601
80.40704054
80.38419113
80.36573804
80.34719669
80.33021148
80.30787808
80.29127727
80.27207748
80.25610794
80.22886115
80.21050944
80.18920227
80.17049688
80.1514312
80.13410972
80.11030894
80.09130708
80.07346441
80.05572824
80.03354636
80.01503074
79.9943736
79.9762729
79.95591602
79.93795382
79.91744586
79.89962644
79.87883549
79.86062893
79.83998762
79.82181072
79.80128642
79.78345078
79.76285316
79.74459124
79.72590952
79.70853209
79.68611379
79.66855462
79.64544061
79.62699486
79.60969739
79.59315207
79.5721267
79.55579601
79.53162093
79.51447141
79.4925164
79.47461592
79.45278308
79.43452171
79.41381368
79.39568138
79.37521836
79.35697346
79.33594055
79.31842653
79.30080125
79.28158034
79.2572217
79.241643
79.22074647
79.20879873
79.18218989
79.16733612
79.14929904
79.12824208
79.10900266
79.08836785
79.06784311
79.045487
79.02300885
79.00973465
78.98912738
78.9712196
78.95093
78.93307383
78.9129669
78.89516257
78.87391146
78.85589647
78.83521079
78.81719133
78.79682705
78.7788001
78.76104164
78.74458971
78.72014523
78.70200554
78.6823602
78.6648266
78.64343775
78.62538086
78.60745297
78.59075248
78.56863915
78.55155889
78.52839227
78.5104499
78.49275522
78.47686919
78.45176128
78.43338068
78.41407626
78.39898975
78.38037528
78.36017526
78.34036844
78.32229231
78.30417003
78.28488832
78.26383312
78.24637368
78.22625221
78.20844883
78.18279612
78.1675083
78.14810342
78.12973591
78.10813699
78.08873503
78.07267761
78.05731583
78.03198617
78.01660635
77.99384734
77.97855245
77.95722011
77.93907426
77.91600724
77.90146981
77.88535836
77.86566835
77.8429771
77.82724487
77.805395
77.78731074
77.76706473
77.75002884
77.72892435
77.70722392
77.6903514
77.67930379
77.65595842
77.6387106
77.61579586
77.59802118
77.57852972
77.55952617
77.53973682
77.52420145
77.5059858
77.48463468
77.46474646
77.4476934
77.43029732
77.4140597
77.39099321
77.37072028
77.35333964
77.33869582
77.32077499
77.30446305
77.27884881
77.26127746
77.24235824
77.22303312
77.20309592
77.184547
77.16271352
77.14364797
77.12617606
77.11110175
77.09289516
77.07075823
77.05228624
77.03899797
77.01926913
77.00129175
76.98460195
76.96625996
76.94875542
76.93608492
76.91160219
76.90438259
76.87850395
76.84599147
76.83858492
76.83248644
76.83318072
76.74342713
76.7479547
76.72737034
76.7300045
76.64357239
76.6718326
76.65062386