65
65.00000031
65.00000323
65.00000164
65.00000114
64.99999849
64.99998551
64.99998132
64.99997716
64.99997387
64.99993617
64.99993254
64.99984868
64.99971695
64.99960065
64.99945375
64.99903921
64.99877916
64.99836527
64.99768466
64.99687603
64.99641009
64.99503686
64.99405523
64.99266887
64.99129743
64.98999379
64.98851081
64.9859483
64.98387056
64.98135011
64.97890493
64.97645763
64.97379828
64.97052488
64.96753208
64.96308913
64.95923414
64.9554958
64.95107612
64.94494171
64.94146673
64.93687804
64.93217546
64.92554131
64.9200111
64.91387931
64.90812159
64.90142866
64.89523328
64.88791954
64.88065443
64.8727024
64.8654631
64.85652242
64.84907572
64.84021762
64.83248554
64.82340319
64.81469969
64.80525993
64.79734229
64.78803922
64.77873011
64.76673169
64.757075
64.74607774
64.73589165
64.72485459
64.71417391
64.70274731
64.69454588
64.68423829
64.67232403
64.66067103
64.64771627
64.63438188
64.62559328
64.61076672
64.59704894
64.58439744
64.57266425
64.55971308
64.5491641
64.53631754
64.52396923
64.50774645
64.49254527
64.48129626
64.46917569
64.45308702
64.44086629
64.42839813
64.4118748
64.3935505
64.38702053
64.37065242
64.35794367
64.34285834
64.32961607
64.31076442
64.29856637
64.28718326
64.27115088
64.25597113
64.24288036
64.22524763
64.21144039
64.19518763
64.18119878
64.16529254
64.15225824
64.13703053
64.12203662
64.10613897
64.09152048
64.07547829
64.06316045
64.04855341
64.03186923
64.01605463
63.99941857
63.98308574
63.96713226
63.95072842
63.93933175
63.92485562
63.90645116
63.8902963
63.87437028
63.85814362
63.84121854
63.82359804
63.80872691
63.79124932
63.77659998
63.7618055
63.74874047
63.72705739
63.71265977
63.69546319
63.67732742
63.66374781
63.65308265
63.63363105
63.61841834
63.59762556
63.58215494
63.56327151
63.54371154
63.5285374
63.51828157
63.49961198
63.4855693
63.4660246
63.45129701
63.43309199
63.41846595
63.39970914
63.3846185
63.3658831
63.35133844
63.33645767
63.32388835
63.29863544
63.28292771
63.26648016
63.2517736
63.23273888
63.21814845
63.20345284
63.19074894
63.16644908
63.15090587
63.13095157
63.11640268
63.10115206
63.08449739
63.0674667
63.05363102
63.02666223
63.01502697
63.00446785
62.98031226
62.96167884
62.95258061
62.92890186
62.91538604
62.89946034
62.88235969
62.86297323
62.84769812
62.83271175
62.81357203
62.79617055
62.7843188
62.76106374
62.74480452
62.72688144
62.71039229
62.69043888
62.67762638
62.65599356
62.64524328
62.62636468
62.61136893
62.59208858
62.57709129
62.55785955
62.54277047
62.52748153
62.51449662
62.48903219
62.47328415
62.45676299
62.44188575
62.42273237
62.40830121
62.39191473
62.37757572
62.35444881
62.338865
62.32130224
62.30649908
62.28742157
62.27240789
62.25316554
62.23839712
62.21953924
62.20447254
62.18597913
62.17122608
62.14955922
62.13340809
62.11779536
62.1029569
62.08307598
62.06795746
62.04794522
62.03227599
62.01459339
61.99907928
61.981312
61.96752841
61.94798899
61.93240887
61.91551306
61.89759311
61.88047459
61.86216609
61.84425087
61.82852301
61.81023455
61.79450146
61.77751443
61.76209038
61.74254013
61.72669799
61.70865363
61.69272528
61.67607842
61.66082987
61.64211181
61.6269601
61.60691271
61.59127409
61.57340503
61.55760467
61.54097565
61.52568892
61.50731382
61.49209412
61.47195463
61.45573795
61.43771969
61.42225783
61.4059281
61.39173471
61.3740265
61.3560647
61.33630662
61.32264196
61.30602118
61.28944156
61.27217149
61.2535099
61.23864199
61.22212842
61.20104383
61.18324281
61.16734047
61.15559945
61.1345057
61.11684358
61.09737795
61.08074011
61.06235106
61.05198382
61.0325307
61.01709853
61.00179638
60.98399675
60.9655752
60.94986401
60.92977078
60.91377416
60.89578799
60.88035689
60.86392399
60.85023257
60.8302606
60.80864476
60.793074
60.78317381
60.75938726
60.74480444
60.73187892
60.71596099
60.69733816
60.6823824
60.66417954
60.64716094
60.63071306
60.61592391
60.59312583
60.5775152
60.55984884
60.54479479
60.52514201
60.51100135
60.49417731
60.47452235
60.45717109
60.4441989
60.42433651
60.40867575
60.39089584
60.3746978
60.35681081
60.34115833
60.32298585
60.30747374
60.29098252
60.27618123
60.25671978
60.24111984
60.22380017
60.20811806
60.1901563
60.17439885
60.15634648
60.14061052
60.1253646
60.11147969
60.08948831
60.07341255
60.05590129
60.04131994
60.02503053
60.00788356
59.99010174
59.97530584
59.95563562
59.93984042
59.92162083
59.90581762
59.88836107
59.87272526
59.85481242
59.83914215
59.82123422
59.80728524
59.79062022
59.77411463
59.75670985
59.74149314
59.72687598
59.70898526
59.69017243
59.67584852
59.65481876
59.63908355
59.6231882
59.60863431
59.58807707
59.57217194
59.55602211
59.54100554
59.52115103
59.50574368
59.4876377
59.47489388
59.45880142
59.44012731
59.42474678
59.40781622
59.38912482
59.37463951
59.35404695
59.33822915
59.32205168
59.30822158
59.28945532
59.27530854
59.25825555
59.24132006
59.22132598
59.20010722
59.18759379
59.17417427
59.15433107
59.13791862
59.12531288
59.10877102
59.09040448
59.07330524
59.05580888
59.04145656
59.02294816
59.00856645
58.98792529
58.97521293
58.95949393
58.93938405
58.92160173
58.90659263
58.88894006
58.87379535
58.85703711
58.84237335
58.82125126
58.80517029
58.79119589
58.7715764
58.74880476
58.73701613
58.7237396
58.70646724
58.69165484
58.67837445
58.65674107
58.64211365
58.62584921
58.60962758
58.58972959
58.57416966
58.55827784
58.54324946
58.52599506
58.51222717
58.49067875
58.47518618
58.45775559
58.44243371
58.42477777
58.40957742
58.39122675
58.37545073
58.36043528
58.34647729
58.32829817
58.31443231
58.29311157
58.27743252
58.26009536
58.24445257
58.22671134
58.21171483
58.19440781
58.17904799
58.16165014
58.1463024
58.12867924
58.11299894
58.09754165
58.08293406
58.06337108
58.04845564
58.03050027
58.01732346
57.99815408
57.98289232
57.96649537
57.9482927
57.93066338
57.91559113
57.9005846
57.8864413
57.86338242
57.84937715
57.83652275
57.82078465
57.80228525
57.78565102
57.76891973
57.75296655
57.73600445
57.71878063
57.70096497
57.68593944
57.66822629
57.65330844
57.63847736
57.62292716
57.60380055
57.59090085
57.57137803
57.55376738
57.53795364
57.52338177
57.50648413
57.49327765
57.47380929
57.4616564
57.43961877
57.42499561
57.40792007
57.39394296
57.37286661
57.35776228
57.34056109
57.32503222
57.30798343
57.29449901
57.27786684
57.26194795
57.24560119
57.22767923
57.21038347
57.19658338
57.17999026
57.16167023
57.14629339
57.1327574
57.11402493
57.09973841
57.08164218
57.06890794
57.04802198
57.03445879
57.01871488
56.99859876
56.98136112
56.96721114
56.9501973
56.93519583
56.91887774
56.90250935
56.88581352
56.87014891
56.85309555
56.83682007
56.8218177
56.80665305
56.78786648
56.77469338
56.75326527
56.73803848
56.72097108
56.70572122
56.68874392
56.67465652
56.65810995
56.64136347
56.62370432
56.60868381
56.59152289
56.57656853
56.56141886
56.54594038
56.52796
56.51364173
56.49413226
56.48007997
56.46416109
56.44562986
56.42682413
56.41629668
56.3998246
56.38769313
56.363656
56.34795501
56.33092643
56.31588506
56.29880269
56.28656633
56.27040403
56.25135384
56.23604809
56.2209923
56.20026388
56.18377891
56.16512398
56.15532085
56.13962988
56.12111562
56.10320438
56.09133459
56.07518189
56.05530023
56.03945391
56.02332011
56.00968542
56.00327799
55.97684225
55.95933836
55.9435171
55.92880761
55.90929347
55.89432103
55.87843061
55.86396179
55.84749511
55.8334683
55.81374765
55.79856557
55.78159404
55.76712283
55.75006016
55.73411262
55.7170039
55.70366041
55.68737211
55.67145788
55.65489536
55.63981443
55.62365605
55.60718959
55.59065724
55.57515515
55.55848382
55.54177214
55.52439877
55.50953382
55.4924502
55.47750582
55.46043895
55.4456241
55.42817382
55.41325432
55.39701282
55.38245641
55.36310302
55.34760007
55.3333343
55.31943754
55.30132559
55.28688098
55.26884408
55.25586378
55.23914112
55.22287375
55.20483437
55.19087898
55.17089547
55.1547931
55.1392079
55.1215957
55.10702728
55.09283131
55.07492673
55.06037701
55.04353773
55.02842696
55.01045949
54.99527667
54.98298083
54.97082531
54.950133
54.93612049
54.91881221
54.90516325
54.88348661
54.86933164
54.85207733
54.83562146
54.81950592
54.80373397
54.78906209
54.77542102
54.75647637
54.74258088
54.72306287
54.71021856
54.69500503
54.67882691
54.65946676
54.64140696
54.6262103
54.61058645
54.59902111
54.58565029
54.56769885
54.5520169
54.53805283
54.51890626
54.49944381
54.48805661
54.47064648
54.4561935
54.43462714
54.41905406
54.40601744
54.39209774
54.37285954
54.3578529
54.34310795
54.32928894
54.30913722
54.29425895
54.27866835
54.26476977
54.24600483
54.2313395
54.21332268
54.19896194
54.18520756
54.17148976
54.15510537
54.13918222
54.11871474
54.10379299
54.08620801
54.0719792
54.05585341
54.03928526
54.02231248
54.01035011
53.99494901
53.97783586
53.96202707
53.94668837
53.93020451
53.91376532
53.89673194
53.88208025
53.86502433
53.85048388
53.83363816
53.8187182
53.80329096
53.78974297
53.77232556
53.75844379
53.73904637
53.72425189
53.70886139
53.69524881
53.67731638
53.6651414
53.64735751
53.62981095
53.61345362
53.5992193
53.58250681
53.5697892
53.5508536
53.53701182
53.51829706
53.50277411
53.48603235
53.47114051
53.45422244
53.43966607
53.42496936
53.41109363
53.39360308
53.37971562
53.36230129
53.34908052
53.32816019
53.31311442
53.29814856
53.28434727
53.26680583
53.25319112
53.23660495
53.22356355
53.20265032
53.18780654
53.17163945
53.15747966
53.14104331
53.12360559
53.10684247
53.09706958
53.07708036
53.06033305
53.04824367
53.03370142
53.01880173
53.0030132
52.98706951
52.97097099
52.95511238
52.93696078
52.92239432
52.90896056
52.88783223
52.87277547
52.85877662
52.84458163
52.82516072
52.81240649
52.79699694
52.78087642
52.76359807
52.7491605
52.73264441
52.71811108
52.70041255
52.68568752
52.67072499
52.65591866
52.6398726
52.62938027
52.60781522
52.59275682
52.57649822
52.56185802
52.54528832
52.53090948
52.51426942
52.49931272
52.48257633
52.46755354
52.45090125
52.43874422
52.42372725
52.40821468
52.39265693
52.3751539
52.3583154
52.34417699
52.32808122
52.31554797
52.2979036
52.28115893
52.26461418
52.24597801
52.23285788
52.21960919
52.20479326
52.1919923
52.17237794
52.15661289
52.13801446
52.12658756
52.10658561
52.0948072
52.07359357
52.05778099
52.04623404
52.03035476
52.01518488
51.99988321
51.98316136
51.97007992
51.95207791
51.93881447
51.923492
51.9073812
51.89051512
51.87412356
51.85599782
51.84450121
51.82810034
51.81325827
51.80062946
51.78745787
51.7679854
51.75435328
51.73662518
51.7236303
51.70492763
51.690147
51.67364576
51.66062379
51.64685669
51.6299328
51.61158854
51.59734865
51.58109033
51.5667428
51.55030524
51.53596179
51.51962335
51.50575493
51.48852031
51.4750043
51.45967392
51.44450027
51.43008081
51.41443585
51.39636806
51.38293968
51.36731215
51.35179907
51.3351533
51.32071186
51.30498556
51.29081549
51.27309046
51.25920408
51.24249824
51.22813916
51.21183468
51.19795402
51.18224574
51.16613554
51.14957741
51.13514692
51.11886641
51.10533439
51.08923552
51.07470951
51.05729451
51.04291257
51.02883825
51.01539827
50.99673855
50.9822673
50.96567099
50.95105125
50.93454196
50.92019067
50.90384781
50.88975532
50.87316272
50.85957603
50.84671863
50.83351872
50.81636946
50.80305282
50.7846423
50.7676929
50.75081976
50.7379575
50.72294597
50.70627973
50.69022645
50.67717957
50.65957165
50.64628674
50.62998686
50.61160104
50.59733172
50.5835644
50.5669001
50.55256824
50.53601255
50.52159828
50.50555257
50.49157396
50.47458941
50.46008661
50.44570239
50.43238426
50.41402434
50.39967205
50.38311982
50.36897988
50.35311286
50.33913124
50.32272794
50.30858909
50.29239346
50.27789421
50.26192832
50.24792402
50.23160905
50.21752017
50.20120207
50.18726794
50.17125457
50.15663206
50.14056815
50.1261563
50.10983194
50.09571952
50.07944577
50.06533196
50.04890701
50.0357262
50.02041676
50.00626651
49.99098351
49.97578588
49.96035271
49.94399472
49.92757692
49.91392847
49.89786386
49.88309859
49.86663488
49.85406893
49.83886845
49.8245274
49.80949129
49.79600284
49.77853051
49.7623619
49.7464517
49.73337463
49.71835657
49.70040454
49.68687491
49.67652549
49.65899242
49.64233511
49.62508803
49.61165385
49.59393651
49.57962859
49.56525248
49.55208325
49.53476751
49.52189673
49.50701135
49.49463096
49.47350763
49.4592807
49.44276305
49.42826281
49.4134835
49.40005649
49.38160754
49.36687861
49.35304865
49.3393016
49.3221088
49.30775831
49.29174814
49.27771975
49.26194289
49.24802235
49.23212911
49.21831979
49.20220809
49.18809944
49.1721043
49.15801931
49.14211551
49.12829541
49.11233543
49.09818576
49.08371096
49.07024721
49.05287799
49.03927383
49.0213665
49.00707614
48.99367555
48.98085806
48.96457003
48.9519194
48.93319201
48.91990731
48.90290072
48.88903514
48.8721236
48.85797895
48.84193949
48.82789534
48.81204618
48.79791551
48.7816257
48.76806137
48.75441115
48.73952572
48.72066159
48.70859736
48.69241501
48.68316286
48.66255741
48.65105516
48.63708816
48.62078314
48.60588581
48.58990825
48.57401628
48.55670697
48.53930305
48.52902557
48.51307089
48.49920648
48.48349828
48.46967433
48.45410805
48.44032472
48.42387347
48.40992759
48.39391446
48.3799656
48.36420172
48.35024752
48.33650127
48.3237667
48.30484577
48.29080528
48.27559963
48.26202874
48.24547404
48.23149858
48.21762307
48.20469784
48.18758362
48.17436492
48.15643612
48.14255068
48.12885708
48.11656341
48.09713332
48.08290963
48.0679712
48.05629692
48.04189284
48.02626209
48.0109359
47.99694908
47.98292678
47.96800746
47.95171613
47.93820747
47.92263922
47.90886477
47.88901745
47.87718975
47.86217676
47.84796661
47.83125683
47.81624683
47.80382431
47.7919403
47.77234504
47.76044737
47.74284134
47.73100978
47.71450798
47.70047144
47.68262829
47.67138316
47.65892063
47.6436903
47.62613862
47.61397005
47.59706966
47.58308203
47.56742269
47.55424635
47.53792327
47.52113957
47.50808998
47.49954578
47.48149038
47.46815099
47.45042909
47.43668263
47.42160864
47.40691231
47.39160834
47.37959429
47.3655076
47.34899638
47.33361664
47.32042937
47.30697712
47.29442081
47.27658398
47.26090766
47.24746792
47.23614462
47.22228739
47.20967446
47.1898687
47.17628217
47.1616536
47.14671126
47.13129591
47.11695418
47.10007291
47.08533194
47.07182325
47.06016845
47.04609197
47.02897682
47.01469536
47.0044218
46.98916887
46.97527023
46.96236706
46.94818682
46.93465401
46.92485857
46.90593125
46.90034994
46.88034365
46.85520912
46.84948287
46.84476831
46.84530503
46.77592133
46.77942031
46.76350789
46.76554416
46.69872973
46.72057449
46.70417959