90.75178454
90.75178688
90.75180973
90.7518238
90.75182675
90.75182684
90.75182732
90.75183758
90.7518339
90.75183306
90.75180102
90.75180126
90.7517125
90.75156166
90.75143502
90.7512642
90.75078157
90.75048013
90.74999765
90.74919537
90.74824702
90.74770097
90.74607892
90.74491941
90.74327959
90.74165521
90.74011466
90.73835803
90.73531699
90.73285216
90.72986002
90.72695648
90.724053
90.72089364
90.71700498
90.71344813
90.70816348
90.70357774
90.69913379
90.69387374
90.6865732
90.68244104
90.67698264
90.67138575
90.66348701
90.65690307
90.64960334
90.64274788
90.63477887
90.6274015
90.61869187
90.61003858
90.60056794
90.59194549
90.58129588
90.57242615
90.56187477
90.55266449
90.54184545
90.53147674
90.52023148
90.51080001
90.49971776
90.48862671
90.4743303
90.46282497
90.44972191
90.43758508
90.4244344
90.41170771
90.39809225
90.38832283
90.37604114
90.36184268
90.34795745
90.33251799
90.31662949
90.30615912
90.28848847
90.2721391
90.25706245
90.2430797
90.22764586
90.21507546
90.19976594
90.18504986
90.16571301
90.14759421
90.1341906
90.11974542
90.10056913
90.08600387
90.07114571
90.05144764
90.02960746
90.02182875
90.00231898
89.98717177
89.96919213
89.95340862
89.9309353
89.91639748
89.90283149
89.88371919
89.8656263
89.8500224
89.82900312
89.81254466
89.79317071
89.77649548
89.75753453
89.74199794
89.72384574
89.70597136
89.68701996
89.66959328
89.65046882
89.63578736
89.61837404
89.59848282
89.57962947
89.55979552
89.54032413
89.52130413
89.50174752
89.48816443
89.47090625
89.4489616
89.42970153
89.41071372
89.39136786
89.37118729
89.35017867
89.33244802
89.31160956
89.29414287
89.27650663
89.26092982
89.23507318
89.21790678
89.1974018
89.17577462
89.15958683
89.14687259
89.12367831
89.10553838
89.08074293
89.06229528
89.03977626
89.01644815
88.99835792
88.98613093
88.96386805
88.94712267
88.92381499
88.90625231
88.88454269
88.86710077
88.84473304
88.82673626
88.80439275
88.78704693
88.76930343
88.75431441
88.72419351
88.7054596
88.68584541
88.66830548
88.64560294
88.62820113
88.61067712
88.59552621
88.56654044
88.54800152
88.52419972
88.50684722
88.48865874
88.46879179
88.44848016
88.43197739
88.39980094
88.38592739
88.3733358
88.34451409
88.3222896
88.31143984
88.28319009
88.26706846
88.24807111
88.22767051
88.20454234
88.18631985
88.16844325
88.14560654
88.12484848
88.11071091
88.08296465
88.0635654
88.04218302
88.02250804
87.99870314
87.98341705
87.9576053
87.94478122
87.92225617
87.90436376
87.88135941
87.86346457
87.84051663
87.82251144
87.80427106
87.78877778
87.75838823
87.73959603
87.71988327
87.70212987
87.67927338
87.66205218
87.64249919
87.62538732
87.59778552
87.57918729
87.55822876
87.54056207
87.51779397
87.49987552
87.47690938
87.4592834
87.43677637
87.41879361
87.39672136
87.3791129
87.35324953
87.33397099
87.31533718
87.29762547
87.27389431
87.25584781
87.23195836
87.21325377
87.19214635
87.17362628
87.15241723
87.1359643
87.11263648
87.09403781
87.07386698
87.05247247
87.03203556
87.01017557
86.98878717
86.97000924
86.9481742
86.92938951
86.90910828
86.89069207
86.86734799
86.84843194
86.82688614
86.80786627
86.78798968
86.76978153
86.74743013
86.72933711
86.70539619
86.68672118
86.66538214
86.64651293
86.62665515
86.60839897
86.5864545
86.56827781
86.54422376
86.52485529
86.50333515
86.4848682
86.46536521
86.44841388
86.42726267
86.40580682
86.38220509
86.36588507
86.34603134
86.3262263
86.30559625
86.28330234
86.26554362
86.24581544
86.2206251
86.19935686
86.18036152
86.16633664
86.14113438
86.12003118
86.0967742
86.0768946
86.05492475
86.0425409
86.01929585
86.00085741
85.98257453
85.9613042
85.93929233
85.92051774
85.89650586
85.8773898
85.85589616
85.83745572
85.81781867
85.80145763
85.77758722
85.75174954
85.7331445
85.72131495
85.69288148
85.67545266
85.66000636
85.64098039
85.61872134
85.60084498
85.57908676
85.55874257
85.53908286
85.52140407
85.4941492
85.47548761
85.4543688
85.43637231
85.41287625
85.39597185
85.37585827
85.35235661
85.3316131
85.31610483
85.29235542
85.27363041
85.25237136
85.2330026
85.21161467
85.19289814
85.17116782
85.15261856
85.13289907
85.11519945
85.09192507
85.07326916
85.05255679
85.03380169
85.01231998
84.99347382
84.97188277
84.9530615
84.93482899
84.91822213
84.89191543
84.87268621
84.85174015
84.83429884
84.81481384
84.79430086
84.77302994
84.75533033
84.73179761
84.71290103
84.69110343
84.67219643
84.65131182
84.63260459
84.6111727
84.59242357
84.57099647
84.5543074
84.53436711
84.51461689
84.49378992
84.47558114
84.45809124
84.43668021
84.41416688
84.39702532
84.37185613
84.35302401
84.33400196
84.31658353
84.29197775
84.2729404
84.25361191
84.23563793
84.21187127
84.19342916
84.17175521
84.15650215
84.13723859
84.11488275
84.09647183
84.0762018
84.05382536
84.0364838
84.01182842
83.99289011
83.97352254
83.95696499
83.93449459
83.91755731
83.89713778
83.87685933
83.85291553
83.82750367
83.81252142
83.7964528
83.7726871
83.75303226
83.7379385
83.7181266
83.69612997
83.67564874
83.65469424
83.63750407
83.6153354
83.59810973
83.57338381
83.55815801
83.53932914
83.51523749
83.49393587
83.47595592
83.45480852
83.43666516
83.41658911
83.39902192
83.37371243
83.35444565
83.33770434
83.31419277
83.28690505
83.27278206
83.25687464
83.23617571
83.21842816
83.20251485
83.17658834
83.15905909
83.13956818
83.12012668
83.09627802
83.07762869
83.05858308
83.04056961
83.01989004
83.00338801
82.97755663
82.95898586
82.93809171
82.91972485
82.89855938
82.88033743
82.8583374
82.83942347
82.82142404
82.80468979
82.78289499
82.76627078
82.74070536
82.72190535
82.70111719
82.68235977
82.66108569
82.64310318
82.62234939
82.60392983
82.58306591
82.56465978
82.54352449
82.52471809
82.50618116
82.48866084
82.46519635
82.44730608
82.42576936
82.40996527
82.38696963
82.36866244
82.34899322
82.32715585
82.30600712
82.28792523
82.2699241
82.25295646
82.22528778
82.20848538
82.19306471
82.17418143
82.15198346
82.13202319
82.11194693
82.0928037
82.0724495
82.05177865
82.0303987
82.01236673
81.9911084
81.97320455
81.9554062
81.93674223
81.91378586
81.89830416
81.87486936
81.85372898
81.83474805
81.81725541
81.79697281
81.78111905
81.75774764
81.74315884
81.71670098
81.69914446
81.67864444
81.66186348
81.63655595
81.6184206
81.59776675
81.57912006
81.55864838
81.5424573
81.52248431
81.5033677
81.48373709
81.46221208
81.44144051
81.42486808
81.4049389
81.38293302
81.36446574
81.3482077
81.32570745
81.30854607
81.28680897
81.27151326
81.24642133
81.23012936
81.21121558
81.18704597
81.16633702
81.14933755
81.12889556
81.11087193
81.09126557
81.07159758
81.05153638
81.03271328
81.01222094
80.9926618
80.97463473
80.95641003
80.93383316
80.91800222
80.8922468
80.87394594
80.85343268
80.83510315
80.81469738
80.79776479
80.77787536
80.75774445
80.73651635
80.71845961
80.69782937
80.67985149
80.66163943
80.64302976
80.62141272
80.60419757
80.58073926
80.56384369
80.54470263
80.52241715
80.49980489
80.48714697
80.46734153
80.4527533
80.42384269
80.40495954
80.38447977
80.36638974
80.34584397
80.33112826
80.31168845
80.28877268
80.27036399
80.25225272
80.22731662
80.20748383
80.18504225
80.17325185
80.15437514
80.13209925
80.11054922
80.09627058
80.07683545
80.05291058
80.03384444
80.01442935
79.99802649
79.99031924
79.95850395
79.93743766
79.91839923
79.90069666
79.87721024
79.85919036
79.84006613
79.82265145
79.80283259
79.78594917
79.76221046
79.74393506
79.72350537
79.7060854
79.68554484
79.66634507
79.64574837
79.62968478
79.61007445
79.59091414
79.57097243
79.55281455
79.53335861
79.51353034
79.49362303
79.47495543
79.45487942
79.43475319
79.41383066
79.39592843
79.37535397
79.35735502
79.33679955
79.31895597
79.29793711
79.27996633
79.26040358
79.24286927
79.21955426
79.20087797
79.18369419
79.16695282
79.14513248
79.12772984
79.10599898
79.09036088
79.07021237
79.0506108
79.02887424
79.01205938
78.9879767
78.96857218
78.94979097
78.92856461
78.91100896
78.89390069
78.87232178
78.8547863
78.8344908
78.81627727
78.79461938
78.77631768
78.76150056
78.7468486
78.72190324
78.70501077
78.68414669
78.66769191
78.64155609
78.62449101
78.60368727
78.58384546
78.56441416
78.54539576
78.52770614
78.51125735
78.4884126
78.47165657
78.44811764
78.4326295
78.41428271
78.39477156
78.37141993
78.34963683
78.33130769
78.3124627
78.29851504
78.28238739
78.2607325
78.24181531
78.22497134
78.20187044
78.17839057
78.16465425
78.14365039
78.12621218
78.10018875
78.0813987
78.06567124
78.04887543
78.0256602
78.00755129
77.98975952
77.97308315
77.94876296
77.93080731
77.91199224
77.89521846
77.87256969
77.8548694
77.83312168
77.81578764
77.79918706
77.78262868
77.76285171
77.74362905
77.71891928
77.7009052
77.67967457
77.66249652
77.64302764
77.62302272
77.60252974
77.58808824
77.5694921
77.54882667
77.52973783
77.51121543
77.49130972
77.47145597
77.45088544
77.43319045
77.41259134
77.39503
77.37468377
77.35666243
77.3380293
77.32166504
77.30062674
77.28385807
77.26042456
77.2425519
77.22396029
77.20751524
77.18585106
77.17114301
77.14965537
77.1284529
77.10868983
77.09149034
77.0712969
77.0559296
77.03304738
77.01632096
76.99370366
76.97494335
76.95471026
76.93671212
76.91626476
76.89867131
76.88090951
76.86413765
76.84299653
76.82620952
76.80515989
76.78917857
76.76388642
76.74569705
76.72760541
76.71092002
76.68971301
76.67325233
76.65319951
76.63743176
76.61214274
76.59419395
76.57464529
76.55752324
76.53764756
76.51655778
76.49628642
76.48447009
76.46029218
76.44003773
76.42541756
76.40782955
76.38980839
76.37071109
76.35142526
76.33195081
76.31276691
76.29080725
76.27318796
76.25693661
76.23137316
76.2131565
76.19622201
76.17904743
76.15554832
76.14011722
76.1214725
76.10196511
76.08105676
76.06358578
76.04359937
76.02601166
76.00459197
75.98677104
75.96866367
75.95074269
75.93132415
75.91862603
75.89252172
75.87429411
75.85461398
75.83689195
75.81683386
75.7994276
75.77928317
75.76117565
75.74091343
75.72272504
75.70256373
75.68784639
75.66966424
75.65088129
75.63204326
75.61084733
75.59045743
75.57333677
75.55384557
75.53866913
75.51729932
75.49701991
75.47698079
75.45440642
75.43851792
75.42247122
75.40452721
75.38902169
75.36526212
75.34616375
75.32363456
75.30979233
75.28555993
75.2712926
75.24558807
75.22643094
75.21244306
75.19320152
75.1748223
75.15628051
75.13601921
75.12016888
75.09835353
75.08228183
75.06371377
75.0441883
75.02374868
75.00388166
74.9819134
74.96798124
74.94810261
74.93011264
74.91480805
74.89884242
74.87523857
74.85871383
74.8372238
74.82147149
74.79879729
74.78087843
74.76087266
74.74508583
74.72839598
74.7078757
74.68563306
74.66836707
74.64865376
74.63125632
74.61132426
74.59393088
74.57411805
74.55730064
74.53639904
74.52000797
74.50141536
74.48301235
74.46552474
74.44654811
74.42463278
74.40834538
74.38938997
74.37057207
74.35038002
74.33286107
74.31378418
74.29659355
74.27508956
74.25824303
74.23797486
74.22055325
74.20077105
74.18392973
74.16487004
74.14532105
74.12522918
74.10771824
74.08796253
74.07154223
74.05200594
74.03437733
74.01324135
73.99578689
73.9787076
73.96239576
73.9397468
73.92218206
73.90203736
73.88429121
73.86425139
73.84683057
73.82699179
73.80988459
73.78974139
73.77324719
73.75764027
73.74161537
73.72079475
73.70462723
73.68227297
73.66169189
73.64120362
73.62558652
73.60735885
73.58711964
73.567626
73.55178307
73.5303996
73.5142672
73.49447131
73.47213973
73.45481034
73.43808965
73.41784939
73.40044162
73.38033231
73.36282354
73.34333332
73.32635349
73.3057208
73.28810261
73.27063031
73.2544512
73.23214555
73.21470884
73.19459864
73.17741937
73.15814144
73.14115356
73.12122307
73.10404328
73.08436409
73.06674509
73.04734436
73.0303267
73.01050042
72.99337906
72.97354804
72.95661401
72.93715273
72.91938062
72.89985698
72.88234026
72.86249889
72.84534569
72.82556491
72.8084093
72.78844352
72.77242171
72.7538116
72.73661069
72.71803155
72.69955543
72.68079297
72.66090432
72.64094391
72.62435043
72.60481878
72.5868657
72.56684733
72.5515691
72.5330865
72.51564813
72.49736483
72.48096275
72.45971436
72.44005139
72.42070267
72.40479993
72.38653547
72.36470039
72.34824772
72.33566212
72.31433666
72.29407459
72.27309628
72.25675549
72.23520356
72.21779878
72.20031223
72.18429242
72.16322805
72.14757094
72.12946451
72.11440299
72.08870225
72.07139361
72.05129727
72.03365483
72.01567371
71.99933731
71.97688788
71.95896592
71.94213875
71.92541089
71.90448956
71.88702635
71.86754361
71.85047194
71.83127258
71.81433169
71.79498982
71.77818372
71.75857484
71.74140344
71.72193581
71.70479242
71.68543525
71.6686139
71.6491875
71.63196382
71.61434556
71.59795642
71.57681264
71.56025227
71.53845162
71.52105448
71.50474273
71.48913845
71.46930907
71.45390744
71.43110651
71.41493271
71.39422604
71.37734372
71.35675228
71.33952955
71.3199993
71.30289834
71.28359932
71.26639209
71.24655527
71.23003743
71.21341613
71.19528731
71.17231417
71.15762177
71.13791575
71.12664963
71.10155156
71.08754448
71.07053399
71.05067429
71.03252974
71.01306783
70.99371087
70.97262413
70.9514251
70.93890817
70.91947333
70.90258445
70.88344938
70.86660922
70.84764661
70.83085547
70.8108132
70.79382326
70.77431449
70.75732029
70.73811474
70.72111333
70.70436682
70.68885153
70.66579674
70.64868917
70.63016221
70.61362641
70.59345422
70.57642461
70.55951823
70.54376835
70.52291323
70.50680519
70.484956
70.46803445
70.4513488
70.43636737
70.41268648
70.39535183
70.37714608
70.36291945
70.34536463
70.326314
70.30763439
70.29058707
70.27349686
70.25531176
70.23545504
70.21898905
70.20001373
70.18322331
70.15902897
70.14461213
70.1263119
70.10898955
70.08861906
70.07032024
70.05517974
70.04069246
70.01680321
70.00229919
69.9808355
69.96641177
69.94629362
69.92918007
69.90742485
69.89371631
69.87852359
69.85995326
69.83855304
69.82371678
69.80311005
69.78605496
69.76696134
69.75089527
69.73099123
69.71052406
69.69461425
69.68419744
69.66218025
69.64591437
69.62430293
69.60754016
69.58915823
69.5712359
69.55257287
69.53792305
69.52074451
69.50060724
69.48185108
69.46576883
69.44936402
69.43405129
69.41229656
69.39317641
69.37678659
69.36297715
69.34607727
69.33069409
69.30653599
69.28996514
69.27212292
69.25389742
69.23509503
69.21760165
69.19700991
69.17902918
69.16255241
69.14833707
69.13116699
69.11028829
69.09286904
69.08033858
69.06173234
69.04477808
69.02903878
69.01173981
68.99523228
68.9832855
68.96019121
68.95338411
68.92897523
68.89830526
68.89132909
68.88557621
68.88623179
68.80156283
68.80584433
68.78642534
68.78891224
68.70737286
68.73404152
68.71403464