0.076445379
0.076445379
0.812760262
1.533361186
1.691313091
1.842968135
2.541937026
3.217461801
3.274558342
3.404895744
3.955876995
4.140306653
4.689754131
4.990693882
5.457047219
5.655585385
6.129825952
6.526795917
7.013540004
7.396171616
7.984641018
8.354363779
9.000420926
9.44300249
9.998298163
10.46745321
10.99718489
11.42354339
11.99901421
12.47490754
12.9889728
13.46837268
14.01514947
14.46427414
15.01112071
15.46200622
15.99624918
16.45760038
16.99102236
17.38786812
17.97390812
18.45973879
19.01512609
19.45695342
19.99122302
20.45752288
20.99181697
21.45695854
21.99208273
22.4651773
22.99468566
23.45601707
23.99178124
24.45108716
24.98773568
25.45481915
25.98949995
26.45435344
26.98730535
27.45593688
27.98371566
28.46067345
28.98645913
29.43417549
29.98234062
30.45698551
30.98872887
31.46629379
31.98572606
32.46058149
32.98845595
33.49996398
33.9875562
34.45086115
34.973756
35.43352347
36.03090997
36.49141287
37.01697753
37.48871949
37.9971471
38.46562238
38.99565768
39.45948296
39.97535305
40.44789867
40.94794976
41.45269734
41.98986735
42.45008287
42.98909344
43.45798374
44.01449332
44.41013466
45.03918979
45.41957732
45.95178366
46.43081884
46.98057738
47.43891133
47.98868472
48.48366495
48.96861828
49.44980538
49.9916474
50.44263051
50.99319739
51.4569113
51.99103551
52.45760323
52.99103794
53.46998176
53.98965312
54.4644957
54.98873717
55.4607153
55.97994558
56.5014107
56.98917753
57.45927018
57.96441677
58.45811119
58.97699945
59.461074
59.98269372
60.52304041
60.99924531
61.4593463
61.96819795
62.47341238
62.98622995
63.45768271
63.9910519
64.45768716
65.00329128
65.45890951
66.04322665
66.46288718
66.99105465
67.45631319
67.98378545
68.44829493
68.9985981
69.4294654
69.99352637
70.42626308
70.99151591
71.45771302
71.97241866
72.42126092
73.02958623
73.44704349
73.99939107
74.42935211
74.98828891
75.43677127
75.98666799
76.42782936
77.0213564
77.4605679
78.02338308
78.46075874
78.99498492
79.39112415
79.99273074
80.45086681
81.02224203
81.46065279
82.02085217
82.46052223
82.99366191
83.39156669
83.99137136
84.44276629
84.99105836
85.46060443
86.00955454
86.45267276
87.03934354
87.44926522
87.97237325
88.54438953
89.027004
89.43604603
90.0528737
90.44075791
90.98361586
91.45561317
91.96156356
92.43944087
92.97457731
93.45204878
93.98494555
94.43810425
94.97841903
95.39639384
95.99400128
96.44287874
97.02248489
97.42339006
98.05526001
98.46066129
99.0158784
99.43062802
99.98622496
100.423666
101.0242117
101.4608454
102.0233039
102.4607599
102.9948502
103.3934355
103.9927323
104.4508731
105.0242117
105.4608454
106.0233039
106.4607599
106.9939329
107.4091893
107.9941848
108.4457518
109.0196102
109.4554548
110.0216134
110.4621978
110.991393
111.4334051
111.9913883
112.433747
112.9921709
113.4301376
113.9910593
114.4577226
114.9883857
115.4284077
116.0074605
116.4518553
116.9972648
117.4559836
118.0101958
118.4605701
119.0122721
119.4761294
119.9889141
120.4904526
120.9891289
121.4865232
121.9948981
122.4577226
122.9910593
123.4577226
124.0074851
124.4760716
125.0056769
125.4599822
125.9910593
126.4577226
126.9910593
127.4577226
127.9903054
128.4457068
129.0035957
129.4534121
129.9910593
130.4577226
130.9910593
131.4577226
131.9903921
132.44709
133.004191
133.4532074
133.9910593
134.4577226
134.9910593
135.4652216
135.9907375
136.4741093
137.0036229
137.4615485
137.9918568
138.4929753
138.9947375
139.4538147
139.9538639
140.4665608
141.0030015
141.461854
141.9910593
142.4333849
142.9839076
143.4207779
143.9861888
144.4401303
145.0074784
145.4639687
146.0481212
146.477187
146.9899899
147.4771154
147.9856898
148.4471976
149.0033837
149.453485
149.9910593
150.4577226
150.9910593
151.4577226
151.9903054
152.4434122
152.9739983
153.4517396
154.0735146
154.4665445
154.9883388
155.4654486
155.9645643
156.4384282
156.9917111
157.4546443
158.0080803
158.4639309
158.9812059
159.4095016
159.9953751
160.4564808
161.0055406
161.4566949
161.9910593
162.4539902
162.9712311
163.4437974
163.9938816
164.4474124
164.9910593
165.4577226
165.9910593
166.4577226
166.9910593
167.4577226
167.9977125
168.467172
169.0088789
169.4610678
169.9910593
170.4577226
170.9910593
171.4577226
171.9910593
172.4577226
172.9910593
173.4577226
174.0312258
174.4607388
174.9910593
175.4577226
175.9910593
176.4744872
176.9886068
177.4459387
177.9888905
178.4453296
178.9910593
179.4577226
179.9910593
180.4577226
180.9910593
181.4577226
181.9910593
182.4577226
182.9910593
183.4630258
183.9764599
184.4750328
184.9896151
185.4651441
185.9984699
186.4631049
186.9917973
187.4360085
187.9910593
188.4577226
189.0083898
189.4522799
189.9910593
190.4577226
191.0115868
191.461809
191.9910593
192.4577226
192.9910593
193.447001
193.9436489
194.471004
194.9896822
195.4411514
195.9920713
196.4378128
196.9910593
197.4577226
197.9944641
198.447311
198.985978
199.4666256
199.9700837
200.4790201
200.9760528
201.4895842
201.9910593
202.4586757
202.957001
203.4641729
203.9662495
204.4516156
205.0079453
205.4620016
206.012489
206.4562659
206.9906043
207.4340696
207.9910593
208.4478922
208.9438796
209.4577226
209.9910593
210.4577226
210.9910593
211.4577226
211.9910593
212.4577226
212.9632528
213.4608814
213.9910593
214.4223107
214.990985
215.5115558
215.9926594
216.4577226
216.986568
217.4193511
217.9904686
218.4507988
218.9777775
219.4426534
219.9910593
220.4577226
221.0149601
221.4550533
222.0334585
222.4627609
222.9910593
223.4577226
223.9910593
224.4577226
224.9910593
225.4577226
225.9910593
226.4577226
227.0233644
227.4546591
228.022512
228.4547399
228.9910593
229.4577226
229.9910593
230.4577226
230.9910593
231.4577226
231.9910593
232.4577226
232.9910593
233.4577226
233.9910593
234.4577226
234.9974075
235.4376614
236.011997
236.4592354
237.0092928
237.4720238
237.9939421
238.4543652
238.9651077
239.4577226
239.9910593
240.4577226
240.9929469
241.4324284
241.992623
242.4747745
242.9883646
243.4743847
243.9816576
244.461823
244.9763031
245.4692694
245.9922436
246.4577226
246.9910593
247.4618016
247.9913595
248.455707
248.9729891
249.4243053
249.9946919
250.4438709
250.9786998
251.455191
252.0145895
252.439219
253.0304734
253.4375003
253.9810523
254.3892581
255.0208399
255.4598456
256.0142679
256.4468073
256.9910593
257.4577226
257.9910593
258.4577226
258.9910593
259.4585809
259.971413
260.4585723
260.9716091
261.4575577
261.9826836
262.490814
262.996449
263.4577226
263.9997906
264.4341204
265.0240397
265.4545759
266.019813
266.44575
266.9791389
267.461246
267.956894
268.4621491
268.9920473
269.4779493
269.9934643
270.4739816
270.9859611
271.4692854
271.9877022
272.4672054
272.9883061
273.4646043
273.989376
274.4194181
274.9907583
275.4258112
275.9915306
276.4577226
276.9910593
277.4577226
277.9910593
278.4610584
278.9801067
279.4577226
279.9910593
280.4647939
280.9905504
281.4725398
281.9952203
282.4388458
282.9977812
283.4466148
283.9993703
284.4763659
284.9844435
285.4304425
286.0493245
286.4431099
287.0746343
287.4650704
287.9910593
288.4577226
288.9910593
289.4577226
289.9966711
290.458146
290.957683
291.4577226
292.0086975
292.4479931
293.0029759
293.435292
293.9979358
294.4549991
294.9646332
295.4577226
295.9910593
296.4848416
296.9792026
297.4586411
298.0266863
298.4608836
299.0303906
299.3588362
299.9842771
300.4578937
301.0087385
301.4523816
301.9910593
302.4577226
303.0040481
303.456526
303.997924
304.4406053
304.9910593
305.4577226
305.9910593
306.4577226
306.9910593
307.4408088
307.9790945
308.4521856
308.966993
309.4707168
309.9848466
310.4790222
310.986807
311.4699351
311.9865458
312.4692323
312.9868055
313.4577226
313.9910593
314.4577226
314.9910593
315.4577226
315.9910593
316.4577226
316.9910593
317.4577226
318.0009117
318.4588645
319.0044997
319.4766655
320.0079043
320.4508497
320.9922332
321.4407791
322.0033108
322.4672152
323.0069089
323.4600789
323.9959541
324.457136
324.9803575
325.4825016
325.9814233
326.4715761
326.9999951
327.4591257
327.9910593
328.4577226
328.9910593
329.4577226
329.9910593
330.4577226
331.0533385
331.457306
331.9870182
332.4198835
333.031177
333.4519895
333.9910593
334.4723372
335.0055771
335.4844614
335.9913264
336.4577226
336.9877866
337.423405
338.0096142
338.4520715
338.9910593
339.4596408
339.969295
340.4613339
340.9522309
341.4795947
341.9946788
342.508336
342.9970222
343.4485841
343.9665595
344.4653304
344.9633003
345.4136617
345.9845343
346.4334669
347.0090809
347.4497909
347.9942222
348.4764825
349.0118032
349.455482
349.9910593
350.4577226
350.9853641
351.4235578
351.9910593
352.4577226
352.9904379
353.4387779
353.9910593
354.4577226
354.9880207
355.4554753
355.9771237
356.4338412
356.9748367
357.4299512
357.9910593
358.4577226
358.9763357
359.4598342
359.9915345
360.4577226
360.9910593
361.4949515
361.9938561
362.4582392
362.9746452
363.4690464
363.988292
364.4577226
364.9910593
365.4577226
365.9910593
366.4577226
366.9910593
367.4577226
367.9888617
368.432238
369.0159066
369.4551975
369.9950293
370.456265
370.996454
371.433917
372.0174483
372.4766194
372.9922012
373.4431212
373.999873
374.4546322
375.0047064
375.4326054
375.9920639
376.4447363
376.9913875
377.4577226
377.9910593
378.4577226
378.9910593
379.4577226
379.9935554
380.4350864
380.9928204
381.4290748
382.0167846
382.445331
382.9910593
383.4577226
383.9969669
384.4376511
385.0254492
385.4610217
386.0177309
386.4462144
386.9910593
387.4577226
387.9910593
388.4577226
388.9910593
389.4397468
390.0100508
390.4530528
390.9584061
391.4823099
391.9679233
392.4847535
392.9784839
393.481223
393.9801263
394.4512025
394.9517345
395.4577226
395.985697
396.4311042
396.9865044
397.45955
398.0210422
398.4608476
398.9965929
399.4728229
399.9934275
400.4554257
400.9915866
401.4577226
401.9910593
402.4577226
402.9910593
403.4577226
404.0209709
404.4568633
405.0622307
405.4561259
405.9910593
406.4577226
406.9910593
407.4577226
407.9910593
408.4577226
408.9910593
409.4577226
409.9910593
410.4577226
410.9910593
411.4949906
411.9940462
412.4764221
412.9840889
413.4552285
413.9890955
414.4577226
414.9910593
415.4512035
415.9573801
416.4891132
416.9559898
417.4331993
417.9783524
418.4418291
418.9866892
419.4078077
420.0149135
420.4411239
421.0376328
421.4340049
421.9961876
422.4577226
422.9879704
423.4986857
423.9912015
424.4310629
424.9721621
425.4499757
426.0005112
426.4588214
426.9721344
427.4605332
427.9796327
428.4319502
428.9837509
429.4408725
429.9952585
430.4649479
430.9915957
431.4579159
431.9829481
432.4070481
432.9883851
433.4266347
434.0103866
434.4572262
434.9905767
435.4587027
435.9859972
436.4507825
436.9763013
437.4615947
437.9910593
438.4577226
438.9910593
439.4577226
439.9910593
440.4577226
440.9910593
441.4577226
441.9931477
442.4655717
442.9713074
443.4802174
444.0119616
444.4629507
444.9901831
445.4583522
445.978738
446.4577226
446.9910593
447.4440072
447.9958703
448.4395379
448.9749175
449.4560162
449.9954119
450.4676477
450.9919838
451.476282
451.992936
452.4577226
452.9910593
453.4577226
453.9910593
454.4577226
454.9910593
455.4577226
455.9705545
456.4415271
457.0172128
457.4612338
457.9910593
458.4577226
458.9910593
459.4577226
459.9910593
460.4577226
460.9910593
461.4577226
461.9910593
462.4549849
462.9853176
463.4471077
463.9958965
464.4506932
464.9846107
465.4591748
465.9908082
466.4576377
466.9706198
467.4529164
467.9892242
468.4530823
468.992499
469.4831175
469.984875
470.4740958
470.9910593
471.4577226
471.9910593
472.4577226
472.9910593
473.4577226
473.9910593
474.4577226
474.9910593
475.4577226
476.0123218
476.4567196
476.9944202
477.4626375
477.9910593
478.4577226
478.9968779
479.4571698
479.9910593
480.4577226
480.9910593
481.4577226
481.9910593
482.4577226
482.9910593
483.4577226
483.9910593
484.4577226
484.9910593
485.4577226
485.9910593
486.4577226
486.9910593
487.4577226
487.9910593
488.4577226
488.9910593
489.4614489
489.9780722
490.4876784
490.9942778
491.4823244
491.9937025
492.4577226
492.9910593
493.4577226
493.9910593
494.4577226
494.9987126
495.4812621
496.00308
496.4782494
497.0083875
497.458734
497.9716619
498.460704
498.9814094
499.4667573
499.9681441
500.4577226
501.0007883
501.4523977
502.0076366
502.4613422
503.0114457
503.460983
503.9910593
504.4577226
504.9902117
505.4312813
505.99018
506.4302933
507.0441616
507.4540514
507.9910593
508.4577226
508.9969165
509.4661552
509.9993868
510.4582976
510.9806417
511.4614811
511.9902689
512.4467873
512.9910593
513.4577226
513.9910593
514.4577226
514.9910593
515.4577226
515.9910593
516.4577226
516.9910593
517.4577226
517.9910593
518.4577226
518.9910593
519.4577226
519.9910593
520.4577226
520.9956349
521.4437326
521.9917689
522.4494855
522.9910593
523.4577226
524.0311494
524.4622917
524.9925515
525.4196617
525.988784
526.4426016
526.9892434
527.4456966
527.9910593
528.4577226
528.9910593
529.4577226
529.9910593
530.4577226
530.9910593
531.4577226
531.9984204
532.4111728
533.0338877
533.4364505
534.0701005
534.468538
534.9887059
535.4540478
535.9516761
536.4583759
536.9676175
537.4577244
537.9910599
538.4196477
538.9854066
539.4577285
539.9910609
540.4577313
540.9910615
541.4577341
541.991062
542.4577367
542.9910625
543.4577393
543.9910631
544.4577418
544.9910635
545.4577441
545.9897671
546.4305201
546.9910644
547.4577484
548.0023922
548.459925
548.9910659
549.4577563
549.9919367
550.4356562
550.9903303
551.4388513
551.9961879
552.4564952
553.0423324
553.4690738
554.0087399
554.4795775
554.9910685
555.4529513
555.9582966
556.4767285
556.9899069
557.4746039
557.9851343
558.44138
558.9897335
559.4390116
560.0151427
560.4444382
561.0034667
561.4633525
561.9917328
562.4578094
562.9910769
563.4467217
564.0453615
564.4506636
565.0036333
565.4257578
566.0098827
566.4448772
567.0121429
567.4416162
567.9836509
568.4756981
569.0123969
569.4632119
570.0055477
570.4455594
570.9909476
571.454547
571.9970045
572.4574979
572.9868487
573.4501166
574.0052665
574.4065
574.9788235
575.4319621
575.9849497
576.4577955
576.9835684
577.4584843
577.9832402
578.4793648
578.9788398
579.4572478
579.9805126
580.4500439
580.9691445
581.4303124
581.9765241
582.4581063
583.0155245
583.4670028
583.9738357
584.3979219
584.9760089
585.4569913
585.9700095
586.456492
586.9833449
587.4580067
587.979851
588.4718568
588.9868071
589.4555148
589.9634765
590.4573922
591.0226539
591.472561
591.9837448
592.4857333
592.9688109
593.3987815
593.8978545
594.3913506
594.7513376
595.0447856
595.5244452
595.8645
596.6434388
596.7031293
596.7408949
597.5202288
598.191892
598.3360142
598.4713863
599.1240553
599.7263648
600