30
30.00000019
30.00000192
30.00000058
30.00000022
29.99999859
29.99999064
29.99998796
29.99998526
29.9999831
29.99995849
29.99995616
29.99990153
29.99981561
29.99973992
29.99964411
29.99937373
29.99920421
29.99893434
29.99849042
29.99796326
29.99765951
29.99676422
29.99612397
29.99522001
29.9943255
29.99347598
29.99250891
29.9908376
29.9894827
29.98783888
29.98624413
29.98464816
29.98291351
29.98077818
29.9788259
29.97592702
29.97341195
29.97097299
29.96808921
29.96408649
29.96181931
29.95882524
29.95575693
29.95142807
29.94781971
29.94381875
29.940062
29.93569496
29.93165274
29.9268807
29.92214048
29.91695216
29.9122289
29.90639544
29.90153681
29.89575728
29.8907126
29.88478686
29.87910835
29.87294956
29.86778389
29.86171425
29.85564081
29.84781298
29.84151287
29.83433828
29.82769296
29.82049237
29.81352435
29.80607005
29.80071925
29.79399433
29.78622204
29.77861954
29.77016805
29.76146862
29.75573471
29.74606289
29.73711437
29.72886091
29.72120684
29.71275831
29.70587665
29.6974963
29.68944145
29.67885977
29.6689441
29.66160574
29.65369957
29.64320518
29.63523437
29.6271012
29.61632416
29.60437177
29.60011153
29.58943601
29.58114724
29.57130857
29.56267184
29.55037811
29.54242281
29.5349989
29.52454434
29.51464517
29.50610859
29.49461049
29.48560705
29.47500917
29.46588767
29.45551616
29.44701728
29.43708855
29.42731254
29.41694739
29.40741644
29.39695755
29.3889265
29.37940353
29.36852677
29.3582168
29.3473717
29.33672423
29.32632435
29.31563104
29.30820161
29.29876525
29.28676872
29.27623836
29.26585758
29.25528081
29.24424935
29.23276478
29.22307244
29.21168135
29.2021339
29.19249154
29.18397683
29.16984632
29.16046368
29.14925728
29.13743937
29.12858983
29.12163983
29.10896486
29.09905223
29.08550441
29.07542442
29.06312094
29.0503774
29.0404905
29.03380845
29.0216453
29.01249674
28.99976436
28.99017034
28.97831114
28.9687837
28.95656561
28.94673612
28.93453289
28.92505954
28.91536713
28.90718071
28.89073456
28.88050489
28.86979352
28.86021659
28.84782145
28.83832053
28.82875105
28.82047911
28.80465744
28.79453758
28.78154609
28.77207385
28.76214514
28.75130312
28.74021615
28.73120976
28.71365521
28.70608123
28.69920803
28.68348628
28.67135824
28.66543666
28.65002627
28.64123035
28.63086645
28.61973825
28.60712296
28.59718352
28.58743214
28.5749791
28.56365676
28.55594585
28.54081637
28.53023895
28.51857921
28.50785319
28.49487361
28.48653975
28.47246876
28.46547654
28.45319812
28.44344535
28.43090631
28.42115339
28.40864719
28.39883542
28.38889356
28.38045048
28.36389356
28.3536547
28.34291347
28.33324174
28.32079046
28.31140916
28.30075694
28.29143682
28.27640469
28.26627604
28.25486144
28.24524094
28.23284298
28.2230865
28.21058252
28.20098612
28.18873272
28.17894345
28.16692798
28.15734339
28.14326745
28.13277529
28.12263328
28.11299498
28.10008177
28.09026235
28.07726483
28.06708847
28.05560493
28.0455304
28.03399288
28.02504286
28.01235601
28.00224049
27.9912712
27.97963762
27.96852459
27.9566396
27.94501021
27.93480166
27.92293131
27.91272021
27.90169585
27.89168647
27.87899967
27.86871982
27.85701134
27.84667665
27.83587597
27.82598317
27.81384017
27.80401135
27.79100703
27.78086299
27.76927277
27.75902506
27.74824016
27.73832666
27.72641093
27.7165421
27.70348335
27.69296907
27.68128697
27.67126297
27.66067661
27.65147587
27.63999742
27.62835531
27.61554925
27.60669301
27.59592144
27.58517713
27.57398582
27.56189363
27.55226032
27.54156137
27.52790136
27.51636954
27.50606792
27.49846282
27.48479969
27.47336037
27.46075365
27.44997914
27.43807066
27.43135753
27.41876136
27.4087692
27.39886176
27.38733825
27.37541292
27.36524325
27.35223706
27.34188338
27.33024237
27.3202555
27.30962084
27.30076104
27.28783804
27.27385247
27.26377811
27.25737326
27.24198508
27.23255195
27.22419112
27.21389514
27.20185017
27.19217807
27.18040659
27.16940131
27.15876568
27.14920363
27.13446353
27.12437144
27.112951
27.10321986
27.09051652
27.08137661
27.07050293
27.05780082
27.0465877
27.03820557
27.02537179
27.01525343
27.00376629
26.99330236
26.98174751
26.97163692
26.95989904
26.94988006
26.93922966
26.9296711
26.91710376
26.90703077
26.89584766
26.88572307
26.87412714
26.86395538
26.85230224
26.84214532
26.83230553
26.8233445
26.80915235
26.79877888
26.78747931
26.77807133
26.76756176
26.75649956
26.74502824
26.73548412
26.72279679
26.71260967
26.70085958
26.69066855
26.67941129
26.66932931
26.65777958
26.64767661
26.63613166
26.62713954
26.61639695
26.60575819
26.59454051
26.58473408
26.57531454
26.56378581
26.55166362
26.54243501
26.52888637
26.51874975
26.50851051
26.49913627
26.48589553
26.47565245
26.46525205
26.45558249
26.44279809
26.43287764
26.4212207
26.41301649
26.40265701
26.39063646
26.38073668
26.36984049
26.35781113
26.34848976
26.33523881
26.32506125
26.31465248
26.30575466
26.29368236
26.28458228
26.27361362
26.26272125
26.24986235
26.23621732
26.22817106
26.21954227
26.20678451
26.19623273
26.1881287
26.17749574
26.16569028
26.15470056
26.14345567
26.13423254
26.12233912
26.11309816
26.09983593
26.09166907
26.08157097
26.06865285
26.05723081
26.04759079
26.03625387
26.02652828
26.01576672
26.00635125
25.99279029
25.98246628
25.97349558
25.96090304
25.94628689
25.93872113
25.9302008
25.91911684
25.90961199
25.90109063
25.8872107
25.8778267
25.86739301
25.85698785
25.84422521
25.834246
25.82405452
25.81441812
25.80335419
25.7945268
25.78071138
25.7707795
25.7596059
25.74978479
25.73846845
25.72872661
25.71696679
25.70685783
25.69723656
25.6882937
25.67664673
25.66776422
25.6541064
25.64406405
25.63296019
25.62294255
25.61158181
25.60197882
25.59089718
25.58106331
25.56992537
25.5601009
25.54882019
25.53878443
25.52889168
25.5195441
25.50702586
25.49748239
25.48599458
25.47756476
25.46530185
25.45553957
25.44505167
25.43340945
25.42213487
25.4124966
25.40290073
25.39385814
25.37911616
25.37016319
25.36194628
25.35188679
25.34006303
25.32943252
25.31874043
25.30854624
25.29770823
25.28670467
25.2753233
25.26572525
25.25441108
25.24488321
25.23541115
25.22548087
25.21326713
25.20503051
25.19256593
25.18132346
25.17122871
25.16192754
25.15114228
25.14271396
25.13028952
25.12253473
25.10847261
25.09914293
25.08824917
25.07933288
25.0658886
25.05625441
25.04528385
25.03538095
25.02450901
25.01591098
25.00530688
24.99515813
24.98473725
24.9733139
24.96228975
24.9534944
24.94291993
24.93124595
24.92144807
24.91282385
24.90088959
24.89178935
24.8802624
24.87215144
24.85884876
24.85021107
24.8401859
24.8273775
24.81640226
24.80739402
24.79656348
24.78701426
24.77662777
24.7662102
24.75558481
24.74561678
24.7347658
24.72441105
24.71486662
24.70521982
24.69326979
24.68489166
24.67126396
24.6615809
24.65072779
24.64103152
24.63023714
24.62128163
24.61076328
24.60011835
24.58889435
24.57934876
24.56844312
24.55894061
24.54931464
24.53948063
24.52805769
24.51896277
24.50657063
24.4976455
24.48753587
24.47576818
24.46382647
24.45714232
24.44668416
24.43898295
24.42372377
24.41375824
24.40295071
24.39340485
24.38256498
24.37480075
24.36454585
24.3524592
24.34274944
24.33319962
24.32005196
24.30959788
24.29776732
24.29155113
24.28160179
24.26986371
24.25850889
24.25098434
24.24074589
24.22814465
24.2181023
24.20787859
24.19923859
24.19517893
24.17842948
24.1673412
24.15731888
24.14800166
24.13564208
24.12615973
24.11609712
24.10693533
24.09650932
24.08762928
24.07514488
24.06553505
24.05479316
24.04563439
24.03483649
24.02474565
24.01391999
24.00547809
23.99517353
23.98510633
23.97463007
23.96509183
23.95487274
23.94445993
23.93400603
23.92420468
23.91366495
23.9031006
23.89211869
23.88272333
23.87192611
23.8624822
23.85169742
23.8423366
23.83131158
23.82188617
23.81162621
23.80243204
23.79020892
23.78041842
23.77140954
23.76263457
23.75119857
23.74207937
23.73069266
23.72249909
23.71194404
23.70167723
23.69029264
23.68148628
23.6688774
23.65871888
23.64888668
23.63777696
23.62858812
23.61963442
23.60834237
23.59916686
23.58854826
23.57902129
23.56769379
23.55812274
23.55037184
23.54271016
23.52966831
23.52083806
23.50993111
23.50133155
23.4876742
23.47875705
23.4678885
23.4575235
23.44737378
23.43744131
23.42820205
23.41961298
23.40768508
23.39893687
23.38664989
23.37856466
23.36898868
23.35880673
23.34662299
23.33525959
23.32569845
23.31586874
23.30859324
23.30018249
23.28889091
23.2790278
23.27024583
23.2582063
23.2459691
23.23880998
23.22786443
23.21878015
23.2052245
23.19543604
23.18724298
23.17849582
23.16640716
23.15697856
23.14771524
23.13903473
23.12637618
23.11703121
23.10724009
23.09851206
23.08672888
23.07752083
23.06621007
23.05719514
23.04856094
23.03995073
23.02966694
23.01967436
23.00683076
22.99746821
22.98643563
22.97750952
22.9673938
22.95700178
22.94635652
22.93885452
22.92919664
22.91846623
22.90855392
22.89893759
22.88860414
22.87830009
22.86762413
22.858442
22.84775385
22.83864265
22.82808776
22.81874076
22.80907652
22.80059011
22.78968066
22.78098692
22.76883954
22.75957574
22.74993926
22.74141672
22.73019006
22.72256902
22.71143786
22.70045631
22.69021941
22.68131227
22.67085511
22.6628989
22.65105251
22.64239389
22.63068811
22.62097995
22.61051005
22.60119797
22.5906194
22.5815183
22.57232992
22.56365629
22.55272332
22.54404389
22.53316058
22.52489901
22.51182676
22.50242633
22.49307665
22.48445523
22.4734979
22.46499446
22.45463567
22.44649164
22.43343266
22.42416474
22.41407079
22.40523095
22.39497078
22.3840875
22.37362568
22.36752724
22.3550541
22.34460442
22.33706214
22.32799007
22.31869574
22.30884787
22.2989044
22.28886555
22.27897691
22.26765879
22.25857647
22.25020198
22.23703173
22.22764688
22.21892188
22.21007567
22.19797324
22.19002632
22.18042501
22.17038248
22.1596196
22.15062702
22.14034027
22.13128951
22.12026867
22.11109982
22.10178403
22.09256653
22.08257724
22.0760465
22.06262358
22.0532524
22.04313477
22.03402529
22.02371606
22.01477046
22.00441923
21.99511634
21.98470701
21.97536452
21.96500896
21.95744982
21.94811277
21.93846831
21.92879693
21.91791719
21.9074512
21.89866432
21.88866146
21.88087338
21.8699107
21.85950773
21.84923032
21.83765494
21.82950564
21.82127732
21.81207626
21.80412773
21.79194879
21.78216119
21.77061501
21.76352254
21.75110727
21.74379708
21.73063315
21.72082075
21.71365609
21.703805
21.69439391
21.68490278
21.6745307
21.66641713
21.65525303
21.64702826
21.6375277
21.62753925
21.61708286
21.60692239
21.59568765
21.58856222
21.57839786
21.56920043
21.56137485
21.55321432
21.54114997
21.53270548
21.52172426
21.5136757
21.50209277
21.49293981
21.48272237
21.47465986
21.4661364
21.45565951
21.44430425
21.43549069
21.42542808
21.41654944
21.40637802
21.39750349
21.38739511
21.37881539
21.36815469
21.35979497
21.35031378
21.34093033
21.33201396
21.32234082
21.31116987
21.30286841
21.29320784
21.283619
21.27333098
21.2644064
21.25468841
21.24593326
21.23498208
21.22640342
21.21608369
21.20721497
21.1971448
21.18857259
21.17887233
21.16892486
21.15870142
21.14979278
21.13974222
21.13138867
21.12145195
21.1124874
21.10174065
21.09286606
21.0841818
21.07589017
21.06437882
21.05545245
21.0452161
21.03619986
21.02601854
21.01716902
21.00709213
20.99840339
20.98817412
20.97979887
20.97187326
20.96373765
20.95316853
20.94496252
20.9336181
20.92317536
20.91278055
20.90485697
20.89561006
20.88534511
20.87545838
20.86742385
20.85658092
20.84840108
20.83836544
20.82704716
20.81826369
20.80978957
20.79953347
20.79071373
20.78052609
20.77165706
20.7617845
20.7531846
20.74273662
20.73381602
20.72496841
20.71677768
20.70548674
20.69666165
20.68648463
20.67779112
20.66803673
20.65944224
20.64935936
20.64066974
20.63071644
20.62180711
20.61199655
20.6033922
20.59336909
20.5847143
20.57469086
20.56613252
20.55629758
20.5473182
20.53745389
20.52860521
20.51858278
20.50991906
20.49992929
20.49126613
20.48118535
20.47309636
20.46370129
20.45501849
20.44564148
20.43631775
20.42685004
20.4168159
20.40674567
20.39837457
20.38852231
20.37946821
20.36937337
20.36166891
20.35234951
20.34355801
20.33434098
20.32607355
20.31536484
20.30545591
20.29570609
20.28769325
20.27849166
20.26749324
20.25920453
20.25286503
20.24212582
20.23192424
20.22136198
20.2131357
20.20228695
20.19352696
20.18472559
20.17666384
20.16606404
20.15818586
20.14907519
20.14149898
20.12857235
20.11986674
20.10976036
20.10088932
20.09184804
20.0836345
20.07235025
20.06334164
20.05488366
20.04647725
20.03596393
20.02718997
20.01740155
20.00882563
19.99918113
19.99067224
19.98095808
19.9725184
19.96267246
19.95405127
19.94427783
19.9356725
19.92595627
19.91751373
19.90776451
19.89912218
19.89028152
19.88205938
19.87145253
19.86314546
19.85221184
19.84348722
19.83530608
19.82748183
19.81753926
19.80981809
19.79838808
19.79028047
19.77990265
19.77144221
19.76112335
19.75249366
19.74270859
19.73414135
19.72447352
19.71585502
19.70591999
19.69764754
19.6893232
19.68024696
19.66874487
19.66138984
19.65152421
19.64588401
19.63332333
19.62631211
19.61779922
19.60786227
19.59878379
19.58904776
19.57936443
19.56881908
19.55821572
19.55195455
19.54223568
19.53379069
19.52422318
19.51580395
19.506324
19.49793061
19.48791341
19.47942215
19.46967262
19.4611806
19.45158386
19.44308964
19.43472221
19.42697134
19.41545582
19.40691121
19.39765803
19.38940024
19.37932713
19.37082418
19.36238226
19.35451924
19.34410836
19.33606777
19.32516271
19.31671758
19.30838938
19.30091323
19.28909751
19.28044864
19.27136551
19.26426746
19.25551019
19.24600771
19.23669102
19.22818898
19.21966577
19.21059769
19.20069617
19.19248695
19.1830261
19.17465604
19.1625962
19.15541004
19.14628868
19.13765566
19.1275048
19.11838691
19.11084055
19.10362232
19.09172048
19.08449463
19.07380228
19.06661747
19.05659697
19.04807417
19.03724036
19.0304127
19.02284623
19.01360022
19.00294523
18.99555872
18.9853003
18.97681019
18.96730605
18.95930922
18.94940296
18.93921799
18.93129886
18.92611438
18.91515889
18.90706516
18.89631307
18.8879733
18.87882858
18.86991366
18.86063034
18.8533429
18.84479856
18.83478427
18.8254566
18.81745874
18.80930068
18.8016863
18.7908701
18.78136474
18.77321558
18.76635014
18.75794845
18.75030166
18.73829438
18.73005788
18.72119005
18.71213228
18.70278823
18.69409546
18.68386361
18.67492941
18.6667423
18.65967909
18.65114842
18.64077664
18.63212223
18.6258969
18.6166545
18.60823318
18.60041503
18.59182377
18.58362475
18.57769022
18.56622388
18.5628426
18.55072298
18.53549748
18.53202826
18.52917247
18.52949755
18.48747208
18.48959084
18.47995366
18.48118719
18.44072374
18.45395342
18.44402484