% Model:              CMSL_AJB_O2_20210227_AdptLKR.mph
% Version:            COMSOL 5.5.0.359
% Date:               Feb 28 2021, 00:49
% Dimension:          1
% Nodes:              1208
% Expressions:        1
% Description:        Line graph
% cln1x                   Height
0                         100.75172739028756
0.07644537880878488       100.75172975848217
0.8127602615697924        100.751752715758
1.5333611862234306        100.7517666767299
1.691313091440577         100.75176959138956
1.8429681349171005        100.75176967310338
2.5419370262270036        100.75176971345974
3.2174618005118987        100.75177932147875
3.274558342129012         100.75177532326967
3.404895743775228         100.75177427187693
3.955876995275162         100.75173960972595
4.140306653069729         100.75173962094499
4.689754130582742         100.75164513465275
4.9906938820326445        100.7514850381584
5.457047219396202         100.75135035819862
5.655585384957362         100.75116923542662
6.129825952080182         100.75065743117312
6.526795916652645         100.7503376820017
7.013540003992716         100.74982606465056
7.396171616410868         100.74897571125898
7.98464101751739          100.74797010163185
8.354363779026244         100.74739121906114
9.000420925930882         100.74567213765532
9.443002490288109         100.74444328133313
9.998298162578806         100.74270550054416
10.467453214465024        100.740984218691
10.997184887368007        100.73935186701391
11.423543391872272        100.73749037870002
11.99901420936078         100.73426791225823
12.474907543775771        100.73165593983434
12.9889728045693          100.72848531990586
13.468372678326318        100.72540869545595
14.0151494739913          100.72233195484766
14.464274135202345        100.71898418120402
15.011120710228454        100.71486362893756
15.462006218028478        100.71109478906942
15.996249183457735        100.7054952044042
16.45760037942813         100.7006362577332
16.991022358406894        100.69592747975724
17.387868124577608        100.6903541144843
17.97390812048758         100.6826186848732
18.459738787339063        100.67824026207605
19.015126087754936        100.67245659810445
19.456953417825503        100.66652639322818
19.99122301803868         100.65815727059167
20.457522880578153        100.65118130065618
20.991816970559114        100.64344692062929
21.456958540726703        100.63618335397076
21.992082734458506        100.62773995088149
22.465177304545932        100.61992346163156
22.99468565551541         100.61069543446226
23.45601706578134         100.60152711829878
23.991781244174263        100.59149288749603
24.45108715582711         100.58235727968444
24.987735683116284        100.57107384958694
25.45481915394157         100.56167625609608
25.989499946149294        100.55049693282614
26.454353436130077        100.54073858975919
26.987305351910095        100.52927576674549
27.455936879918227        100.51829006453964
27.98371566160165         100.50637568865852
28.460673446828764        100.49638299560638
28.986459129118657        100.48464130470583
29.434175488268124        100.4728903675891
29.98234061628682         100.45774341889219
30.45698550812233         100.44555355511389
30.98872887234228         100.43167094726448
31.466293792747194        100.41881204702554
31.985726064324012        100.40487895909413
32.460581488074354        100.39139511679717
32.98845594957436         100.37696969489278
33.499963982363624        100.36661894270723
33.98755619883059         100.35360653398355
34.4508611474314          100.3385635065745
34.97375599796976         100.32385220580522
35.433523469263946        100.30749431061783
36.030909973715666        100.29066052070765
36.49141286615696         100.27956713304641
37.01697752822918         100.26084537342258
37.48871948917213         100.24352345297676
37.99714710422535         100.22754985429269
38.46562238389396         100.21273526226716
38.995657682003184        100.19638324280749
39.4594829601063          100.18306496992862
39.97535304896587         100.16684463227645
40.447898666307765        100.15125311065506
40.94794976231981         100.13076601951046
41.45269734102067         100.11156934664623
41.98986735275395         100.09736822483916
42.450082874653674        100.08206364650549
42.9890934352357          100.0617465373047
43.45798373806025         100.04631478459542
44.014493317146815        100.03057257704342
44.41013465787515         100.00970278178482
45.039189791509386        99.98656322473686
45.419577315822835        99.97832152851467
45.9517836630215          99.95765105390394
46.430818837314405        99.94160263096656
46.98057737818172         99.92255324487694
47.43891133224773         99.90583060029363
47.98868472333177         99.88202031100525
48.483664945387005        99.86661742571255
48.96861828489892         99.85224416463944
49.44980538344299         99.8319947959282
49.99164740172577         99.81282533992564
50.44263051062799         99.7962929641145
50.993197390963616        99.77402302055192
51.45691129547126         99.75658522244098
51.991035510655394        99.7360584406377
52.45760323359596         99.71839095429526
52.99103794092318         99.6983017276803
53.46998176026338         99.68184054151445
53.98965312332709         99.66260815579395
54.46449569876623         99.64367012741157
54.98873717373891         99.6235909530644
55.46071529750509         99.60512719914404
55.97994557701398         99.58486465792703
56.5014107003019          99.56930934627245
56.98917752660276         99.55085971617643
57.45927018372345         99.52978478993836
57.96441676910541         99.50980938097906
58.45811119115052         99.48879505843911
58.97699945457083         99.46816479711623
59.461074000348844        99.44801278620757
59.98269371781589         99.42729222584043
60.52304041236175         99.41290049244687
60.99924531228811         99.3946150888555
61.459346302326026        99.37136439296839
61.96819794805447         99.35095790022518
62.47341238404846         99.33083984718245
62.98622994912057         99.3103424045303
63.457682705356206        99.2889606231291
63.99105189502359         99.26670142744514
64.45768715615668         99.24791527851417
65.00329127792327         99.22583627073297
65.45890950807319         99.20732976722604
66.04322665172725         99.1886434120332
66.46288717513107         99.17213919687995
66.99105464832667         99.14474335910015
67.45631318986682         99.12655492058353
67.98378545437663         99.10482913417627
68.44829493470456         99.08191439681663
68.99859810087469         99.06476261540558
69.42946540451305         99.05129120180435
69.99352637339246         99.02671588344047
70.42626308437178         99.00749581041612
70.99151590523553         98.98122401254786
71.45771301639945         98.96167785375405
71.97241865834104         98.9378178533139
72.42126092465628         98.91310067353159
73.02958623085601         98.89393290810334
73.44704349161344         98.88097760358069
73.9993910656134          98.85738880551908
74.42935210695066         98.83964606596297
74.9882889069367          98.81495030119459
75.43677127134242         98.7963415661199
75.98666799450729         98.77333882979951
76.42782936332429         98.75485798686564
77.02135639867714         98.73115787032731
77.46056789808563         98.7120890223618
78.02338308213194         98.68841449255046
78.46075874005152         98.67003534983398
78.99498492127509         98.65123471648981
79.39112415035277         98.63535265080009
79.99273073616695         98.60343743518636
80.45086680501265         98.58358737720404
81.02224203457922         98.5628044562705
81.46065278567045         98.54421941642426
82.02085216524421         98.52016412120737
82.46052223059792         98.50172540891732
82.99366190831842         98.48315707025282
83.39156668705658         98.46710324258848
83.99137135937207         98.43639029759714
84.44276629072874         98.41674651095032
84.99105836031458         98.39152624599096
85.46060442619762         98.37313954666101
86.00955454147282         98.35386686574672
86.45267276390007         98.3328158248838
87.03934353718859         98.31129342755828
87.44926522137337         98.29380691613609
87.97237324519335         98.25971285270911
88.54438952961164         98.24501203487362
89.0270039971989          98.23166963534158
89.43604602990285         98.20113007363483
90.05287370054725         98.17758043232035
90.44075791480816         98.16608362410099
90.98361585740713         98.13614980873467
91.45561317221859         98.1190668004383
91.9615635584542          98.09893661795161
92.43944086785154         98.07731959391323
92.97457731108403         98.05281230566604
93.45204878335767         98.03350312240829
93.98494554759816         98.01456029580723
94.43810425388483         97.99036176947196
94.97841903163771         97.96836563596818
95.39639384410799         97.95338475339636
95.99400128187733         97.92398370035188
96.44287873649739         97.90342735965794
97.02248489452461         97.88076944046163
97.4233900579751          97.85992085969274
98.05526000890058         97.83469574010101
98.46066129239352         97.81849762351918
99.01587840049876         97.79114610784559
99.43062801729718         97.77755678082298
99.98622496287459         97.75368773782198
100.42366595032638        97.73472771525759
101.02421174210622        97.7103506677341
101.46084539255543        97.69138796154226
102.02330385825758        97.66707057204003
102.46075987428901        97.64799085960813
102.99485024070498        97.62866178645896
103.3934355389132         97.612243767197
103.99273229019082        97.58004059374524
104.45087309134544        97.5601267206894
105.02421174116279        97.53923716762218
105.46084539342212        97.52042396635052
106.02330385772586        97.49620296639878
106.46075987478451        97.47795369233278
106.99393287741202        97.45723331132695
107.40918929553163        97.43909969708884
107.99418481503687        97.40984998687719
108.44575184396928        97.3901412288676
109.01961021913735        97.367931093446
109.45545478936049        97.34920938057545
110.02161344345745        97.32508159841446
110.4621978411709         97.30609300754058
110.99139295335698        97.28175519585717
111.43340506813934        97.26307643805889
111.99138826141376        97.23922505565615
112.43374698520773        97.22016809738128
112.99217091170277        97.19677730228287
113.43013755660166        97.17811686187454
113.99105925744198        97.15070844637943
114.45772257328576        97.13027811679149
114.98838571323938        97.11053087500407
115.42840765913456        97.09176081707685
116.00746049229139        97.06661155673144
116.45185533674328        97.04748659905809
116.99726481429946        97.02216953460353
117.45598356572953        97.00234708217577
118.01019579787373        96.97997809215424
118.46057008740331        96.96035105846123
119.01227208302055        96.93787427847032
119.47612937348174        96.92043775793519
119.98891412817238        96.89571550561249
120.49045264078632        96.87600484751177
120.98912886755318        96.85462803494403
121.48652322026771        96.83195434944628
121.99489805281843        96.81029541406963
122.45772257328571        96.78712838504396
122.99105925744135        96.76446098452952
123.45772257328565        96.74456004919666
124.00748512454527        96.72141917180537
124.47607161348935        96.7015109886509
125.00567693365804        96.68001659691352
125.45998221559773        96.66049876362547
125.9910592574413         96.6357583015206
126.45772257328565        96.61571062088053
126.9910592574413         96.59287582123058
127.45772257328565        96.57271799116897
127.99030536194857        96.55165213701422
128.44570676630042        96.53235447669839
129.00359566118823        96.50866551425266
129.4534121257425         96.48948969078926
129.99105925744124        96.46411604337837
130.45772257328548        96.44432332769733
130.99105925744118        96.42170707718397
131.45772257328542        96.4017084136911
131.99039214618801        96.38066194930512
132.447089958908          96.36131288701395
133.00419098270714        96.33805457631668
133.45320743369268        96.31878956722957
133.99105925744118        96.29329534258623
134.45772257328537        96.27276708927253
134.99105925744112        96.24995827797073
135.46522164713684        96.23038539412383
135.99073749441231        96.20971440454727
136.47410927773865        96.19174773999865
137.003622882777          96.16932957436957
137.46154853982273        96.14658854246869
137.9918567732954         96.12157303665053
138.4929752989221         96.10427519692965
138.99473745423546        96.08323201227759
139.4538146761625         96.06224036802931
139.95386387732805        96.04037426396228
140.46656081234835        96.01674454779118
141.003001476465          95.99792142172612
141.46185398637033        95.97701094251214
141.99105925744084        95.95031095009571
142.433384920952          95.92776802845123
142.98390762666043        95.90763393015992
143.42077785782863        95.89276813863952
143.98618879583415        95.8660551639398
144.44013027163578        95.84368682825678
145.0074783973099         95.81903535848478
145.46396865669317        95.79796373140671
146.0481212198714         95.77467637435636
146.47718696501317        95.76154965921765
146.98998992116333        95.7369106393029
147.47711543361504        95.7173663114833
147.98568980092773        95.6979868225847
148.44719763956607        95.67544071986265
149.00338368812606        95.65210828699705
149.45348500938383        95.63220725355927
149.9910592574406         95.60675476966196
150.45772257328497        95.58649168032598
150.99105925744055        95.56370829814351
151.45772257328497        95.54416127136602
151.9903054387746         95.52334575305547
152.44341216667215        95.50600272097425
152.97399827626413        95.48069961956058
153.4517395999476         95.45331117410676
154.07351456049605        95.43358901343805
154.46654445683254        95.42104908247559
154.98833881835577        95.39090882452486
155.46544857437812        95.37243344293796
155.96456428769648        95.35605949212618
156.43842820470445        95.33589102183296
156.99171105567615        95.31229524547604
157.45464434529367        95.29334517592162
158.00808025352183        95.27028003397234
158.46393085365105        95.24871390669857
158.98120587921227        95.22787313785389
159.40950158234313        95.2091322229098
159.9953750601752         95.18024005579844
160.4564808099567         95.16045717203268
161.00554060410195        95.13806924410157
161.45669490125243        95.11899122917704
161.99105925744027        95.09408317236289
162.45399018518253        95.07616273449047
162.9712311137667         95.05484017960686
163.44379740666716        95.0299259335798
163.9938815939754         95.0079354222859
164.4474124167793         94.99149465916328
164.99105925744027        94.96631731758323
165.4577225732845         94.94646635009077
165.99105925744016        94.92392891269661
166.4577225732845         94.90339528359762
166.99105925744016        94.88072102024704
167.45772257328446        94.86087870976819
167.99771248721186        94.83784130976979
168.46717196567005        94.81817622852252
169.00887885421923        94.7972702956749
169.46106783299285        94.77850575481766
169.99105925744004        94.7538310308817
170.45772257328434        94.73405251131885
170.99105925744004        94.71209372302833
171.4577225732843         94.69220985168069
171.99105925743999        94.66943521068833
172.4577225732843         94.64945461293995
172.99105925744004        94.6265639246456
173.45772257328417        94.60660961147032
174.03122583178572        94.58727914981661
174.4607388097162         94.56967232819686
174.9910592574402         94.54178173913408
175.45772257328395        94.5213945040118
175.99105925744067        94.49918700723003
176.47448715894006        94.48069511241641
176.98860683610928        94.46003639835652
177.44593867996826        94.43828780354328
177.9888905438661         94.41573549670977
178.4453295897589         94.39696948453079
178.99105925744556        94.37201887049125
179.4577225732869         94.3519835769274
179.99105925744846        94.32887233047082
180.45772257328952        94.30882580902481
180.99105925745158        94.28668248078952
181.45772257329259        94.26684760869969
181.99105925745414        94.24412377827103
182.45772257329554        94.22424431749796
182.99105925745573        94.20152534900349
183.46302576151322        94.18382992278757
183.9764598930695         94.16268725670687
184.4750327674921         94.14174597140513
184.98961512787236        94.11966294277305
185.4651441120498         94.10035582254717
185.9984698620296         94.08181076603734
186.4631048655463         94.0591082364434
186.9917973327489         94.03523671898337
187.43600850353096        94.01706084177296
187.99105925745567        93.99037304682648
188.45772257329946        93.97040447605633
189.00838984652927        93.95023430778387
189.45227993333896        93.93176451296996
189.99105925745545        93.90567363566564
190.4577225732993         93.88548703778117
191.0115867829914         93.86499158273112
191.46180899975622        93.84593234302643
191.99105925745533        93.82073071039017
192.45772257329912        93.80117496498866
192.99105925745528        93.77819212814413
193.44700099454377        93.76201771634224
193.94364894125948        93.74159061954053
194.47100401505998        93.71788445552045
194.98968217794413        93.698361215957
195.44115139780592        93.6768665724537
195.99207127962995        93.65313813685974
196.43781283168147        93.63474862462674
196.99105925745488        93.60860338485777
197.45772257329878        93.58852049048838
197.99446407745103        93.56798230790106
198.44731104626146        93.5504238842383
198.9859779688257         93.52659518206688
199.4666256207592         93.50863382958133
199.9700837088966         93.48697969310311
200.47902008678284        93.46547501129992
200.97605275799407        93.44008345078858
201.4895841536494         93.41313486112254
201.99105925745448        93.39724621313438
202.45867568399456        93.38020556758947
202.95700099290866        93.35500225735042
203.46417292875935        93.33415833979268
203.96624947013623        93.3181511984154
204.4516156497309         93.29714046911293
205.00794527596656        93.27381266832896
205.46200164815673        93.25209193892658
206.01248896032837        93.22986914163475
206.45626590927992        93.2116384002661
206.99060430399345        93.18812773665057
207.43406960082638        93.16985916418145
207.9910592574539         93.14363630811997
208.447892207201          93.12748837047285
208.9438795819492         93.10751922478958
209.45772257329764        93.0819686666247
209.9910592574538         93.05937683029126
210.45772257329753        93.04030774905611
210.99105925745368        93.01787923044711
211.45772257329747        92.99863662519951
211.99105925745368        92.97734421803575
212.45772257329742        92.95871249477254
212.9632528388849         92.93186937240522
213.46088137311563        92.91143493668068
213.99105925745351        92.89367868957991
214.42231066866992        92.86874189745545
214.9909850166482         92.83980006602297
215.51155582076774        92.82482054016053
215.99265942463416        92.80794845572
216.4577225732972         92.78599444183939
216.9865679625787         92.76717044863479
217.41935107964173        92.75029197214945
217.99046857204758        92.72279302655278
218.45079875281192        92.70420039219091
218.9777774542353         92.68352698546344
219.44265340149815        92.66290592532843
219.991059257453          92.63761023833821
220.45772257329685        92.61782918951457
221.01496010875155        92.59762757984534
221.45505326387877        92.57852068407898
222.03345849573827        92.55658576453288
222.46276088654417        92.53908187936031
222.99105925745272        92.51168241478582
223.45772257329656        92.4919840543975
223.99105925745266        92.46982114683018
224.45772257329645        92.45033889018771
224.99105925745255        92.42788795532249
225.4577225732964         92.40855919948265
225.9910592574525         92.3852227872868
226.45772257329634        92.36515980636395
227.02336440600004        92.34606662539902
227.4546591042003         92.32831552862531
228.02251197131994        92.30519631686755
228.4547399398383         92.2875617212464
228.9910592574522         92.2604426608477
229.45772257329605        92.24049983275158
229.99105925745215        92.21844792900922
230.45772257329594        92.19855005201607
230.99105925745204        92.17598239259418
231.45772257329588        92.15690641306999
231.99105925745198        92.13489051548011
232.4577225732957         92.1153506803345
232.99105925745192        92.09321769951492
233.45772257329565        92.07369187096181
233.9910592574518         92.05127081125633
234.4577225732956         92.03132016293644
234.9974074555343         92.0116551978173
235.43766135995128        91.9930685943413
236.01199700805358        91.96817604932652
236.4592353722133         91.9491968173654
237.00929284268585        91.92634907038884
237.47202384467852        91.90958272464756
237.9939420934283         91.88518712872666
238.45436517661375        91.86576517457485
238.9651077283189         91.84489817447349
239.45772257329526        91.82173102690312
239.99105925745135        91.79929421120225
240.45772257329514        91.78011090361414
240.99294687599627        91.76101310383368
241.4324283799067         91.74301162892408
241.99262298011558        91.71365726644726
242.4747744573756         91.69583084331174
242.98836463649786        91.67947021433523
243.47438469276665        91.65943599472088
243.98165764849432        91.63588503537261
244.46182300211086        91.61470796513451
244.97630314021956        91.59340771861366
245.4692694250262         91.57309734144653
245.99224363718412        91.55150198357514
246.4577225732947         91.52957051131311
246.9910592574508         91.50688655731041
247.46180157999743        91.48775464135815
247.9913594618289         91.46519949029248
248.45570697095985        91.4462033291652
248.97298907946043        91.42731891501954
249.42430534973084        91.40751606348317
249.9946918769271         91.38315882006194
250.44387092555377        91.36673215861536
250.9786997520049         91.34186707993717
251.45519099118206        91.31943624719823
252.0145895053069         91.29929638151852
252.4392189753837         91.2807357029048
253.0304734451194         91.25921447942403
253.43750032824164        91.24239250204003
253.98105226352862        91.2175937844278
254.3892581371278         91.20211377776845
255.0208399425647         91.17403982848752
255.45984561686288        91.1554107074868
256.01426794908036        91.1336580967323
256.4468072729809         91.11585168278387
256.99105925744993        91.08899774263622
257.4577225732937         91.06975401939687
257.9910592574498         91.04783771461479
258.45772257329367        91.02805112451247
258.99105925744976        91.00632792183248
259.4585808880951         90.98914680164248
259.9714129590841         90.96795246357132
260.45857231981216        90.94766680145736
260.9716090818108         90.9268355826001
261.4575577015956         90.90399394297621
261.9826835761355         90.88195173453857
262.4908140280381         90.86436531866966
262.99644904316625        90.84321678799678
263.45772257329327        90.81986447871299
263.99979064141326        90.80026692796606
264.43412043941134        90.783013829787
265.0240396718987         90.7591363222526
265.454575855097          90.74092426951852
266.0198130263592         90.717856329346
266.44574995121263        90.70162400886852
266.97913889320245        90.67499587027588
267.4612459913644         90.65770608079531
267.95689404330346        90.63763379480315
268.46214912426115        90.61198383330104
268.9920472986279         90.59000626954032
269.47794933283456        90.5719651909819
269.9934642826674         90.55027063883244
270.4739816458317         90.53114254373563
270.9859611045398         90.5103346251973
271.46928539052755        90.48946120430695
271.98770219302406        90.46817034457575
272.46720541803217        90.44819333741985
272.98830607714024        90.42644464637367
273.46460430096806        90.40568621887641
273.98937596095834        90.38655359648037
274.41941806726777        90.367211255905
274.99075825615466        90.34324965630613
275.4258111724729         90.32644748124613
275.9915306070181         90.2991120915707
276.45772257329224        90.27968835101692
276.9910592574483         90.25791638759095
277.4577225732922         90.23846200401528
277.9910592574482         90.21680393249994
278.4610583858416         90.19883190108993
278.98010666417184        90.17772151283883
279.457722573292          90.15635482813953
279.99105925744806        90.13382336880717
280.4647938937066         90.11465776239484
280.9905504202415         90.09276062298757
281.47253981505463        90.07367856398298
281.99522034247263        90.05434777840242
282.4388457864437         90.03459496423329
282.9977811690259         90.01164987884383
283.44661478442447        89.99337685641719
283.99937025258373        89.96847716610546
284.4763659372411         89.95054322115485
284.9844434674851         89.93022565400634
285.4304424613059         89.9065704666988
286.0493244917489         89.88256809432801
286.44310990957894        89.86913183228117
287.07463431354967        89.848108429208
287.4650703742021         89.83262299732222
287.9910592574473         89.80193482646823
288.4577225732912         89.78189017579594
288.9910592574473         89.76015061942059
289.4577225732911         89.74094772636901
289.9966710511189         89.71913779650014
290.4581459756832         89.70351642437008
290.95768295384295        89.68288034441954
291.45772257329094        89.65855448789432
292.00869750939194        89.63901257478285
292.4479931365202         89.61978637611706
293.0029759079294         89.59331521321303
293.43529195345303        89.5722612279899
293.9979358145842         89.54843775904854
294.45499909808956        89.535920979713
294.96463319854547        89.51588165833641
295.4577225732906         89.49223369118371
295.9910592574467         89.46935609244606
296.4848415986596         89.4541975522486
296.9792025527129         89.43356489244914
297.4586411147657         89.40816592784158
298.02668634685006        89.38792461232606
298.4608835739945         89.36731290215045
299.0303906282406         89.34989872058866
299.35883617978624        89.34171604386229
299.9842771216024         89.30793949338852
300.4578936986619         89.28557419506815
301.0087384945772         89.26536159391236
301.45238161911163        89.24656722206049
301.99105925744624        89.22163222230714
302.45772257329           89.20250075922159
303.0040480719222         89.18219655032712
303.4565260077548         89.16370737861871
303.9979239795891         89.14266546614803
304.44060533042955        89.12474000690433
304.991059257446          89.09953624689233
305.4577225732898         89.08013268405357
305.9910592574459         89.05844174810295
306.4577225732897         89.0399462441257
306.9910592574458         89.01813734107502
307.4408088423372         88.99775187133847
307.9790944593595         88.97588315353214
308.4521856405023         88.9588271988237
308.96699296960446        88.9380054750054
309.47071683735925        88.91766143664127
309.98484663986574        88.89648758110016
310.47902221163355        88.87720760256978
310.9868070265863         88.85654929192823
311.46993506811333        88.8354955154156
311.9865458035148         88.81435768015629
312.4692323356454         88.79453601425952
312.9868055170839         88.77321872569512
313.4577225732892         88.75184806320813
313.9910592574453         88.7296316672314
314.45772257328906        88.71062219585089
314.9910592574453         88.68877515840158
315.45772257328895        88.66966273193381
315.99105925744516        88.64783558905324
316.45772257328895        88.6288879486302
316.99105925744504        88.60656844099006
317.45772257328883        88.58748551191597
318.0009116562678         88.56671194823902
318.4588644918367         88.54809220205459
319.00449973144976        88.52333387554688
319.4766655013185         88.50350128182869
320.0079042678617         88.48525336675782
320.45084971710116        88.46747526547964
320.99223324379284        88.4443036122404
321.44077913579906        88.42582302522221
322.00331080666535        88.40274607843901
322.4672152142314         88.38613905493236
323.00690887768485        88.36474213377659
323.46007892098453        88.34392599974078
323.9959541102045         88.32084247802239
324.4571360174866         88.30298541412795
324.9803575170125         88.27741008486251
325.482501646512          88.2568024687428
325.9814232662693         88.23685681255675
326.47157611034595        88.21431434196533
326.999995050042          88.19566979398432
327.45912571218037        88.17750046838243
327.99105925744414        88.15458317191631
328.4577225732879         88.1359599485043
328.99105925744414        88.11440540234858
329.4577225732879         88.09506172710248
329.9910592574439         88.0720599567708
330.4577225732878         88.05262248981418
331.05333850886484        88.03688543418264
331.4573060403469         88.02132397137537
331.9870181967533         87.99483030771557
332.4198834826253         87.97688903630613
333.0311769609357         87.95472938707024
333.45198950045767        87.9372526746299
333.99105925744357        87.9094939529462
334.4723372471417         87.89136879716922
335.0055770635339         87.8692726931013
335.48446140085673        87.84819821225342
335.9913263919607         87.82755953715446
336.45772257328724        87.80735938294521
336.98778661102426        87.78857029304974
337.4234049714215         87.7710991009461
338.0096142068319         87.74683432930493
338.45207146280075        87.72903661733844
338.99105925744334        87.7040343559481
339.4596408488402         87.68758308619488
339.96929497301653        87.66809542062911
340.46133390753585        87.64737084626519
340.95223093950926        87.62256702040823
341.47959471655577        87.59942880159917
341.9946787733917         87.57995923027063
342.5083359866695         87.55994172461718
342.99702217867457        87.5451259080559
343.4485840732167         87.52799451820444
343.96655951802074        87.50499197211896
344.46533037658287        87.48489731056543
344.9633002821947         87.46700470820761
345.41366165772183        87.44246575555012
345.9845343403092         87.4175238289916
346.4334669288729         87.40293194950802
347.00908091343683        87.3806199658047
347.4497909496889         87.36209535776392
347.9942221912702         87.33445102898048
348.4764824758065         87.31449047700819
349.0118031666832         87.29778287629807
349.4554819918566         87.27994041730895
349.99105925744254        87.25527857768331
350.45772257328633        87.23604100725198
350.9853641050586         87.21714004114315
351.4235578115067         87.1994239429339
351.99105925744243        87.17358765902672
352.4577225732862         87.15451243578309
352.99043790015673        87.13452389513267
353.4387778602012         87.1167039372499
353.9910592574423         87.0926425963104
354.457722573286          87.07383814437368
354.9880207349303         87.05073358522482
355.45547532505464        87.03231793480724
355.9771236623783         87.01468134650659
356.4338411566307         86.9970895770799
356.9748366531687         86.97607829722263
357.4299511681928         86.95565576223945
357.99105925744186        86.92940357789577
358.45772257328554        86.91026476865567
358.9763357280294         86.88770846902581
359.4598342149309         86.86945757176059
359.99153452517555        86.84877273256032
360.4577225732854         86.82751832522794
360.99105925744163        86.80574520565396
361.4949515279427         86.79040127017906
361.99385611164075        86.77064321835572
362.4582392226023         86.7486865403295
362.9746451544254         86.72840480289597
363.4690464427531         86.70872474339646
363.98829201850674        86.68757477265659
364.4577225732851         86.66647989765028
364.9910592574413         86.64462324745453
365.4577225732851         86.62582176530105
365.9910592574412         86.60393447859694
366.45772257328497        86.58527482099704
366.99105925744107        86.5636560050772
367.45772257328485        86.5445073039532
367.9888616641156         86.5247083542313
368.43223795045344        86.50732019100265
369.0159065640655         86.48496540015566
369.4551975251758         86.46714725612206
369.99502927809556        86.442247216174
370.45626504833535        86.42325579772334
370.9964539798316         86.4035002176501
371.43391700985137        86.38602556073688
372.01744828586163        86.36300496279026
372.4766193873602         86.34737572654849
372.9922011700578         86.32454240823044
373.4431211701974         86.302012044589
373.99987295483663        86.28101095302495
374.45463222134515        86.26273394859054
375.00470639668674        86.24127521521761
375.43260538587003        86.22494482525278
375.9920638680485         86.20062871427936
376.4447363033495         86.18285391756466
376.99138746544315        86.15881895679402
377.45772257328406        86.13888253659883
377.99105925744027        86.11738088288655
378.45772257328406        86.09825418563236
378.99105925744016        86.076524605173
379.45772257328395        86.0578278126352
379.9935554320575         86.03895189538227
380.4350863636929         86.02112790803531
380.9928203511531         85.99866051141757
381.4290748150669         85.980820180202
382.0167845895862         85.95844964670376
382.44533098677573        85.94146532417835
382.9910592574398         85.91458600506436
383.4577225732835         85.89525490983642
383.99696692987675        85.87602741996217
384.43765111043706        85.8582944478749
385.02544920580226        85.83575586737634
385.46102171364873        85.81826149748449
386.01773089666995        85.79694927620615
386.4462144373746         85.78019110292804
386.9910592574395         85.7533137494982
387.45772257328326        85.73423735721306
387.9910592574395         85.71346052283207
388.45772257328326        85.69526264660337
388.99105925743936        85.6741379886809
389.43974678311645        85.65172282490934
390.01005075167086        85.63017720044152
390.45305276523413        85.61761773782071
390.95840610166886        85.59192006010441
391.48230994664755        85.5703921441935
391.96792328608706        85.55485245875654
392.484753473889          85.53615829544195
392.9784838838407         85.51700369845099
393.48122303584137        85.49670517542309
393.98012632180667        85.47620605974699
394.45120253292134        85.45550633546614
394.9517344793104         85.43511526875902
395.4577225732827         85.41177392746272
395.9856969630432         85.39304571771756
396.431104183602          85.37577140075479
396.98650438586776        85.34859890881195
397.45954995870056        85.32923543965381
398.0210422293195         85.31123453860674
398.4608475887601         85.29297849329154
398.99659286597546        85.26799971461459
399.47282285220774        85.25159659956181
399.99342745566696        85.23177756024305
400.45542570115026        85.2110413550389
400.99158663769606        85.18881571271899
401.45772257328224        85.17024387282696
401.99105925743834        85.14899806427415
402.4577225732821         85.1303019377568
402.99105925743834        85.10753222593445
403.457722573282          85.0885880192189
404.0209709349833         85.0693390012816
404.4568632700325         85.05028819656073
405.06223071113163        85.02964510959227
405.4561259021058         85.01614606793107
405.9910592574379         84.98839583342304
406.45772257328167        84.96901852103517
406.9910592574379         84.94809696708444
407.45772257328167        84.92925688993162
407.9910592574379         84.90793324983905
408.45772257328156        84.88942867198446
408.99105925743777        84.8680129869716
409.45772257328156        84.84876260221498
409.99105925743777        84.82722141645215
410.45772257328144        84.8078848320727
410.99105925743766        84.78645072914128
411.494990641952          84.77080393266682
411.994046187762          84.75147368875908
412.4764221009774         84.73150463119559
412.9840888523345         84.71147680342197
413.4552285117287         84.68894219986467
413.9890955308707         84.66726425954026
414.45772257328144        84.64906194649927
414.9910592574372         84.62833928301552
415.4512035323081         84.61220373386773
415.95738008429487        84.58948351517682
416.48911318952116        84.56792238562103
416.9559897582109         84.54661660147646
417.43319929391964        84.52261527945811
417.9783523656099         84.50572206183615
418.44182908607877        84.48866072830235
418.98668918309295        84.46958190843904
419.4078077431692         84.4530957147169
420.01491353441713        84.42783347964193
420.44112385142716        84.4075271558209
421.03763277655275        84.38357274734666
421.434004901776          84.3688545476636
421.99618762903765        84.34308908870888
422.4577225732935         84.32791874037602
422.98797036034057        84.30058760636079
423.4986856615151         84.28021798194999
423.99120145630366        84.26534446601084
424.43106287470687        84.24488485554254
424.97216214586194        84.22534187736758
425.4499756834417         84.20562595999579
426.00051121723914        84.18408155432458
426.4588213605523         84.16722737047326
426.9721343995059         84.14403038453469
427.4605332436655         84.12694054470975
427.97963269519823        84.10719609595162
428.43195022803377        84.08643362856411
428.983750907992          84.06469892589284
429.4408724664461         84.04357297554897
429.9952584579994         84.02021241283767
430.46494785813206        84.00539701661073
430.9915957280506         83.98425836830968
431.4579158931439         83.96512798227579
431.9829480678993         83.94885290309753
432.40704806437475        83.93187488270073
432.9883850539354         83.90677438802642
433.4266347020923         83.88920160987318
434.0103865582016         83.86634853878766
434.4572261648053         83.84959693460158
434.9905767433388         83.82548446238894
435.458702733634          83.80642872102847
435.9859972493299         83.78515354992673
436.45078245306934        83.76836481907989
436.97630133460177        83.75061565973014
437.4615946974051         83.72879310001592
437.99105925744993        83.70513868261757
438.4577225732934         83.68677657710869
438.99105925744993        83.66581174149538
439.4577225732934         83.64730962811112
439.99105925744993        83.62611186959629
440.45772257329327        83.60761384075319
440.9910592574498         83.58654264302506
441.45772257329327        83.56865700756819
441.9931477094408         83.54642765497671
442.46557166363425        83.52899512598019
442.9713073530504         83.50922115415332
443.48021739393596        83.48964869892649
444.01196163234715        83.47104960272247
444.46295071686336        83.45086692478712
444.9901830886389         83.42755872744685
445.4583522396928         83.41023588534856
445.97873801601054        83.39007541855732
446.45772257329304        83.37006113903917
446.9910592574497         83.34858515590005
447.4440071966976         83.32995213591784
447.9958703380822         83.3096619010898
448.4395379118132         83.29137781025788
448.97491747029983        83.2685059728353
449.4560161927013         83.25058763653757
449.99541194157837        83.22902992333951
450.4676477385498         83.21049965893887
450.9919838360721         83.18945861686878
451.4762819686416         83.17154540306932
451.9929359850029         83.15127259874802
452.4577225732928         83.13047930427481
452.9910592574495         83.10910839474747
453.4577225732928         83.09048255822894
453.99105925744936        83.06946899233824
454.4577225732928         83.05200313106504
454.99105925744936        83.03122273098043
455.4577225732928         83.01247131710767
455.9705545001889         82.989989116261
456.44152705683746        82.97142281080227
457.0172127602103         82.95325528711294
457.4612337644886         82.93590409944306
457.99105925744925        82.91181211770277
458.4577225732926         82.89312802343453
458.99105925744925        82.87169944107417
459.4577225732926         82.85282214521634
459.99105925744914        82.83150493392934
460.4577225732926         82.81297353491686
460.99105925744914        82.79186992354573
461.4577225732926         82.77367196392662
461.991059257449          82.75224433875402
462.45498487885175        82.73469823735483
462.98531758692366        82.71809581273868
463.4471077381529         82.70104873697174
463.9958965077352         82.67890001906213
464.4506931626938         82.66170099306305
464.9846106508503         82.63792066566447
465.4591747517733         82.61602643706343
465.9908082409962         82.59423071266619
466.45763768756535        82.57761687161353
466.97061977168664        82.55822579701147
467.4529163667679         82.53669480133536
467.9892242457008         82.51595666355458
468.45308229799593        82.49910218700676
468.99249897338746        82.47635356229489
469.48311749895356        82.45919091048155
469.98487496756013        82.43813097115071
470.4740958001712         82.41437333877529
470.9910592574487         82.39593694948053
471.457722573292          82.37814819426922
471.9910592574487         82.35661491560641
472.457722573292          82.33809495873312
472.99105925744857        82.31670077202406
473.457722573292          82.29807316340695
473.99105925744846        82.27733745939719
474.457722573292          82.2592724380839
474.99105925744857        82.23732096757921
475.457722573292          82.21857657743729
476.0123217841858         82.19998720667661
476.45671961248433        82.1827736681222
476.9944201730825         82.15904200349681
477.46263751494007        82.14049027220845
477.99105925744857        82.11909399418312
478.4577225732918         82.10081601746737
478.99687793717953        82.08030500195538
479.45716980558007        82.06223043366414
479.99105925744846        82.04102500698417
480.4577225732918         82.02274607000405
480.99105925744834        82.00180775525762
481.4577225732919         81.98306127820238
481.99105925744834        81.96241903167596
482.4577225732918         81.94431224423833
482.99105925744834        81.92321697455677
483.4577225732918         81.90499964716327
483.99105925744834        81.88389911898314
484.4577225732917         81.8658809379378
484.99105925744834        81.84517364428876
485.4577225732917         81.82626351566208
485.9910592574482         81.80548965108429
486.4577225732917         81.78685107790596
486.9910592574482         81.76573889430269
487.4577225732917         81.74748696427767
487.9910592574482         81.72643904682921
488.4577225732917         81.70818436407241
488.9910592574482         81.68693936605591
489.46144892169104        81.66989085540303
489.9780721937566         81.65008823905019
490.4876783722236         81.63178492517842
490.9942777863696         81.61201502472225
491.4823244265332         81.59235465060361
491.9937025445246         81.5723894714959
492.45772257329145        81.55122594590445
492.991059257448          81.52998582745364
493.45772257329145        81.5123284435929
493.9910592574479         81.4915444316166
494.45772257329145        81.4724400539555
494.9987126098729         81.45113778573423
495.48126206609527        81.43487950976257
496.00308000833616        81.41521138407414
496.47824939247255        81.39665435504672
497.0083874643361         81.3771980774815
497.45873403029816        81.35974359829247
497.9716619153571         81.33713196819397
498.4607039710685         81.31620733263799
498.9814094217264         81.29561696804596
499.4667573387568         81.27869350695799
499.9681441425232         81.25925677056588
500.4577225732912         81.23602036927744
501.00078831845565        81.21851136931737
501.45239774033007        81.20511756646837
502.00763660773055        81.18242298694881
502.46134217384963        81.16086002552873
503.01144574127807        81.13853459562812
503.4609830196056         81.12114434959778
503.99105925744766        81.09820838573302
504.4577225732911         81.07968571431404
504.99021170544734        81.06107580559305
505.4312813211973         81.04402687011124
505.99018003405706        81.02160932904222
506.4302932624039         81.00494630352647
507.04416159733           80.9856762521137
507.45405137617115        80.9696467731295
507.99105925744755        80.94229476337739
508.45772257329077        80.9238737395502
508.9969164934639         80.90248576804586
509.4661551879208         80.88370929222884
509.9993867760834         80.8645722209935
510.45829763851543        80.84718556299465
510.9806417274251         80.82329294225384
511.46148106531996        80.80421869697763
511.9902689465622         80.78630933083215
512.4467872645657         80.76850571351595
512.9910592574472         80.74623897431957
513.4577225732907         80.72765255601146
513.9910592574472         80.70691664877451
514.4577225732905         80.68874680609503
514.9910592574472         80.66831235495178
515.4577225732905         80.65028155894876
515.9910592574471         80.62969525859013
516.4577225732905         80.6118077799511
516.9910592574471         80.59093707920013
517.4577225732907         80.57266062690562
517.991059257447          80.55194010349278
518.4577225732908         80.53369329881141
518.9910592574468         80.51309016005865
519.4577225732912         80.49518599736
519.9910592574462         80.47450904217692
520.4577225732921         80.45617649479577
520.9956348543578         80.43742378651017
521.4437325956216         80.41997930515033
521.99176886079           80.39747407067216
522.4494855150317         80.37984723104624
522.9910592574354         80.35664264928855
523.4577225733119         80.33812504371838
524.0311494115952         80.32076242398101
524.4622917347563         80.30415295122297
524.9925515436234         80.28304616496892
525.4196617199929         80.26665221982145
525.9887840144338         80.2423824201705
526.4426016151193         80.22516649303276
526.9892434113901         80.20312552362167
527.4456965688737         80.18515523333326
527.991059257063          80.16323682758073
528.4577225740385         80.1449040717768
528.9910592567771         80.12411498876321
529.4577225747737         80.1059117112245
529.9910592563687         80.08536862146128
530.457722576392          80.06705206069326
530.9910592559526         80.04593635683295
531.4577225803705         80.02835356002406
531.9984203774009         80.01066041471016
532.4111727582616         79.99136268894557
533.0338876746773         79.96690806814753
533.4364504774302         79.95126806826087
534.0701004673995         79.93029089173552
534.4685379573033         79.91829787971474
534.9887058904123         79.89158128821812
535.4540477904868         79.87667047847432
535.9516761181507         79.8585625929396
536.4583759440968         79.83742169036525
536.9676175214072         79.81810639718908
537.4577244228374         79.79738886623002
537.9910598664987         79.77678280706266
538.4196476755858         79.7543354644315
538.9854066497752         79.73176831727054
539.4577285366526         79.71844330558051
539.991060897198          79.69775405414062
540.4577313063279         79.67977501052997
540.9910614719724         79.65940472365368
541.45773406881           79.64147742202233
541.9910620125181         79.62129060613083
542.4577367051224         79.60341536014913
542.9910625427842         79.58207899556527
543.457739312311          79.5639919880816
543.9910630701147         79.54322344121167
544.457741839117          79.52513177388083
544.9910635420827         79.5046859274592
545.4577440573742         79.48658649387546
545.989767116746          79.46875820631925
546.4305201374336         79.45224067128679
546.9910643764684         79.42769677168839
547.4577484054481         79.40948405099375
548.0023922292677         79.38976010304391
548.4599249542327         79.37215594666209
548.9910658955234         79.35068048591133
549.4577563480341         79.33255053922751
549.9919366573951         79.31455159889155
550.4356561807231         79.29778390376033
550.9903303054085         79.2755810555935
551.438851318575          79.2584319435749
551.9961878650195         79.23517069713525
552.456495205387          79.21715543836082
553.0423324488709         79.19939100956968
553.469073818188          79.18344107906061
554.0087399154105         79.15822958051908
554.4795775399766         79.13977426522884
554.9910685328197         79.12039149447187
555.4529513396915         79.10524490484099
555.9582965890979         79.08655501636892
556.4767285144405         79.066272570321
556.9899068596818         79.04638505421894
557.474603929211          79.02823531545438
557.9851343413543         79.01003977029481
558.4413800050716         78.9906786911183
558.9897334737741         78.9695377071969
559.4390115966843         78.95200666978273
560.0151426835221         78.93180381250187
560.4444382031877         78.91392728705888
561.0034667304111         78.88816800109872
561.4633524678923         78.87281830662707
561.9917328171359         78.85333412194075
562.4578094394791         78.83489103761623
562.9910768523647         78.81320255604578
563.4467217046349         78.7937198250131
564.0453614615795         78.77759927221082
564.4506636167316         78.762174457002
565.0036333204607         78.73673941529154
565.4257578266034         78.7212966795572
566.0098826621257         78.69844388615253
566.4448772143933         78.68308651349045
567.0121429089144         78.66166618524919
567.4416161670313         78.64344489613075
567.9836508918469         78.62028151075336
568.4756980633715         78.60568538937953
569.0123968663258         78.58950893045592
569.4632119275623         78.56973645512251
570.0055476913071         78.54695079230888
570.4455594101527         78.53115383274182
570.9909476198893         78.50921291176714
571.4545469750566         78.49105350729666
571.9970045256962         78.47072343431971
572.457497945152          78.45361693858979
572.9868486833246         78.43242402682391
573.4501166369712         78.41063158659674
574.005266511833          78.3936911103705
574.4064999724906         78.38259935386648
574.9788234787009         78.35915620896314
575.4319620593694         78.34183673383157
575.98494969788           78.31882553398013
576.457795492538          78.3009769152171
576.9835683502274         78.28140418682452
577.4584842524241         78.26232080962174
577.9832401999163         78.24244869741842
578.479364770782          78.22684959336696
578.9788398000652         78.20855802699367
579.4572477627056         78.18711618113731
579.9805126381489         78.16714472084675
580.4500438865483         78.15002041021762
580.9691444885541         78.132552441845
581.4303123808617         78.11624736406127
581.9765240954404         78.09308299167192
582.4581063196042         78.0727238625109
583.0155245033968         78.05527165226765
583.4670027994371         78.04056711365672
583.9738356593684         78.02257181084792
584.3979218590408         78.00619152412608
584.9760088976125         77.98046781171227
585.4569913065037         77.96282281390928
585.9700095300987         77.94382401812807
586.4564919980884         77.92441716211844
586.983344936607          77.90439588908164
587.4580066666514         77.88576844785018
587.9798510402017         77.86384187423832
588.4718567742776         77.84469546655444
588.9868070622176         77.82715036535849
589.4555148372322         77.81201323585658
589.963476451297          77.79372986415005
590.4573921978158         77.77149763766423
591.0226538964513         77.75294873434906
591.4725609571437         77.73960558089883
591.9837448047282         77.71979287902455
592.4857333386318         77.70173920127485
592.9688109239257         77.68497918988845
593.3987814543907         77.66655848730291
593.8978544789409         77.64898032817716
594.3913505793045         77.63625847849566
594.7513375917949         77.61166703455622
595.044785577671          77.60441817311224
595.5244451849285         77.57842650127616
595.864499952195          77.54576836470244
596.6434387703108         77.5383384208353
596.7031293030346         77.53221257555329
596.7408948606328         77.53291056675286
597.5202287523113         77.44275268450887
598.1918919646375         77.447310181183
598.3360141741744         77.42663226851396
598.4713862626388         77.42928010574246
599.1240553110965         77.34245449323213
599.7263648476633         77.37085112406187
600                       77.34954701298864
