45.75179113
45.75179113
45.75181219
45.75182919
45.7518328
45.75183364
45.75183742
45.75184992
45.75184776
45.75184825
45.75183038
45.75183208
45.75177526
45.75167415
45.75159143
45.75147606
45.75114955
45.75094605
45.75061942
45.75007324
45.7494288
45.74905805
45.74795248
45.74716213
45.7460437
45.74493511
45.74388491
45.7426857
45.74060799
45.73892406
45.73687935
45.73489501
45.73291128
45.73075151
45.72809335
45.72566162
45.72204734
45.71891093
45.71587244
45.71227413
45.70728009
45.70445443
45.70072134
45.69689273
45.6914886
45.68698422
45.68199032
45.67730011
45.67184803
45.66680052
45.66084131
45.65492008
45.64843999
45.64253998
45.63525252
45.62918324
45.62196305
45.61566064
45.60825725
45.60116166
45.59346651
45.58701276
45.57942924
45.57183921
45.56205522
45.5541817
45.54521468
45.53690884
45.52790919
45.51919956
45.50988185
45.50319721
45.49479235
45.48507519
45.47557295
45.4650061
45.45413311
45.44696851
45.43487474
45.42368527
45.4133675
45.40379831
45.39323626
45.38463411
45.37415712
45.36408634
45.35085223
45.33845199
45.32928032
45.31939496
45.30627135
45.29630382
45.28613647
45.27265502
45.2577091
45.2523873
45.23903605
45.22867069
45.21636714
45.2055664
45.19018663
45.18023888
45.17095643
45.15787727
45.14549685
45.13481943
45.12043598
45.10917386
45.0959167
45.08450642
45.07153215
45.06090151
45.04848089
45.03625032
45.023283
45.01135913
44.99827354
44.98822909
44.97631469
44.96270449
44.94980499
44.9362343
44.92291215
44.90989881
44.89651853
44.88722672
44.87541943
44.86040501
44.84722832
44.83423795
44.82100288
44.80719636
44.79282399
44.78069435
44.76643876
44.75448988
44.74242625
44.73177089
44.71408196
44.70233926
44.68831258
44.6735179
44.66244627
44.65375031
44.63788487
44.62547695
44.60851627
44.59589828
44.58049525
44.56453849
44.55216688
44.54380518
44.52857874
44.51712621
44.50118531
44.4891741
44.47432699
44.46239876
44.44710203
44.43479465
44.41951488
44.40765297
44.39552031
44.3852709
44.36467239
44.35186199
44.3384506
44.32645729
44.31093403
44.29903539
44.28705447
44.2766958
44.25687657
44.24420161
44.22792801
44.21606457
44.20363044
44.19004796
44.1761628
44.16488136
44.14288245
44.13340025
44.12479411
44.1050899
44.08989908
44.08248399
44.06317292
44.05215416
44.03916977
44.02522586
44.00941781
43.99696353
43.98474651
43.96913816
43.95495217
43.94529112
43.92632862
43.91307134
43.89845974
43.88501451
43.86874842
43.85830368
43.84066592
43.83190426
43.81651363
43.8042886
43.78857114
43.77634504
43.76066678
43.74836578
43.73590523
43.72532122
43.70455924
43.69172167
43.67825627
43.66612915
43.65051649
43.6387533
43.62539815
43.61371068
43.59485747
43.58215501
43.56784132
43.55577582
43.5402266
43.52798977
43.51230595
43.50026947
43.48489994
43.47262047
43.45754885
43.44552581
43.42786552
43.41470232
43.40198052
43.3898882
43.37368642
43.36136618
43.34505672
43.33228764
43.31787882
43.30523654
43.29075909
43.27952909
43.26360554
43.25091153
43.23714436
43.2225422
43.20859419
43.19367455
43.17907784
43.16626322
43.15136262
43.13854401
43.12470503
43.11213885
43.09620998
43.08330334
43.06860269
43.05562597
43.0420654
43.02964328
43.01439512
43.00205253
42.98572023
42.97298105
42.95842498
42.94555416
42.93200967
42.91955792
42.90459117
42.89219464
42.87578928
42.86258057
42.84790475
42.8353117
42.82201265
42.81045427
42.79603214
42.78140238
42.76530968
42.75418346
42.74064753
42.72714522
42.71308082
42.69788231
42.68577745
42.67232931
42.65515776
42.64066031
42.62771409
42.61815615
42.60097889
42.58659612
42.57074658
42.55719908
42.54222803
42.5337906
42.51795049
42.50538694
42.49292999
42.47843715
42.46344052
42.45065004
42.43429117
42.42126866
42.40662681
42.39406525
42.38068935
42.36954562
42.35328657
42.33568771
42.3230179
42.31496268
42.29559716
42.28372874
42.27321128
42.26025547
42.24509866
42.23292709
42.21811277
42.20426096
42.1908767
42.17884139
42.16028619
42.14758257
42.13320706
42.1209573
42.10496381
42.09345829
42.07976868
42.06377294
42.04965606
42.03910305
42.02294122
42.01019941
41.99573354
41.98255475
41.96800236
41.95526821
41.94048388
41.92786428
41.91444976
41.90240939
41.88657669
41.87388671
41.85979826
41.84704194
41.83243146
41.81961435
41.80493046
41.79213097
41.77973375
41.7684415
41.75055264
41.73747802
41.72323637
41.71137872
41.69813195
41.68418611
41.66972603
41.65769452
41.64169805
41.62885395
41.61403846
41.60118827
41.58699411
41.57428061
41.55971581
41.54697486
41.53241455
41.52107488
41.50752589
41.49410687
41.47995667
41.4675863
41.45570542
41.44115961
41.42586623
41.41422302
41.39712652
41.38433568
41.3714171
41.35958785
41.34287684
41.32994903
41.3168245
41.30462008
41.28848209
41.27596043
41.26124494
41.25089023
41.2378125
41.22263562
41.21013839
41.19637907
41.1811907
41.16942075
41.15268639
41.13983345
41.12668995
41.11545398
41.10020562
41.08871333
41.07485807
41.06109947
41.04485349
41.02761245
41.0174498
41.00654977
40.99042798
40.97709586
40.96685894
40.95342158
40.93850317
40.92461275
40.91040241
40.89874555
40.88371297
40.87203305
40.85526707
40.84494489
40.83217958
40.81584579
40.80140521
40.789217
40.77488238
40.76258466
40.74897727
40.73707145
40.7199178
40.70686094
40.69551718
40.67958506
40.66109413
40.65152636
40.64074931
40.62672528
40.61470282
40.60392281
40.58635915
40.57448554
40.56128378
40.54811587
40.53196322
40.51933312
40.50643591
40.49423802
40.48023539
40.46906203
40.45157086
40.43899754
40.42485179
40.41241769
40.39808961
40.38575478
40.37086302
40.35806097
40.34587941
40.33455395
40.31980407
40.30855439
40.29125307
40.27853206
40.26446628
40.25177533
40.2373823
40.22521645
40.21117638
40.19871621
40.18460318
40.17215346
40.15785799
40.14513867
40.13260276
40.12075482
40.10488734
40.09279013
40.07822796
40.06754306
40.05199504
40.03961834
40.02632127
40.01155833
39.99726228
39.98504009
39.9728737
39.96140643
39.94270582
39.93135159
39.92093188
39.90817199
39.8931724
39.87968598
39.86612188
39.85318858
39.83943804
39.82547434
39.81103245
39.79885285
39.78449439
39.77240239
39.76038268
39.74777845
39.73227594
39.72182237
39.70599798
39.6917239
39.67890961
39.66709999
39.65340817
39.64270641
39.62692996
39.6170834
39.59922477
39.58737576
39.57354107
39.5622168
39.54513797
39.53290056
39.51896453
39.50638369
39.49257179
39.48164924
39.46817557
39.45528014
39.44203868
39.42752011
39.41351036
39.40233394
39.38889379
39.3740531
39.36160095
39.35063852
39.33546774
39.32389787
39.30924338
39.29893231
39.28201585
39.27103436
39.25828611
39.24199486
39.22803752
39.21658151
39.20280577
39.19066026
39.17744878
39.16419631
39.15067963
39.13799794
39.12419229
39.11101609
39.09887332
39.08659721
39.07139069
39.0607292
39.04338298
39.03105867
39.01724484
39.00490243
38.99116224
38.9797622
38.96637153
38.95281832
38.93852764
38.92637313
38.91248635
38.90038578
38.88812862
38.87560381
38.86105598
38.8494718
38.83368604
38.82231773
38.80943925
38.79444475
38.7792322
38.77071758
38.75739553
38.74758331
38.728135
38.71543471
38.70166124
38.6894954
38.67567905
38.66578451
38.65271291
38.63730357
38.62492758
38.61275164
38.59598737
38.58265565
38.56757063
38.55964724
38.54695989
38.53198843
38.51750597
38.50791164
38.49485186
38.47877473
38.46596515
38.45292079
38.44190253
38.43672658
38.41535245
38.40120186
38.38841467
38.37652476
38.36075051
38.34864868
38.3358067
38.32411271
38.31080547
38.29947004
38.28353141
38.27126255
38.25754801
38.24585451
38.23206695
38.21918017
38.20535615
38.19457623
38.18141589
38.16855822
38.15517698
38.1429937
38.12993982
38.11663677
38.10328153
38.09075879
38.0772921
38.063792
38.0497589
38.03775233
38.02395403
38.01188402
37.99810003
37.98613532
37.97204221
37.95999349
37.94687828
37.93512392
37.91949443
37.90697548
37.89545826
37.88423761
37.86961319
37.85795076
37.84338802
37.8329096
37.8194091
37.80627538
37.79171183
37.78044712
37.76431316
37.75131546
37.73873533
37.72451766
37.71276078
37.70130305
37.68685158
37.67510883
37.6615184
37.64932344
37.63482244
37.62256935
37.61265157
37.6028434
37.58614394
37.5748372
37.56087302
37.54986086
37.53236835
37.52094901
37.50702814
37.49375132
37.48075032
37.46802588
37.45619204
37.44518858
37.42990679
37.41869881
37.40295359
37.39259517
37.38032478
37.36727653
37.35165962
37.33709408
37.32483916
37.31223924
37.30291565
37.29213417
37.27765738
37.26501184
37.25375345
37.23831231
37.22262009
37.21344106
37.199405
37.18775344
37.17036377
37.15780845
37.14730182
37.1360811
37.12057157
37.10847467
37.0965913
37.08545333
37.06920912
37.05721726
37.04465307
37.0334522
37.01832822
37.00650983
36.99198982
36.98041755
36.96933572
36.95828234
36.94508068
36.93224989
36.91575685
36.90373441
36.8895658
36.87810303
36.86511176
36.85176325
36.8380899
36.82845596
36.81604975
36.80226331
36.78952957
36.77717455
36.76389758
36.75065594
36.73693722
36.72513712
36.71140093
36.69969103
36.68612474
36.67410962
36.66168772
36.65077861
36.63675435
36.62557709
36.6099571
36.59804504
36.58565497
36.5746957
36.56025858
36.55045868
36.53614083
36.52201345
36.5088467
36.49738847
36.48393672
36.47370103
36.45845894
36.44731861
36.43225495
36.41976134
36.40628756
36.39430282
36.38068761
36.36897331
36.3571481
36.34598256
36.33190862
36.3207343
36.30672329
36.29608659
36.27925197
36.26714648
36.25510752
36.24400442
36.22989309
36.21894076
36.20559917
36.19510932
36.17828436
36.16634454
36.15334076
36.14195186
36.12873203
36.11470543
36.10122485
36.09336875
36.07729011
36.06382234
36.05410259
36.0424096
36.03042904
36.01773363
36.00491388
35.99196948
35.97921912
35.96462317
35.95291401
35.94211476
35.92512684
35.91302231
35.90177138
35.89036073
35.87474792
35.86449738
35.8521117
35.8391538
35.82526649
35.81366302
35.80038927
35.78870951
35.77448552
35.76265175
35.75062942
35.73873069
35.72583912
35.71741011
35.70007906
35.68797974
35.67491686
35.66315444
35.6498423
35.63829059
35.62492262
35.61290722
35.59946261
35.58739486
35.57401839
35.56425564
35.55219369
35.53973366
35.52723827
35.51317872
35.49965522
35.48830085
35.4753747
35.46531132
35.45114073
35.43769438
35.42440804
35.40944111
35.3989089
35.38827148
35.37637756
35.36610036
35.35035208
35.33769391
35.32276327
35.31359131
35.29753275
35.28807994
35.27104787
35.25835554
35.24908962
35.23634267
35.22416831
35.21188678
35.19846686
35.18796905
35.17352059
35.16287763
35.15058207
35.13765247
35.12411847
35.11096439
35.09642019
35.0871976
35.07403778
35.06212889
35.05199939
35.04143232
35.0258093
35.01487332
35.00065182
34.99022836
34.975224
34.9633678
34.95013144
34.93968747
34.92864671
34.91507141
34.90035766
34.88893721
34.87589828
34.86439217
34.85121024
34.83970814
34.82660648
34.81548623
34.80166595
34.79082937
34.7785375
34.76637164
34.75481209
34.74226805
34.7277817
34.71701693
34.70448893
34.69205224
34.67870842
34.66713178
34.65452679
34.64316865
34.62896082
34.61783135
34.60444171
34.59293378
34.57986647
34.56874287
34.5561543
34.54324281
34.52997383
34.51841022
34.50536449
34.49452171
34.48162225
34.46998345
34.45602915
34.44450612
34.43323228
34.42246523
34.40751474
34.3959217
34.38262647
34.37091507
34.35769023
34.34619454
34.33310384
34.32181613
34.3085257
34.29764377
34.28734828
34.2767772
34.2630427
34.25237888
34.23763369
34.22405921
34.2105472
34.20024851
34.18822853
34.17488224
34.16202909
34.15158378
34.13748481
34.12684982
34.11379911
34.09907734
34.08765518
34.07663403
34.06329381
34.05182118
34.03856859
34.02703053
34.014187
34.00299847
33.98940367
33.97779571
33.96628491
33.95562641
33.94093138
33.92944551
33.91619909
33.90488364
33.8921868
33.88099876
33.86787283
33.85655957
33.84360073
33.83199954
33.81922536
33.80802095
33.794968
33.78369651
33.77064171
33.75949465
33.74668438
33.73498685
33.72213687
33.71060859
33.69755086
33.68626281
33.67324621
33.66195772
33.64882073
33.63827981
33.62603577
33.61471994
33.60249772
33.59034386
33.57800228
33.56491989
33.55179149
33.54087804
33.52803267
33.51622632
33.50306264
33.49301692
33.48086391
33.46939822
33.45737769
33.44659465
33.43262511
33.41969865
33.40697962
33.39652701
33.38452197
33.37016952
33.35935726
33.35108717
33.33707257
33.32375718
33.30997235
33.29923567
33.28507455
33.27363948
33.26215181
33.25162775
33.23778974
33.22750463
33.21561227
33.20572013
33.18883817
33.17747026
33.16427203
33.15268613
33.14087872
33.13015158
33.11541014
33.10364248
33.09259517
33.08161302
33.06787764
33.05641371
33.04362435
33.03241837
33.01981604
33.00869674
32.99600196
32.9849721
32.97210335
32.96083474
32.94805968
32.93681053
32.92410905
32.91307199
32.90032603
32.88902597
32.877468
32.86671664
32.85284611
32.84198312
32.82768279
32.81627166
32.805574
32.79533998
32.78233523
32.77223524
32.75728213
32.74667613
32.73309837
32.72202897
32.70852739
32.69723551
32.68443121
32.67322002
32.66056821
32.64928844
32.63628506
32.62545761
32.61456353
32.60268086
32.58762402
32.57799525
32.56508175
32.55769984
32.54125089
32.53207302
32.52092687
32.50791385
32.49602572
32.48327402
32.47059233
32.45677711
32.4428896
32.43469108
32.42196024
32.41089758
32.39836406
32.38733415
32.3749144
32.36391744
32.35079169
32.33966534
32.32688973
32.31576133
32.30318503
32.29205255
32.28108808
32.27092981
32.25583458
32.24463426
32.23250543
32.22168031
32.20847454
32.19732669
32.18626052
32.17595137
32.16230065
32.15175779
32.13745704
32.12638221
32.11546331
32.10565936
32.090161
32.07881737
32.06690399
32.05759543
32.04610884
32.03364367
32.02142183
32.01026833
31.99908755
31.98718973
31.97419924
31.96342758
31.95101522
31.94003184
31.92420482
31.91477556
31.90280565
31.89147562
31.87815224
31.86618378
31.8562833
31.84680902
31.83118525
31.82170061
31.80766464
31.79823329
31.78507822
31.77388814
31.75966291
31.75070048
31.74076803
31.72862626
31.71463478
31.70493586
31.6914639
31.68031433
31.66783281
31.65733063
31.64431924
31.63093958
31.62054144
31.61373406
31.59934288
31.58871156
31.57458614
31.56363061
31.5516172
31.53990441
31.52770783
31.51813491
31.50690908
31.49374927
31.48149299
31.47098408
31.46026545
31.45026031
31.43604511
31.4235519
31.41284426
31.40382238
31.3927815
31.38273158
31.3669477
31.35612225
31.34446634
31.33255985
31.3202772
31.30884989
31.29539821
31.28365276
31.2728905
31.26360584
31.25239087
31.23875253
31.22737589
31.21919259
31.20704004
31.19596692
31.18568768
31.17438939
31.16360902
31.15580824
31.14072336
31.13627917
31.1203376
31.1003042
31.0957545
31.09199693
31.09242555
31.03712237
31.03992567
31.02724228
31.02886794
30.97561228
30.99303474
30.97996834