95.75178502
95.75178737
95.75181013
95.75182487
95.7518279
95.7518279
95.75182774
95.75183799
95.75183413
95.75183319
95.75179977
95.75179992
95.75170824
95.75155273
95.75142199
95.75124599
95.75074862
95.75043794
95.74994077
95.74911426
95.74813705
95.74757445
95.7459035
95.74470906
95.74301989
95.74134669
95.73975986
95.7379504
95.73481799
95.73227906
95.72919704
95.72620633
95.7232156
95.71996135
95.71595591
95.71229231
95.70684907
95.70212575
95.69754844
95.69213061
95.68461106
95.68035489
95.67473269
95.66896795
95.66083233
95.65405097
95.64653236
95.63947138
95.63126347
95.62366497
95.61469429
95.60578164
95.59602718
95.5871463
95.57617751
95.56704196
95.55617435
95.54668808
95.53554484
95.52486542
95.5132832
95.5035691
95.49215477
95.48073141
95.46600668
95.45415663
95.440661
95.42816055
95.41461586
95.40150788
95.38748454
95.37742237
95.36477271
95.35014895
95.33584772
95.31994576
95.30358122
95.29279711
95.27459714
95.25775802
95.24222969
95.22782804
95.21193183
95.19898481
95.18321663
95.16805969
95.14814361
95.12948203
95.11567681
95.10079886
95.08104809
95.06604649
95.05074315
95.03045503
95.00796051
94.99994865
94.97985438
94.96425335
94.94573502
94.92947858
94.90633201
94.89135857
94.87738607
94.85770118
94.83906616
94.82299471
94.80134564
94.78439402
94.76443954
94.74726465
94.72773554
94.71173335
94.69303721
94.67462722
94.65510791
94.637159
94.61746145
94.60233995
94.58440478
94.56391749
94.54449912
94.52407078
94.50401583
94.4844258
94.46428307
94.45029278
94.43251733
94.40991501
94.39007765
94.3705207
94.35059496
94.32980951
94.30817116
94.28990901
94.26844587
94.25045558
94.23229054
94.21624673
94.18961502
94.17193397
94.15081426
94.12853873
94.11186551
94.09876999
94.07488028
94.05619645
94.03065758
94.01165677
93.98846252
93.96443495
93.94580213
93.93320839
93.91027785
93.89303025
93.8690236
93.85093418
93.82857342
93.81060836
93.78756972
93.76903311
93.74601938
93.72815323
93.70987741
93.6944387
93.66341429
93.64411836
93.62391567
93.60584949
93.58246579
93.56454186
93.54649197
93.5308864
93.50103094
93.48193568
93.45741964
93.43954639
93.42081198
93.4003488
93.3794275
93.36242938
93.32928736
93.31499724
93.30202758
93.27234088
93.24944914
93.23827356
93.20917582
93.19257011
93.17300235
93.15198925
93.12816665
93.10939698
93.09098351
93.06746109
93.04607962
93.03151741
93.00293793
92.98295606
92.96093141
92.9406655
92.91614548
92.90040016
92.87381309
92.86060368
92.8374019
92.81897193
92.79527639
92.77684386
92.75320638
92.73466015
92.71587157
92.69991266
92.66860992
92.64925294
92.62894764
92.61066062
92.58711707
92.56937822
92.54923741
92.53161108
92.50317954
92.48402214
92.46243341
92.44423549
92.42078277
92.40232549
92.3786687
92.36051263
92.3373287
92.31880506
92.29606891
92.27793076
92.25128945
92.23143098
92.21223653
92.19399193
92.16954674
92.15095723
92.12634897
92.10708152
92.08533889
92.06626146
92.04441408
92.0274659
92.00343597
91.98427741
91.96349937
91.94146079
91.92040859
91.8978905
91.87585812
91.85651476
91.83402222
91.81467184
91.79377978
91.7748089
91.75076174
91.73127592
91.7090811
91.68948827
91.66901287
91.65025615
91.62723129
91.60859308
91.58393079
91.56469301
91.5427109
91.52327302
91.50281672
91.48401027
91.46140429
91.44267963
91.41790046
91.39794804
91.37577906
91.35675527
91.33666418
91.31920163
91.29741251
91.27530958
91.25099603
91.23418368
91.21373106
91.19332857
91.17207616
91.14910969
91.13081504
91.11049159
91.08454115
91.06263112
91.04306242
91.02861414
91.00265124
90.98091106
90.95695198
90.9364722
90.91383899
90.90108111
90.87713421
90.85813897
90.83930394
90.81739127
90.79471451
90.77537278
90.75063558
90.73094201
90.70879901
90.68980141
90.669571
90.65271552
90.62812378
90.60150532
90.58233782
90.57015059
90.54085778
90.52290203
90.50698866
90.48738745
90.46445538
90.44603843
90.4236222
90.40266278
90.38240842
90.36419487
90.33611564
90.31688949
90.29513171
90.27659069
90.25238373
90.23496777
90.21424549
90.19003263
90.16866126
90.15268349
90.12821515
90.10892324
90.08702055
90.06706531
90.04502974
90.02574641
90.003358
89.98424695
89.96393011
89.94569432
89.92171491
89.90249379
89.88115387
89.86183046
89.83969778
89.82028046
89.79803505
89.77864331
89.759858
89.74274768
89.71564354
89.69583128
89.67425011
89.65627985
89.63620392
89.61506884
89.59315276
89.57491623
89.55066964
89.53119974
89.50874076
89.48926004
89.4677417
89.44846673
89.42638438
89.40706615
89.38498863
89.36779288
89.34724722
89.32689733
89.30543796
89.28667619
89.26865505
89.24659378
89.22339663
89.20573432
89.17980056
89.16039626
89.14079616
89.12284839
89.0974949
89.07787894
89.0579629
89.03944252
89.01495339
88.99595058
88.97361765
88.95790071
88.93805133
88.91501565
88.8960447
88.87515812
88.85210098
88.8342318
88.80882633
88.78931175
88.7693548
88.75229332
88.72913904
88.71168616
88.69064504
88.66974922
88.64507651
88.61889096
88.60345235
88.58689433
88.56240485
88.54215133
88.5265977
88.50618222
88.48351539
88.46241012
88.44081706
88.42310299
88.40025866
88.38250792
88.35702834
88.34133827
88.32193531
88.29710916
88.27515796
88.25662966
88.23483726
88.21614046
88.195452
88.17734884
88.15126721
88.13141253
88.11416022
88.08993111
88.0618106
88.04725637
88.03086326
88.00953244
87.99124291
87.97484365
87.94812547
87.93006083
87.90997456
87.88993919
87.86536199
87.84614287
87.82651525
87.80795128
87.78663967
87.76963324
87.74301238
87.72387391
87.70234097
87.68341255
87.66159988
87.64282068
87.62014782
87.60065538
87.58210527
87.56485906
87.54239745
87.52526454
87.49891691
87.47954153
87.45811711
87.4387855
87.41686016
87.39832711
87.37693789
87.3579543
87.33645144
87.31748157
87.29569893
87.27631643
87.25721155
87.23915439
87.21497091
87.19653238
87.17433559
87.15804703
87.13434656
87.11547812
87.09520585
87.07269899
87.05090174
87.03226531
87.01371202
86.99622386
86.9677065
86.95038852
86.9344946
86.91503185
86.89215269
86.8715798
86.8508873
86.83115642
86.81017733
86.7888718
86.76683532
86.74824956
86.72633832
86.70788453
86.68953936
86.670302
86.64664032
86.63068284
86.60652793
86.58473784
86.56517341
86.54714304
86.52623682
86.50989559
86.48580555
86.47076805
86.44349654
86.4254
86.40426933
86.38697209
86.36088599
86.34219261
86.32090316
86.30168256
86.28058077
86.26389122
86.24330332
86.2235981
86.20336302
86.18117513
86.15976382
86.14268087
86.12213778
86.09945401
86.08041765
86.06365861
86.04046494
86.02277457
86.00036742
85.98460014
85.95873477
85.94194041
85.92244335
85.89752844
85.87618077
85.85865688
85.83758426
85.81900456
85.79879324
85.77851834
85.75783803
85.73843397
85.71730908
85.69714612
85.67856242
85.659775
85.63650093
85.62018099
85.59363011
85.5747639
85.55361691
85.53472104
85.51368476
85.49622884
85.47572467
85.45497156
85.43308725
85.41447222
85.39320412
85.3746703
85.35589498
85.33670974
85.31442405
85.29667628
85.27249225
85.25507387
85.23534047
85.21236537
85.18905322
85.1760034
85.15558473
85.14054478
85.11073921
85.09127127
85.07015721
85.05150686
85.03032462
85.01515291
84.9951108
84.97148507
84.95250582
84.9338332
84.90812423
84.88767659
84.86453924
84.85238312
84.83292103
84.80995433
84.78773589
84.77301422
84.75297614
84.72830909
84.70865125
84.68863366
84.67172156
84.66377491
84.6309722
84.6092519
84.58962229
84.57137002
84.54715427
84.52857472
84.50885639
84.49090072
84.47046606
84.45305798
84.42858165
84.40973824
84.38867353
84.37071203
84.34953288
84.32973612
84.30849897
84.29193573
84.27171547
84.25195916
84.23139707
84.21267422
84.1926129
84.1721676
84.15164073
84.13239207
84.11169109
84.0909383
84.06936433
84.05090461
84.02968942
84.01112984
83.98993409
83.97153462
83.94986089
83.93133015
83.91115774
83.89307691
83.86903521
83.84977672
83.83205714
83.81479376
83.79229304
83.77434765
83.75193902
83.73581306
83.71503598
83.69482287
83.6724081
83.65506848
83.63023426
83.610224
83.59085649
83.56896748
83.55086358
83.53322108
83.51096831
83.49288514
83.47195571
83.45317315
83.43083862
83.41196506
83.39668472
83.3815748
83.35584984
83.33842928
83.31691286
83.29994353
83.27299057
83.25539174
83.2339373
83.21347484
83.19343562
83.17382221
83.15557899
83.13861541
83.11505568
83.09777516
83.07349945
83.05752636
83.03860513
83.018483
82.99440018
82.97193478
82.95303142
82.93359605
82.91921126
82.90257821
82.88024476
82.8607347
82.84336271
82.81953773
82.79532171
82.78115456
82.75949204
82.74150684
82.71466729
82.69528788
82.6790669
82.66174409
82.63780046
82.61912325
82.60077298
82.5835731
82.55848952
82.53997015
82.52056422
82.50326368
82.47990363
82.46164736
82.43921648
82.42133783
82.40421559
82.38713687
82.36673839
82.34691158
82.32142517
82.30284477
82.28094665
82.2632284
82.24314727
82.22251322
82.20137567
82.18647976
82.16729858
82.14598299
82.12629349
82.10718818
82.08665597
82.0661773
82.04495918
82.02670705
82.00545932
81.98734495
81.96635793
81.94776894
81.92854879
81.91166895
81.88996776
81.87267064
81.8484987
81.83006271
81.810885
81.7939215
81.7715743
81.7564024
81.73423718
81.71236608
81.69197962
81.67423756
81.653407
81.63755475
81.61395051
81.59669619
81.57336507
81.55401257
81.53314072
81.51457433
81.49348133
81.4753323
81.45700948
81.43970783
81.41789888
81.40058148
81.37886673
81.36238037
81.33628904
81.31752477
81.29886119
81.2816483
81.2597708
81.24278962
81.22210263
81.20583617
81.17974739
81.16123082
81.14106373
81.12339995
81.10289535
81.08113819
81.06022518
81.04803465
81.02309147
81.00219576
80.98711255
80.96896753
80.95037561
80.93067343
80.91077665
80.89068524
80.8708935
80.84823811
80.83006039
80.81329393
80.78692028
80.76812616
80.75065469
80.73293554
80.70869136
80.6927708
80.67353473
80.65340857
80.6318369
80.61381159
80.59319099
80.57504513
80.55294565
80.53455909
80.51587685
80.49738694
80.47735178
80.46425035
80.43731724
80.41851071
80.39820546
80.37992043
80.35922507
80.34126574
80.32048117
80.30179816
80.28089191
80.26212534
80.24132311
80.22613773
80.20737744
80.1879972
80.16856003
80.14669001
80.12565149
80.10798614
80.08787479
80.07221535
80.05016552
80.02924068
80.00856372
79.98527081
79.96887635
79.9523187
79.93380323
79.91780387
79.89328762
79.87358097
79.85033409
79.83605075
79.81104632
79.79632426
79.76980065
79.7500329
79.73559903
79.7157441
79.69677884
79.67764582
79.65673837
79.64038253
79.61787142
79.60128701
79.58212656
79.56197818
79.54088638
79.52038541
79.49771604
79.4833391
79.46282596
79.4442617
79.42846837
79.41199291
79.38763539
79.37058288
79.34840646
79.33215093
79.30875246
79.2902611
79.26961611
79.25332474
79.23610143
79.21492537
79.19197181
79.17415384
79.15381029
79.13585656
79.11528712
79.09733747
79.07689094
79.05953557
79.03796532
79.02104978
79.00186225
78.98287032
78.96482299
78.94523903
78.92262228
78.90581344
78.88625118
78.86683079
78.84599217
78.82791217
78.80822424
78.79048295
78.76829013
78.75090383
78.72998627
78.71200636
78.69159021
78.6742091
78.6545385
78.6343629
78.61362692
78.59555455
78.57516538
78.55821854
78.53805571
78.51986166
78.49804774
78.48003334
78.462406
78.44557074
78.42219506
78.40406661
78.38327535
78.36495957
78.34427647
78.32629636
78.30582062
78.2881641
78.26737406
78.2503501
78.2342418
78.21770211
78.19621264
78.17952565
78.15645319
78.1352108
78.11406411
78.09794502
78.07913144
78.05824168
78.03812131
78.02176896
77.999698
77.98304676
77.96261427
77.93956454
77.92167764
77.90441906
77.88352762
77.86555974
77.84480337
77.82673114
77.80661366
77.7890873
77.76779048
77.74960512
77.73157024
77.71487018
77.69184636
77.67384812
77.65309025
77.63535766
77.61545876
77.59792361
77.57735106
77.55961772
77.53930443
77.52111762
77.50109164
77.48352548
77.46306011
77.44538679
77.42491643
77.40743638
77.38734758
77.36900233
77.34884905
77.33076735
77.31028596
77.29257942
77.27216048
77.25445134
77.23384132
77.21730243
77.19809172
77.1803356
77.16115676
77.14208421
77.12271603
77.10218533
77.08158042
77.06445109
77.04428868
77.02575576
77.00509078
76.98931897
76.97023929
76.95223753
76.93336347
76.91643136
76.89449641
76.87419803
76.85422399
76.83780718
76.81895231
76.79641148
76.77942678
76.76643411
76.74441913
76.7235019
76.70184515
76.68497582
76.66272685
76.64475906
76.62670674
76.61016861
76.58842272
76.57225896
76.55356647
76.53801746
76.51148509
76.49361622
76.47286936
76.45465578
76.43609245
76.4192271
76.39605083
76.37754852
76.36017632
76.34290667
76.32130776
76.30327888
76.28316501
76.26554027
76.24571887
76.22822906
76.20826045
76.19090971
76.17066533
76.15293738
76.13283874
76.11513963
76.09515493
76.07778822
76.05773197
76.0399498
76.02176016
76.00483949
75.98300999
75.96591249
75.94340476
75.92544329
75.90860225
75.89249169
75.87201894
75.85611754
75.83257678
75.8158781
75.79449943
75.77706915
75.75580939
75.7380276
75.71786335
75.70020721
75.68028161
75.66251568
75.64203474
75.62498052
75.60781934
75.58910179
75.5653825
75.55021284
75.5298666
75.51823437
75.49232113
75.47785885
75.46029563
75.43979064
75.42105645
75.40096212
75.38097605
75.35920407
75.33731598
75.32439205
75.30432542
75.28688748
75.26713028
75.24974257
75.23016334
75.21282618
75.19213214
75.17458966
75.15444641
75.13689946
75.11706922
75.09951478
75.0822234
75.06620331
75.04239853
75.02473434
75.00560452
74.98853063
74.96770204
74.95011823
74.93266154
74.91639902
74.89486509
74.8782327
74.85567233
74.83819992
74.82097092
74.8055017
74.7810499
74.76315081
74.74435222
74.72966222
74.71153568
74.69186462
74.67257661
74.65497402
74.63732709
74.61854966
74.59804607
74.58104365
74.56145007
74.54411261
74.51913007
74.5042434
74.48534682
74.46745999
74.44642571
74.42753059
74.41189646
74.39693697
74.37226916
74.35729231
74.33512894
74.32023495
74.29946092
74.28178945
74.25932499
74.24516938
74.22948116
74.21030536
74.18820733
74.17288721
74.15160847
74.13399718
74.11428083
74.09769073
74.07713754
74.05600287
74.03957392
74.02881717
74.00608178
73.98928524
73.9669688
73.94965909
73.93067739
73.91217029
73.89289829
73.87777034
73.86003119
73.83923687
73.81986858
73.80326146
73.78632117
73.7705086
73.74804387
73.72829969
73.71137477
73.69711448
73.67966285
73.66377746
73.63883082
73.62171895
73.60329418
73.58447364
73.56505734
73.54699278
73.52572872
73.50716087
73.49014599
73.47546638
73.45773555
73.43617512
73.4181869
73.40524709
73.38603318
73.36852518
73.35227175
73.33440779
73.31736103
73.30502378
73.28117543
73.27414591
73.24893996
73.21726856
73.21006407
73.20412335
73.2048003
73.11736662
73.12178743
73.10173428
73.10430219
73.02009981
73.04763859
73.02697829