% Model:              CMSL_AJB_O2_20210227_AdptLKR.mph
% Version:            COMSOL 5.5.0.359
% Date:               Feb 28 2021, 00:42
% Dimension:          1
% Nodes:              1208
% Expressions:        1
% Description:        Line graph
% cln1x                   Height
0                         95
0.07644537880878488       95.00000038882541
0.8127602615697924        95.00000407411937
1.5333611862234306        95.00000238162974
1.691313091440577         95.00000179099692
1.8429681349171005        94.99999849255634
2.5419370262270036        94.99998222233577
3.2174618005118987        94.99997732530377
3.274558342129012         94.99997224610192
3.404895743775228         94.99996820854662
3.955876995275162         94.99992194041893
4.140306653069729         94.99991750199948
4.689754130582742         94.99981431888214
4.9906938820326445        94.99965245571755
5.457047219396202         94.99950945418065
5.655585384957362         94.99932906242425
6.129825952080182         94.99882003846655
6.526795916652645         94.99850044175362
7.013540003992716         94.99799236070339
7.396171616410868         94.99715636015266
7.98464101751739          94.99616412054466
8.354363779026244         94.99559232670994
9.000420925930882         94.99390682809052
9.443002490288109         94.99270240038956
9.998298162578806         94.99100076018485
10.467453214465024        94.98931793235792
10.997184887368007        94.98771872644103
11.423543391872272        94.98589847237655
11.99901420936078         94.98275199874429
12.474907543775771        94.98020016871008
12.9889728045693          94.97710503457554
13.468372678326318        94.97410237612247
14.0151494739913          94.97109732825865
14.464274135202345        94.9678317522044
15.011120710228454        94.96381211945327
15.462006218028478        94.96013731504401
15.996249183457735        94.954681739704
16.45760037942813         94.94994841481787
16.991022358406894        94.94535841440103
17.387868124577608        94.93993161394354
17.97390812048758         94.93239925745948
18.459738787339063        94.92813269281889
19.015126087754936        94.92249841325055
19.456953417825503        94.91672411381714
19.99122301803868         94.9085776399751
20.457522880578153        94.90178683330257
20.991816970559114        94.89425720043334
21.456958540726703        94.88718690318007
21.992082734458506        94.87896806155653
22.465177304545932        94.87136021198484
22.99468565551541         94.86237891005297
23.45601706578134         94.85345725314873
23.991781244174263        94.84369203601774
24.45108715582711         94.83480201505795
24.987735683116284        94.82382259831964
25.45481915394157         94.81467784162818
25.989499946149294        94.80379978148673
26.454353436130077        94.79430451871325
26.987305351910095        94.78315106936388
27.455936879918227        94.77246286584786
27.98371566160165         94.76087049833471
28.460673446828764        94.75114734456044
28.986459129118657        94.7397228442635
29.434175488268124        94.72829088939783
29.98234061628682         94.7135563463295
30.45698550812233         94.70169754384439
30.98872887234228         94.6881924908957
31.466293792747194        94.67568356979075
31.985726064324012        94.66212965137237
32.460581488074354        94.64901335429086
32.98845594957436         94.63498103659478
33.499963982363624        94.62490944891846
33.98755619883059         94.61225143959818
34.4508611474314          94.59762025148933
34.97375599796976         94.58331001067636
35.433523469263946        94.56740106131612
36.030909973715666        94.55102599328833
36.49141286615696         94.54023333385781
37.01697752822918         94.52202563766475
37.48871948917213         94.50517951955952
37.99714710422535         94.48964297423922
38.46562238389396         94.4752340633446
38.995657682003184        94.45932942408764
39.4594829601063          94.4463748154314
39.97535304896587         94.43059863771022
40.447898666307765        94.4154342623515
40.94794976231981         94.39551167168361
41.45269734102067         94.3768436840989
41.98986735275395         94.36302948479228
42.450082874653674        94.34814470774708
42.9890934352357          94.32838681221757
43.45798373806025         94.31337891883383
44.014493317146815        94.29806741457129
44.41013465787515         94.27777532264179
45.039189791509386        94.2552717526471
45.419577315822835        94.24725277006114
45.9517836630215          94.22715126503462
46.430818837314405        94.21154378816749
46.98057737818172         94.1930176163248
47.43891133224773         94.1767548214806
47.98868472333177         94.15360271603917
48.483664945387005        94.13862224540358
48.96861828489892         94.12464265212193
49.44980538344299         94.10495271043422
49.99164740172577         94.08631011647913
50.44263051062799         94.0702329179584
50.993197390963616        94.04857742365418
51.45691129547126         94.03162013198684
51.991035510655394        94.0116592947017
52.45760323359596         93.99447879143128
52.99103794092318         93.97494334363347
53.46998176026338         93.95893509315272
53.98965312332709         93.94023284526862
54.46449569876623         93.92181759375232
54.98873717373891         93.90229235925554
55.46071529750509         93.88433805891661
55.97994557701398         93.8646350832242
56.5014107003019          93.84950647300997
56.98917752660276         93.83156604829898
57.45927018372345         93.8110742800822
57.96441676910541         93.7916505659031
58.45811119115052         93.77121773235034
58.97699945457083         93.75115735693555
59.461074000348844        93.73156274597459
59.98269371781589         93.71141494345788
60.52304041236175         93.69741727807522
60.99924531228811         93.67963703684057
61.459346302326026        93.65703153564084
61.96819794805447         93.63718923122232
62.47341238404846         93.61762781416144
62.98622994912057         93.59769713618336
63.457682705356206        93.57690831607512
63.99105189502359         93.55526529516153
64.45768715615668         93.5369991699353
65.00329127792327         93.51553149886134
65.45890950807319         93.49753763106769
66.04322665172725         93.47936564031218
66.46288717513107         93.463317683947
66.99105464832667         93.43668363427027
67.45631318986682         93.41899862401084
67.98378545437663         93.39787541548381
68.44829493470456         93.37559824969614
68.99859810087469         93.35891808018862
69.42946540451305         93.3458176758933
69.99352637339246         93.3219240533994
70.42626308437178         93.3032372359625
70.99151590523553         93.27769568640379
71.45771301639945         93.25869180427593
71.97241865834104         93.23549554822621
72.42126092465628         93.211467761504
73.02958623085601         93.1928282102801
73.44704349161344         93.18023008080394
73.9993910656134          93.15729594665837
74.42935210695066         93.1400455776389
74.9882889069367          93.11603602846198
75.43677127134242         93.09794397371627
75.98666799450729         93.0755800024326
76.42782936332429         93.05761250137361
77.02135639867714         93.03457039241849
77.46056789808563         93.01603178933784
78.02338308213194         92.99301545971232
78.46075874005152         92.97514728082308
78.99498492127509         92.9568663903695
79.39112415035277         92.94142482362352
79.99273073616695         92.91040038519368
80.45086680501265         92.89110276840844
81.02224203457922         92.87089626906254
81.46065278567045         92.85282826272362
82.02085216524421         92.82944264528359
82.46052223059792         92.81151709321414
82.99366190831842         92.7934624881476
83.39156668705658         92.77785450808645
83.99137135937207         92.74799902226636
84.44276629072874         92.72890218590061
84.99105836031458         92.70438547965412
85.46060442619762         92.68651019692503
86.00955454147282         92.66777262728516
86.45267276390007         92.64730935419198
87.03934353718859         92.62638426121897
87.44926522137337         92.60938441184375
87.97237324519335         92.57624715801168
88.54438952961164         92.56195119933517
89.0270039971989          92.54897741220886
89.43604602990285         92.51929603308353
90.05287370054725         92.4964006673268
90.44075791480816         92.48522140397478
90.98361585740713         92.4561255041314
91.45561317221859         92.43951767679043
91.9615635584542          92.41994844295454
92.43944086785154         92.39893515829971
92.97457731108403         92.37511285393835
93.45204878335767         92.35634245370127
93.98494554759816         92.33792687900987
94.43810425388483         92.31440682475096
94.97841903163771         92.29302313913111
95.39639384410799         92.27845897417819
95.99400128187733         92.24988116614608
96.44287873649739         92.22990015543
97.02248489452461         92.2078745308318
97.4233900579751          92.18761042972585
98.05526000890058         92.16308919687786
98.46066129239352         92.14734328993457
99.01587840049876         92.12075746505244
99.43062801729718         92.10754588348266
99.98622496287459         92.08434444103725
100.42366595032638        92.0659148643281
101.02421174210622        92.04221934884025
101.46084539255543        92.02378740064142
102.02330385825758        92.00015097843492
102.46075987428901        91.98160574043061
102.99485024070498        91.96281505753662
103.3934355389132         91.94685578402112
103.99273229019082        91.91555772180287
104.45087309134544        91.89620189693943
105.02421174116279        91.87589577456437
105.46084539342212        91.85760974672642
106.02330385772586        91.83406759670018
106.46075987478451        91.8163296239786
106.99393287741202        91.79618825304803
107.40918929553163        91.77856292230908
107.99418481503687        91.75013541787227
108.44575184396928        91.7309796367799
109.01961021913735        91.70939126332544
109.45545478936049        91.69119468936431
110.02161344345745        91.66774371220772
110.4621978411709         91.64928793779909
110.99139295335698        91.62563374119038
111.43340506813934        91.60747908856285
111.99138826141376        91.5842971258145
112.43374698520773        91.56577527131104
112.99217091170277        91.54304076649699
113.43013755660166        91.52490405358739
113.99105925744198        91.49826751165422
114.45772257328576        91.47841164287772
114.98838571323938        91.4592175596273
115.42840765913456        91.4409748938696
116.00746049229139        91.41653270944747
116.45185533674328        91.3979452971053
116.99726481429946        91.37334109953888
117.45598356572953        91.35407622412691
118.01019579787373        91.33233578471372
118.46057008740331        91.3132610484905
119.01227208302055        91.29141595230041
119.47612937348174        91.27446856895135
119.98891412817238        91.25044381844775
120.49045264078632        91.2312870254345
120.98912886755318        91.21051224147934
121.48652322026771        91.18847782103914
121.99489805281843        91.16742871803274
122.45772257328571        91.14491602797112
122.99105925744135        91.12288683323467
123.45772257328565        91.10354676324637
124.00748512454527        91.08105793188503
124.47607161348935        91.06171101110365
125.00567693365804        91.04082188866238
125.45998221559773        91.02185440114171
125.9910592574413         90.99781260646257
126.45772257328565        90.97833051728719
126.9910592574413         90.95614002799417
127.45772257328565        90.93655134116489
127.99030536194857        90.91607898095124
128.44570676630042        90.8973258990685
129.00359566118823        90.87430557835256
129.4534121257425         90.85567099376236
129.99105925744124        90.83101515626967
130.45772257328548        90.81178137418348
130.99105925744118        90.78980408727877
131.45772257328542        90.77037073873474
131.99039214618801        90.74991808852344
132.447089958908          90.73111590372822
133.00419098270714        90.70851482744396
133.45320743369268        90.6897944683298
133.99105925744118        90.66502254437545
134.45772257328537        90.64507531549398
134.99105925744112        90.62291191852923
135.46522164713684        90.603892698399
135.99073749441231        90.58380578407781
136.47410927773865        90.56634641819673
137.003622882777          90.54456304101392
137.46154853982273        90.52246729218788
137.9918567732954         90.4981616153088
138.4929752989221         90.4813516961099
138.99473745423546        90.46090486764602
139.4538146761625         90.44050837469952
139.95386387732805        90.4192622806174
140.46656081234835        90.39630380273594
141.003001476465          90.37801225647408
141.46185398637033        90.35769563505164
141.99105925744084        90.3317550553298
142.433384920952          90.30985379130449
142.98390762666043        90.2902885220143
143.42077785782863        90.27584263907276
143.98618879583415        90.24988927134937
144.44013027163578        90.22815757234618
145.0074783973099         90.20420647549219
145.46396865669317        90.18373430770467
146.0481212198714         90.16110728684437
146.47718696501317        90.14835052813213
146.98998992116333        90.12441338193307
147.47711543361504        90.10542392457519
147.98568980092773        90.08659419464875
148.44719763956607        90.06469066155847
149.00338368812606        90.04202141414258
149.45348500938383        90.02268688227083
149.9910592574406         89.99795968721033
150.45772257328497        89.97827345898247
150.99105925744055        89.9561385943107
151.45772257328497        89.93714789823129
151.9903054387746         89.91692403803077
152.44341216667215        89.90007371586532
152.97399827626413        89.87549324225789
153.4517395999476         89.84888891853115
154.07351456049605        89.82972482459097
154.46654445683254        89.81753955405772
154.98833881835577        89.78826244853614
155.46544857437812        89.77031314588685
155.96456428769648        89.7544036244913
156.43842820470445        89.73481052892868
156.99171105567615        89.71188768493063
157.45464434529367        89.69347805457342
158.00808025352183        89.67107115240054
158.46393085365105        89.65012181198138
158.98120587921227        89.62987468953403
159.40950158234313        89.61166888015222
159.9953750601752         89.5836037489718
160.4564808099567         89.5643860962647
161.00554060410195        89.54263733407967
161.45669490125243        89.5241042218942
161.99105925744027        89.4999092907533
162.45399018518253        89.48250020898152
162.9712311137667         89.46178717806735
163.44379740666716        89.43758809387074
163.9938815939754         89.41622525775195
164.4474124167793         89.40025332580763
164.99105925744027        89.37579755245315
165.4577225732845         89.35651475471498
165.99105925744016        89.33462245550274
166.4577225732845         89.31467722810774
166.99105925744016        89.29265224647638
167.45772257328446        89.273378286784
167.99771248721186        89.25100100875403
168.46717196567005        89.23189936032868
169.00887885421923        89.21159150706885
169.46106783299285        89.19336444021741
169.99105925744004        89.16939818104169
170.45772257328434        89.1501868470336
170.99105925744004        89.1288575027609
171.4577225732843         89.10954415572688
171.99105925743999        89.08742308188161
172.4577225732843         89.06801613617137
172.99105925744004        89.04578275788678
173.45772257328417        89.02640173138191
174.03122583178572        89.00762381780315
174.4607388097162         88.99052200669507
174.9910592574402         88.96343518415046
175.45772257328395        88.94363407521936
175.99105925744067        88.92206469127682
176.47448715894006        88.90410365757192
176.98860683610928        88.88403840364072
177.44593867996826        88.86291641983775
177.9888905438661         88.84101220316187
178.4453295897589         88.82278558669613
178.99105925744556        88.79855390151444
179.4577225732869         88.77909537433115
179.99105925744846        88.75664979768244
180.45772257328952        88.73718068602922
180.99105925745158        88.71567472915744
181.45772257329259        88.69641121373365
181.99105925745414        88.67434208951344
182.45772257329554        88.65503542490084
182.99105925745573        88.63297141644192
183.46302576151322        88.61578485157575
183.9764598930695         88.59525160948158
184.4750327674921         88.57491420078526
184.98961512787236        88.5534684853345
185.4651441120498         88.53471827112679
185.9984698620296         88.51670656672502
186.4631048655463         88.49466086780714
186.9917973327489         88.47147848293123
187.43600850353096        88.45382697055418
187.99105925745567        88.42791155356751
188.45772257329946        88.40852017855123
189.00838984652927        88.38893113878943
189.45227993333896        88.37099477468728
189.99105925745545        88.34565966585899
190.4577225732993         88.32605716268677
191.0115867829914         88.30615291890128
191.46180899975622        88.28764479466342
191.99105925745533        88.26317358816391
192.45772257329912        88.24418337621758
192.99105925745528        88.22186635973814
193.44700099454377        88.20615834617877
193.94364894125948        88.1863225174913
194.47100401505998        88.16330402172632
194.98968217794413        88.14434491335686
195.44115139780592        88.12347439428915
195.99207127962995        88.10043321710819
196.43781283168147        88.08257633106258
196.99105925745488        88.05719041727511
197.45772257329878        88.037690170835
197.99446407745103        88.01774639202928
198.44731104626146        88.00069612119313
198.9859779688257         87.97755961045246
199.4666256207592         87.96011803913716
199.9700837088966         87.93909289972906
200.47902008678284        87.9182122079715
200.97605275799407        87.89356006193707
201.4895841536494         87.86739703348638
201.99105925745448        87.85196740463384
202.45867568399456        87.83542044803393
202.95700099290866        87.81095189451554
203.46417292875935        87.79071368089991
203.96624947013623        87.7751692839253
204.4516156497309         87.75477030150857
205.00794527596656        87.73212090274265
205.46200164815673        87.7110336684927
206.01248896032837        87.68945665185298
206.45626590927992        87.67175630693102
206.99060430399345        87.64893010057968
207.43406960082638        87.6311928731063
207.9910592574539         87.60573535760848
208.447892207201          87.59005611570294
208.9438795819492         87.57066837085421
209.45772257329764        87.5458644959696
209.9910592574538         87.52393093342246
210.45772257329753        87.50541756911208
210.99105925745368        87.4836429903852
211.45772257329747        87.4649614481518
211.99105925745368        87.44428945552404
212.45772257329742        87.42620042946598
212.9632528388849         87.40014370254197
213.46088137311563        87.38030560959089
213.99105925745351        87.36306571128351
214.42231066866992        87.33886040676813
214.9909850166482         87.31076643698123
215.51155582076774        87.29622195845413
215.99265942463416        87.27984159596168
216.4577225732972         87.25853080333336
216.9865679625787         87.24025482793276
217.41935107964173        87.22386884411215
217.99046857204758        87.1971758452519
218.45079875281192        87.17912682124314
218.9777774542353         87.15905753045276
219.44265340149815        87.13904044456413
219.991059257453          87.11448641577837
220.45772257329685        87.09528493673675
221.01496010875155        87.07567354376754
221.45505326387877        87.05712686456744
222.03345849573827        87.03583315185016
222.46276088654417        87.01884160584247
222.99105925745272        86.99224749067366
223.45772257329656        86.97312667305019
223.99105925745266        86.95161354913027
224.45772257329645        86.93270259715601
224.99105925745255        86.91091033652842
225.4577225732964         86.89214854106905
225.9910592574525         86.8694977031887
226.45772257329634        86.85002428674471
227.02336440600004        86.83148946704752
227.4546591042003         86.8142594791662
228.02251197131994        86.79181863078516
228.4547399398383         86.77470154247064
228.9910592574522         86.74838143153293
229.45772257329605        86.72902499850497
229.99105925745215        86.70762129343693
230.45772257329594        86.68830873047916
230.99105925745204        86.66640498642775
231.45772257329588        86.64788985855529
231.99105925745198        86.62652157913284
232.4577225732957         86.60755681532845
232.99105925745192        86.58607526397657
233.45772257329565        86.56712442422888
233.9910592574518         86.5453637839367
234.4577225732956         86.52600134709553
234.9974074555343         86.50691410942133
235.43766135995128        86.4888753050231
236.01199700805358        86.46471688684353
236.4592353722133         86.44629724683264
237.00929284268585        86.42412302303588
237.47202384467852        86.40784973077011
237.9939420934283         86.38417528548105
238.45436517661375        86.36532627733531
238.9651077283189         86.34507494061516
239.45772257329526        86.32259301800138
239.99105925745135        86.30081865650206
240.45772257329514        86.28220199707273
240.99294687599627        86.2636662959461
241.4324283799067         86.24619601703601
241.99262298011558        86.217712450393
242.4747744573756         86.2004118422313
242.98836463649786        86.18453267286054
243.47438469276665        86.16509078742864
243.98165764849432        86.14223733791135
244.46182300211086        86.12168733929816
244.97630314021956        86.10101717207516
245.4692694250262         86.08130789876195
245.99224363718412        86.06035160522362
246.4577225732947         86.03907093680101
246.9910592574508         86.01705884336222
247.46180157999743        85.99849355668867
247.9913594618289         85.97660708015547
248.45570697095985        85.95817400698282
248.97298907946043        85.93984788232221
249.42430534973084        85.92063254131956
249.9946918769271         85.89699759649577
250.44387092555377        85.88105680397364
250.9786997520049         85.8569309431427
251.45519099118206        85.83516732480645
252.0145895053069         85.81562396931419
252.4392189753837         85.79761488217277
253.0304734451194         85.77673113269613
253.43750032824164        85.76040866880608
253.98105226352862        85.73634678209126
254.3892581371278         85.72132580590753
255.0208399425647         85.694087215605
255.45984561686288        85.67601212038099
256.01426794908036        85.65490541791947
256.4468072729809         85.6376281216136
256.99105925744993        85.6115749374962
257.4577225732937         85.59290355545218
257.9910592574498         85.57163945550597
258.45772257329367        85.55244199168827
258.99105925744976        85.53136540090648
259.4585808880951         85.51469469274595
259.9714129590841         85.49413180090242
260.45857231981216        85.4744504355062
260.9716090818108         85.45423964099028
261.4575577015956         85.43208024986457
261.9826835761355         85.41069507476143
262.4908140280381         85.39363165540854
262.99644904316625        85.37311413093705
263.45772257329327        85.35046066189679
263.99979064141326        85.3314461507195
264.43412043941134        85.31470755576645
265.0240396718987         85.29154247483078
265.454575855097          85.27387441485041
266.0198130263592         85.25149490147835
266.44574995121263        85.23574621229228
266.97913889320245        85.20991589503846
267.4612459913644         85.19314123661277
267.95689404330346        85.17366872832099
268.46214912426115        85.1487880286749
268.9920472986279         85.12746735559114
269.47794933283456        85.10996500786602
269.9934642826674         85.08891974917722
270.4739816458317         85.07036353064657
270.9859611045398         85.05017818021722
271.46928539052755        85.02993001631081
271.98770219302406        85.00927645499398
272.46720541803217        84.98989787745248
272.98830607714024        84.96880082801214
273.46460430096806        84.94866529648449
273.98937596095834        84.9301045955351
274.41941806726777        84.91134261378667
274.99075825615466        84.88809900364977
275.4258111724729         84.87179986273127
275.9915306070181         84.84528637921628
276.45772257329224        84.82644543759956
276.9910592574483         84.80532673172004
277.4577225732922         84.78645633481177
277.9910592574482         84.76544824558201
278.4610583858416         84.74801525248174
278.98010666417184        84.72753878587437
279.457722573292          84.7068146377451
279.99105925744806        84.68496033465047
280.4647938937066         84.66637069641583
280.9905504202415         84.64513194352259
281.47253981505463        84.62662353464077
281.99522034247263        84.60787296930087
282.4388457864437         84.58871491069691
282.9977811690259         84.56645979462445
283.44661478442447        84.54873649565674
283.99937025258373        84.5245873855411
284.4763659372411         84.50719280730243
284.9844434674851         84.4874870023216
285.4304424613059         84.46454682681802
286.0493244917489         84.44126662100041
286.44310990957894        84.42823383996485
287.07463431354967        84.40784147871659
287.4650703742021         84.39282208389974
287.9910592574473         84.36306297986847
288.4577225732912         84.34362330199507
288.9910592574473         84.32253954861308
289.4577225732911         84.3039159375685
289.9966710511189         84.28276441125965
290.4581459756832         84.26761289728898
290.95768295384295        84.24759990561309
291.45772257329094        84.22401063421208
292.00869750939194        84.20505720651887
292.4479931365202         84.18641245659275
293.0029759079294         84.16074269793714
293.43529195345303        84.1403266559013
293.9979358145842         84.11722343758558
294.45499909808956        84.1050822368692
294.96463319854547        84.08564877484142
295.4577225732906         84.06271772198401
295.9910592574467         84.04053295119174
296.4848415986596         84.02583088973
296.9792025527129         84.00582326641167
297.4586411147657         83.98119624960768
298.02668634685006        83.96156695420642
298.4608835739945         83.9415809939181
299.0303906282406         83.92469078207515
299.35883617978624        83.91675302184552
299.9842771216024         83.88400381251985
300.4578936986619         83.862318295925
301.0087384945772         83.8427173401116
301.45238161911163        83.82449324951396
301.99105925744624        83.80031593061054
302.45772257329           83.78176516716574
303.0040480719222         83.76207631905768
303.4565260077548         83.74414852248287
303.9979239795891         83.72374471747149
304.44060533042955        83.70636340455525
304.991059257446          83.68192645214965
305.4577225732898         83.6631126043241
305.9910592574459         83.64208087355128
306.4577225732897         83.62414724963875
306.9910592574458         83.60300150843746
307.4408088423372         83.58323688551249
307.9790944593595         83.56203320160925
308.4521856405023         83.5454951151961
308.96699296960446        83.52530697192637
309.47071683735925        83.5055819997926
309.98484663986574        83.48505285523139
310.47902221163355        83.46635956172568
310.9868070265863         83.44633036513414
311.46993506811333        83.42591858660874
311.9865458035148         83.40542473909468
312.4692323356454         83.38620734167553
312.9868055170839         83.3655399292155
313.4577225732892         83.3448219262499
313.9910592574453         83.32328312051705
314.45772257328906        83.30485357037817
314.9910592574453         83.28367301910055
315.45772257328895        83.26514393942077
315.99105925744516        83.24398298683941
316.45772257328895        83.22561372947212
316.99105925744504        83.20397608998309
317.45772257328883        83.18547608013682
318.0009116562678         83.1653364133874
318.4588644918367         83.14728546185917
319.00449973144976        83.12328531547
319.4766655013185         83.1040596137664
320.0079042678617         83.08636795898924
320.45084971710116        83.06913340143629
320.99223324379284        83.0466708112902
321.44077913579906        83.02875571170779
322.00331080666535        83.0063850057121
322.4672152142314         82.99028527299389
323.00690887768485        82.96954330778809
323.46007892098453        82.94936550088191
323.9959541102045         82.92698937117807
324.4571360174866         82.90967849440794
324.9803575170125         82.88488915804317
325.482501646512          82.86491335627699
325.9814232662693         82.84557910225035
326.47157611034595        82.82372949366027
326.999995050042          82.80565538458576
327.45912571218037        82.7880432220618
327.99105925744414        82.76582952744756
328.4577225732879         82.74777766005921
328.99105925744414        82.72688466382792
329.4577225732879         82.7081352006767
329.9910592574439         82.68584080288925
330.4577225732878         82.6670010997702
331.05333850886484        82.65174354033577
331.4573060403469         82.6366596452845
331.9870181967533         82.6109819834414
332.4198834826253         82.5935925087378
333.0311769609357         82.57211287737861
333.45198950045767        82.5551735300601
333.99105925744357        82.52827126857913
334.4723372471417         82.51070315994455
335.0055770635339         82.48928770568804
335.48446140085673        82.4688628592875
335.9913263919607         82.44885982184448
336.45772257328724        82.42928275415981
336.98778661102426        82.41107084190301
337.4234049714215         82.39413778872321
338.0096142068319         82.37062091874083
338.45207146280075        82.35337136621219
338.99105925744334        82.32914152986261
339.4596408488402         82.31319613507684
339.96929497301653        82.29430913166102
340.46133390753585        82.27422386230617
340.95223093950926        82.2501875446406
341.47959471655577        82.22776435387401
341.9946787733917         82.20889557881974
342.5083359866695         82.18949628797552
342.99702217867457        82.1751356668726
343.4485840732167         82.15853289410786
343.96655951802074        82.13624192631963
344.46533037658287        82.11676850176697
344.9633002821947         82.09942780867678
345.41366165772183        82.07565043999091
345.9845343403092         82.05148009960804
346.4334669288729         82.0373379601266
347.00908091343683        82.01571560901867
347.4497909496889         81.99776445331648
347.9942221912702         81.97097852439853
348.4764824758065         81.95163631799258
349.0118031666832         81.93544374144209
349.4554819918566         81.91815375236443
349.99105925744254        81.89425714732268
350.45772257328633        81.8756160557017
350.9853641050586         81.85729945843141
351.4235578115067         81.84013238677588
351.99105925744243        81.81509844025152
352.4577225732862         81.79661493190955
352.99043790015673        81.77724562084552
353.4387778602012         81.75997815964632
353.9910592574423         81.73666427644999
354.457722573286          81.71844326739745
354.9880207349303         81.69605712919771
355.45547532505464        81.67821333183879
355.9771236623783         81.66112291016275
356.4338411566307         81.6440773019395
356.9748366531687         81.62371811075154
357.4299511681928         81.60393097218028
357.99105925744186        81.578496300139
358.45772257328554        81.55995257010095
358.9763357280294         81.53809850944215
359.4598342149309         81.5204148257904
359.99153452517555        81.50037331245701
360.4577225732854         81.47978128932776
360.99105925744163        81.45868600891443
361.4949515279427         81.44381761565657
361.99385611164075        81.42467470945596
362.4582392226023         81.40340313287983
362.9746451544254         81.38375273036182
363.4690464427531         81.36468586073805
363.98829201850674        81.34419497558636
364.4577225732851         81.32375873825607
364.9910592574413         81.30258349546112
365.4577225732851         81.28436839058881
365.9910592574412         81.26316390926253
366.45772257328497        81.24508632852326
366.99105925744107        81.22414219626617
367.45772257328485        81.20559153379462
367.9888616641156         81.18640977194484
368.43223795045344        81.16956423625116
369.0159065640655         81.14790700677105
369.4551975251758         81.13064534580225
369.99502927809556        81.10652469709714
370.45626504833535        81.08812713097706
370.9964539798316         81.06898802004106
371.43391700985137        81.05205942769464
372.01744828586163        81.02975841338397
372.4766193873602         81.01461668909012
372.9922011700578         80.99249877575112
373.4431211701974         80.9706753896264
373.99987295483663        80.95033084279277
374.45463222134515        80.93262609342038
375.00470639668674        80.91183854079638
375.43260538587003        80.89601910173758
375.9920638680485         80.8724652474806
376.4447363033495         80.85524691912156
376.99138746544315        80.83196619724067
377.45772257328406        80.81265525129376
377.99105925744027        80.79182776839264
378.45772257328406        80.7733010767534
378.99105925744016        80.75225323720488
379.45772257328395        80.73414314874356
379.9935554320575         80.71585814246191
380.4350863636929         80.69859363981404
380.9928203511531         80.67683132409789
381.4290748150669         80.65955127411225
382.0167845895862         80.63788251794219
382.44533098677573        80.62143125438995
382.9910592574398         80.59539862300265
383.4577225732835         80.57667544441527
383.99696692987675        80.55805118303358
384.43765111043706        80.54087570813563
385.02544920580226        80.51904539467047
385.46102171364873        80.50210120991194
386.01773089666995        80.48145858858419
386.4462144373746         80.46522709157456
386.9910592574395         80.439197709037
387.45772257328326        80.42072190646587
387.9910592574395         80.4005988951225
388.45772257328326        80.38297379829471
388.99105925743936        80.36251444095967
389.43974678311645        80.34080738070885
390.01005075167086        80.31993979942729
390.45305276523413        80.30777346541556
390.95840610166886        80.28288860785972
391.48230994664755        80.26203927059227
391.96792328608706        80.24698808170382
392.484753473889          80.22888281231396
392.9784838838407         80.21033208394329
393.48122303584137        80.19067413203382
393.98012632180667        80.17082222535252
394.45120253292134        80.15077681681582
394.9517344793104         80.13102972906769
395.4577225732827         80.10842727521101
395.9856969630432         80.09028880716309
396.431104183602          80.0735598042176
396.98650438586776        80.04724821616233
397.45954995870056        80.02849721912455
398.0210422293195         80.01106339548483
398.4608475887601         79.99338467775671
398.99659286597546        79.96919718095845
399.47282285220774        79.9533119115318
399.99342745566696        79.93411942326946
400.45542570115026        79.91404035598461
400.99158663769606        79.89251851689416
401.45772257328224        79.87453467762373
401.99105925743834        79.85396149722155
402.4577225732821         79.83585748688836
402.99105925743834        79.81380991388158
403.457722573282          79.79546628177016
404.0209709349833         79.77682616158735
404.4568632700325         79.75838001846707
405.06223071113163        79.73838936587595
405.4561259021058         79.72531700490586
405.9910592574379         79.69844935506451
406.45772257328167        79.67968714665722
406.9910592574379         79.65942926093928
407.45772257328167        79.64118722820093
407.9910592574379         79.6205404755755
408.45772257328156        79.60262330629732
408.99105925743777        79.58188777421257
409.45772257328156        79.56324918767068
409.99105925743777        79.54239246549774
410.45772257328144        79.52367057933951
410.99105925743766        79.50291777576263
411.494990641952          79.48776655585114
411.994046187762          79.46905077492767
412.4764221009774         79.44971688118744
412.9840888523345         79.43032595165118
413.4552285117287         79.4085098928205
413.9890955308707         79.38752167739761
414.45772257328144        79.36989842268001
414.9910592574372         79.34983507571943
415.4512035323081         79.33421187762178
415.95738008429487        79.31221657832938
416.48911318952116        79.29134239725668
416.9559897582109         79.27071660443488
417.43319929391964        79.2474827644523
417.9783523656099         79.23112582210905
418.44182908607877        79.21460812011131
418.98668918309295        79.1961360630806
419.4078077431692         79.18017549264462
420.01491353441713        79.15571963963495
420.44112385142716        79.1360625050052
421.03763277655275        79.11287213208624
421.434004901776          79.09862298338234
421.99618762903765        79.07368127340224
422.4577225732935         79.0589935418453
422.98797036034057        79.03253871986571
423.4986856615151         79.01281938018835
423.99120145630366        78.99841907563915
424.43106287470687        78.97861491103274
424.97216214586194        78.95969549323216
425.4499756834417         78.94061067112557
426.00051121723914        78.91975460040425
426.4588213605523         78.90343869501243
426.9721343995059         78.8809847696475
427.4605332436655         78.86444082382731
427.97963269519823        78.84532794405483
428.43195022803377        78.8252312022222
428.983750907992          78.80419211194534
429.4408724664461         78.78374389917977
429.9952584579994         78.76113189204682
430.46494785813206        78.74678949751805
430.9915957280506         78.72632851369931
431.4579158931439         78.70781168227056
431.9829480678993         78.69205587549963
432.40704806437475        78.67562206369858
432.9883850539354         78.65132690442906
433.4266347020923         78.63431766706174
434.0103865582016         78.6121974246688
434.4572261648053         78.59598255623244
434.9905767433388         78.57264513709573
435.458702733634          78.55420105537273
435.9859972493299         78.53360929569482
436.45078245306934        78.51735891378686
436.97630133460177        78.50017841759156
437.4615946974051         78.47905789944188
437.99105925744993        78.45616420744912
438.4577225732934         78.43839214968614
438.99105925744993        78.4181008452779
439.4577225732934         78.40019351696758
439.99105925744993        78.37967722627904
440.45772257329327        78.36177403047213
440.9910592574498         78.34138043186955
441.45772257329327        78.32406959776702
441.9931477094408         78.30255611909114
442.46557166363425        78.28568396262693
442.9713073530504         78.26654648413614
443.48021739393596        78.24760416224198
444.01196163234715        78.22960293418075
444.46295071686336        78.21007118946373
444.9901830886389         78.18751459318325
445.4583522396928         78.17074937820158
445.97873801601054        78.15123831968828
446.45772257329304        78.131869569933
446.9910592574497         78.11108600351149
447.4440071966976         78.09305412540293
447.9958703380822         78.07341752998934
448.4395379118132         78.05572343491937
448.97491747029983        78.0335900114432
449.4560161927013         78.01624942960663
449.99541194157837        77.99538760657063
450.4676477385498         77.97745554961108
450.9919838360721         77.9570939793366
451.4762819686416         77.93975880206605
451.9929359850029         77.92014076632707
452.4577225732928         77.90002021979767
452.9910592574495         77.87933984210882
453.4577225732928         77.86131612595536
453.99105925744936        77.8409816196017
454.4577225732928         77.82407984118915
454.99105925744936        77.80397119425034
455.4577225732928         77.78582634413966
455.9705545001889         77.76407235092115
456.44152705683746        77.74610684181403
457.0172127602103         77.72852527827345
457.4612337644886         77.71173541090845
457.99105925744925        77.68842449123787
458.4577225732926         77.67034543500475
458.99105925744925        77.64961101715578
459.4577225732926         77.6313454141515
459.99105925744914        77.61071891408461
460.4577225732926         77.59278802280288
460.99105925744914        77.57236839782743
461.4577225732926         77.55476015550916
461.991059257449          77.53402755103242
462.45498487885175        77.5170503078643
462.98531758692366        77.50098428846505
463.4471077381529         77.48448964353867
463.9958965077352         77.46305950263807
464.4506931626938         77.44641805318894
464.9846106508503         77.42341064068191
465.4591747517733         77.40222837168615
465.9908082409962         77.38114080436252
466.45763768756535        77.36506572890289
466.97061977168664        77.34630414523282
467.4529163667679         77.32547377025249
467.9892242457008         77.30540906989756
468.45308229799593        77.28910161435725
468.99249897338746        77.26709311645884
469.48311749895356        77.25048740445577
469.98487496756013        77.23011278262717
470.4740958001712         77.20712984101829
470.9910592574487         77.1892922027189
471.457722573292          77.17208194555867
471.9910592574487         77.15124952089577
472.457722573292          77.13333241962386
472.99105925744857        77.11263482887182
473.457722573292          77.09461387064732
473.99105925744846        77.0745531594889
474.457722573292          77.05707628501253
474.99105925744857        77.03584044642442
475.457722573292          77.01770712269906
476.0123217841858         76.99972203022314
476.45671961248433        76.98306924801214
476.9944201730825         76.9601120820459
477.46263751494007        76.94216526920347
477.99105925744857        76.92146706908154
478.4577225732918         76.9037852005328
478.99687793717953        76.88394307680431
479.45716980558007        76.86645821503379
479.99105925744846        76.84594479828684
480.4577225732918         76.82826246718554
480.99105925744834        76.80800764547479
481.4577225732919         76.78987355737966
481.99105925744834        76.76990517457439
482.4577225732918         76.75238965141507
482.99105925744834        76.73198355305173
483.4577225732918         76.71436135553482
483.99105925744834        76.69395044790255
484.4577225732917         76.67652100939503
484.99105925744834        76.6564905061046
485.4577225732917         76.63819900140686
485.9910592574482         76.61810430861786
486.4577225732917         76.60007555903472
486.9910592574482         76.57965403563013
487.4577225732917         76.56199922846538
487.9910592574482         76.54164011372404
488.4577225732917         76.523982768047
488.9910592574482         76.50343346340652
489.46144892169104        76.48694249108733
489.9780721937566         76.46778819838116
490.4876783722236         76.45008370153442
490.9942777863696         76.43096143020212
491.4823244265332         76.41194548163543
491.9937025445246         76.39263448005758
492.45772257329145        76.37216580266156
492.991059257448          76.3516219172822
493.45772257329145        76.33454310530848
493.9910592574479         76.3144404402963
494.45772257329145        76.29596296792539
494.9987126098729         76.2753595799105
495.48126206609527        76.25963374170527
496.00308000833616        76.24061074949101
496.47824939247255        76.2226627309852
497.0083874643361         76.20384455301348
497.45873403029816        76.18696279530614
497.9716619153571         76.16509465051791
498.4607039710685         76.14485782949819
498.9814094217264         76.12494399324174
499.4667573387568         76.10857572642368
499.9681441425232         76.08977768095176
500.4577225732912         76.06730680442926
501.00078831845565        76.0503712451887
501.45239774033007        76.0374159961797
502.00763660773055        76.01546806923348
502.46134217384963        75.99461574695106
503.01144574127807        75.97302479895858
503.4609830196056         75.95620656599118
503.99105925744766        75.9340261240752
504.4577225732911         75.91611335826063
504.99021170544734        75.89811495013355
505.4312813211973         75.88162714645264
505.99018003405706        75.85994778764123
506.4302932624039         75.84383317554088
507.04416159733           75.82519576045222
507.45405137617115        75.8096940431429
507.99105925744755        75.7832454182966
508.45772257329077        75.76543135066512
508.9969164934639         75.74474846290818
509.4661551879208         75.72659118657211
509.9993867760834         75.70808419168762
510.45829763851543        75.69127032827274
510.9806417274251         75.66816710669532
511.46148106531996        75.64972217291347
511.9902689465622         75.63240251763162
512.4467872645657         75.61518627527096
512.9910592574472         75.5936546639776
513.4577225732907         75.57568190814715
513.9910592574472         75.55563043334661
514.4577225732905         75.53806049935096
514.9910592574472         75.51830054745864
515.4577225732905         75.50086511419642
515.9910592574471         75.48095860175226
516.4577225732905         75.46366182514916
516.9910592574471         75.44348072644829
517.4577225732907         75.4258082420073
517.991059257447          75.40577246723872
518.4577225732908         75.38812886021267
518.9910592574468         75.36820674192262
519.4577225732912         75.35089443593215
519.9910592574462         75.33090121795678
520.4577225732921         75.31317523241744
520.9956348543578         75.29504177710832
521.4437325956216         75.27817438586878
521.99176886079           75.25641410081937
522.4494855150317         75.23937036168658
522.9910592574354         75.21693489364506
523.4577225733119         75.19903067499338
524.0311494115952         75.18224104257621
524.4622917347563         75.1661815341914
524.9925515436234         75.14577352746578
525.4196617199929         75.12992241196575
525.9887840144338         75.1064572542305
526.4426016151193         75.08981138968316
526.9892434113901         75.0685012278835
527.4456965688737         75.05112656059126
527.991059257063          75.02993502877051
528.4577225740385         75.01221012248482
528.9910592567771         74.99211046293267
529.4577225747737         74.9745109003271
529.9910592563687         74.95464911560745
530.457722576392          74.93694033614354
530.9910592559526         74.91652549730954
531.4577225803705         74.89952615561252
531.9984203774009         74.88241886283355
532.4111727582616         74.86376289054067
533.0338876746773         74.840120224375
533.4364504774302         74.82499947449206
534.0701004673995         74.80471722887108
534.4685379573033         74.79312073384807
534.9887058904123         74.76729415411268
535.4540477904868         74.75287709496429
535.9516761181507         74.73537035422488
536.4583759440968         74.7149325823551
536.9676175214072         74.69625893196215
537.4577244228374         74.67623096025423
537.9910598664987         74.65630987235598
538.4196476755858         74.63461134595151
538.9854066497752         74.61279435475329
539.4577285366526         74.59991061116914
539.991060897198          74.57990955911303
540.4577313063279         74.56252860882367
540.9910614719724         74.54283593574839
541.45773406881           74.52550514100885
541.9910620125181         74.50598982842057
542.4577367051224         74.48870940765691
542.9910625427842         74.46808367334663
543.457739312311          74.45059884802818
543.9910630701147         74.43052196040446
544.457741839117          74.41303285363082
544.9910635420827         74.3932679566073
545.4577440573742         74.3757716344904
545.989767116746          74.35853591835776
546.4305201374336         74.34256830730799
546.9910643764684         74.31884347193562
547.4577484054481         74.30123785288755
548.0023922292677         74.28217093068076
548.4599249542327         74.26515360646945
548.9910658955234         74.24439456901428
549.4577563480341         74.22686941204013
549.9919366573951         74.20946948295955
550.4356561807231         74.19326083252237
550.9903303054085         74.17179879053718
551.438851318575          74.15522161323229
551.9961878650195         74.1327373728788
552.456495205387          74.11532353503621
553.0423324488709         74.09815010326791
553.469073818188          74.08273207530884
554.0087399154105         74.05836384990914
554.4795775399766         74.04052479484092
554.9910685328197         74.02178915518223
555.4529513396915         74.00714717492221
555.9582965890979         73.98908120372938
556.4767285144405         73.96947643822264
556.9899068596818         73.95025332002776
557.474603929211          73.93270991753484
557.9851343413543         73.91512173941216
558.4413800050716         73.8964083270251
558.9897334737741         73.87597371219377
559.4390115966843         73.85902893455207
560.0151426835221         73.83950060866725
560.4444382031877         73.82222206590134
561.0034667304111         73.79732561333876
561.4633524678923         73.78248852149207
561.9917328171359         73.76365576147377
562.4578094394791         73.74582980896037
562.9910768523647         73.72486777097808
563.4467217046349         73.70603792091993
564.0453614615795         73.6904540038806
564.4506636167316         73.67554524587395
565.0036333204607         73.6509625602003
565.4257578266034         73.63603633570439
566.0098826621257         73.61394855582857
566.4448772143933         73.59910480560521
567.0121429089144         73.57840168968643
567.4416161670313         73.5607911100238
567.9836508918469         73.53840454306733
568.4756980633715         73.52429596022692
569.0123968663258         73.50865981164014
569.4632119275623         73.4895507039924
570.0055476913071         73.46752892013393
570.4455594101527         73.45226087488624
570.9909476198893         73.43105569664068
571.4545469750566         73.41350504698221
571.9970045256962         73.39385646472485
572.457497945152          73.37732329571311
572.9868486833246         73.35684159784647
573.4501166369712         73.335781592493
574.005266511833          73.31940701607051
574.4064999724906         73.30868547634691
574.9788234787009         73.28602913050004
575.4319620593694         73.26929038135745
575.98494969788           73.24705200584734
576.457795492538          73.2298020000536
576.9835683502274         73.21088590804614
577.4584842524241         73.19244336697143
577.9832401999163         73.17323822312322
578.479364770782          73.15816150198383
578.9788398000652         73.14048363536723
579.4572477627056         73.11976288856721
579.9805126381489         73.10046188206825
580.4500438865483         73.08391232546138
580.9691444885541         73.06702990457563
581.4303123808617         73.05127175259709
581.9765240954404         73.02888639513384
582.4581063196042         73.0092121372504
583.0155245033968         72.99234476944987
583.4670027994371         72.97813342760577
583.9738356593684         72.96074184370677
584.3979218590408         72.94491167172976
584.9760088976125         72.92005392771266
585.4569913065037         72.90300156162564
585.9700095300987         72.88464115962016
586.4564919980884         72.86588684944952
586.983344936607          72.84653857051467
587.4580066666514         72.82853758439946
587.9798510402017         72.80734907093206
588.4718567742776         72.78884674468131
588.9868070622176         72.77189099333663
589.4555148372322         72.75726203331466
589.963476451297          72.73959333055878
590.4573921978158         72.71811042148646
591.0226538964513         72.70018418531585
591.4725609571437         72.68728853284404
591.9837448047282         72.66814261435074
592.4857333386318         72.65069642474745
592.9688109239257         72.63449977380922
593.3987814543907         72.61669978000148
593.8978544789409         72.59971249341191
594.3913505793045         72.58741642117602
594.7513375917949         72.5636571872563
595.044785577671          72.55665094360381
595.5244451849285         72.53153705911936
595.864499952195          72.49998540336851
596.6434387703108         72.49279775163204
596.7031293030346         72.48687950596461
596.7408948606328         72.48755326411622
597.5202287523113         72.40045235581212
598.1918919646375         72.40484615013435
598.3360141741744         72.38487025649226
598.4713862626388         72.38742660016621
599.1240553110965         72.30354950715322
599.7263648476633         72.3309743352335
600                       72.31039246346236
