24.34801646
24.34659761
24.35268545
24.33175768
24.33151702
24.32879804
24.31913634
24.2868796
24.2822808
24.25810654
24.24024651
24.22593543
24.19010952
24.15998924
24.12041986
24.09695472
24.07162065
24.01533288
24.00227803
23.92811968
23.92075295
23.91888388
23.84115915
23.8207958
23.75805173
23.71790177
23.67955103
23.61270482
23.58983543
23.50262348
23.49844012
23.47901102
23.41675196
23.39589347
23.33417689
23.28822275
23.24675564
23.18012522
23.15544601
23.07358258
23.05950863
23.00402773
22.97075181
22.95543496
22.89083553
22.84249322
22.81272357
22.75685277
22.73278202
22.70365744
22.66655496
22.59168675
22.57713453
22.56868726
22.48755842
22.48303544
22.4231042
22.41100971
22.36913722
22.34509862
22.27978955
22.25915701
22.19423923
22.19083875
22.18798592
22.13507728
22.09496693
22.07035412
22.01513742
21.98970038
21.93825531
21.89641092
21.85815647
21.79994867
21.77137219
21.71220795
21.68835899
21.65996307
21.61160381
21.52642967
21.52130461
21.51637358
21.44948956
21.39476489
21.36683489
21.32263271
21.29228406
21.22067481
21.20444288
21.18402619
21.12819273
21.08344927
21.04973462
20.95954083
20.95760697
20.94982855
20.88124681
20.85729475
20.80444838
20.75189669
20.72182342
20.66595193
20.63863763
20.60510582
20.53913204
20.52843363
20.51385747
20.46223314
20.4138551
20.38750632
20.32913704
20.31053191
20.29554368
20.24769001
20.18167258
20.17217704
20.1605306
20.11453161
20.04270506
20.0396779
20.03402114
19.98149109
19.91072913
19.91025679
19.90975543
19.85813411
19.81155486
19.78720764
19.71309982
19.71200837
19.70163893
19.63398291
19.627379
19.61285207
19.55992475
19.50688427
19.49088502
19.46838274
19.42698135
19.378857
19.35734955
19.32040911
19.28464626
19.24600054
19.2080665
19.13894726
19.12407658
19.11146903
19.04322387
19.00033729
18.9653479
18.88476806
18.8783053
18.87293306
18.81256305
18.74506918
18.73202752
18.71341104
18.66717774
18.601035
18.59045155
18.58042087
18.52754436
18.4832986
18.45309579
18.41155916
18.34665982
18.33991142
18.33274209
18.27763993
18.23410255
18.20368711
18.16037524
18.09965163
18.09050974
18.08117015
18.02651378
17.97354035
17.95238251
17.8840898
17.87517093
17.87101124
17.81019897
17.78434997
17.74408508
17.6979707
17.67468087
17.61287634
17.60165785
17.53731318
17.52557139
17.52170937
17.46618311
17.43059379
17.39809457
17.34706161
17.33025325
17.31022921
17.27492798
17.20599096
17.20478947
17.20128901
17.14909182
17.12046653
17.08783623
17.02925004
17.01794931
16.94865111
16.935375
16.93314657
16.92878361
16.86922927
16.80896904
16.79483063
16.77185068
16.7371146
16.70734098
16.68016141
16.6179084
16.61374712
16.55392485
16.53976884
16.53885071
16.53714687
16.48614444
16.4268499
16.42109332
16.4137186
16.36804641
16.32705502
16.30963539
16.28956412
16.26570234
16.23643555
16.21903478
16.18792824
16.15186116
16.10517456
16.07757804
16.02768079
16.01053924
15.99136528
15.95534664
15.90844768
15.89314416
15.86895694
15.83851639
15.79987919
15.78101558
15.758211
15.72881126
15.66974277
15.6691863
15.66874715
15.62862369
15.60790493
15.58381234
15.5655482
15.53245714
15.52731198
15.50829114
15.46821204
15.46440296
15.46332264
15.45959409
15.42703673
15.4074195
15.38310944
15.35426294
15.34520145
15.31265569
15.31189978
15.30883845
15.29689884
15.28797347
15.28279071
15.26466453
15.26455181
15.26387192
15.26628
15.25676605
15.25735555