45.76696533
45.76536925
45.77075961
45.74586448
45.74526928
45.7419315
45.72656063
45.6863509
45.67954188
45.64904621
45.62408962
45.60582218
45.55648847
45.51703134
45.46544577
45.43477921
45.39994071
45.3271817
45.30941103
45.21248746
45.20258854
45.20013575
45.09548541
45.06864749
44.98299126
44.93070172
44.87819216
44.79008712
44.75871835
44.64355432
44.63775834
44.61203745
44.52631896
44.49881786
44.41367474
44.35276584
44.29535858
44.20636921
44.17211995
44.06217767
44.04255389
43.9687212
43.92212388
43.90188708
43.81086401
43.74625847
43.70431289
43.63003066
43.59592099
43.55744364
43.5034858
43.40411423
43.38340414
43.37186803
43.26019726
43.25409518
43.17039886
43.15418095
43.09507644
43.06169052
42.97224882
42.94281915
42.85431728
42.84946133
42.84561662
42.76961329
42.71551824
42.68026738
42.60367815
42.56885382
42.49541158
42.43804684
42.38351223
42.30307075
42.26214272
42.18196763
42.14741898
42.10891607
42.03792
41.92200951
41.91461253
41.90790177
41.80957068
41.73432183
41.69541858
41.63271563
41.58911046
41.4911664
41.46720658
41.43916077
41.35687904
41.29615605
41.24555923
41.12165074
41.1188393
41.10802834
41.00827843
40.97528417
40.89785415
40.82540113
40.78127962
40.70237569
40.66424534
40.61490586
40.52397838
40.50798347
40.48784611
40.4110018
40.34431127
40.30470483
40.2242865
40.19653997
40.1760232
40.10479961
40.01317016
39.99909291
39.98317385
39.91334159
39.81483915
39.81026842
39.80235564
39.72367509
39.62544951
39.62474565
39.62404808
39.54603468
39.48150122
39.44497321
39.34112631
39.33948603
39.32479179
39.2267157
39.21697127
39.19693313
39.11678875
39.04359634
39.01951781
38.98837535
38.92584111
38.85839814
38.8259872
38.774945
38.71997619
38.66580813
38.60951924
38.51334431
38.49067563
38.47292239
38.37109337
38.31104302
38.25830287
38.14593303
38.13601182
38.12847288
38.03668745
37.94278934
37.92299951
37.89728131
37.82624995
37.73415856
37.71818165
37.70428359
37.62395449
37.56202925
37.51761038
37.45630568
37.3651458
37.35497509
37.34498946
37.26140107
37.20038367
37.15547247
37.09191978
37.0066414
36.99279425
36.97978686
36.89635371
36.822474
36.78988973
36.69373106
36.68026147
36.67442553
36.58323576
36.54696518
36.48619039
36.42109508
36.38593035
36.29822736
36.28112444
36.19033397
36.17272584
36.16739714
36.08275882
36.03323434
35.9832045
35.91219076
35.88689433
35.85903115
35.80496432
35.70890598
35.7070474
35.70213724
35.62304915
35.58308867
35.53352295
35.45155749
35.43436369
35.33648561
35.31699741
35.31375145
35.30769275
35.21690087
35.13288259
35.11116972
35.07920692
35.02676673
34.98503499
34.9439552
34.85691026
34.85063233
34.76591596
34.74552523
34.74416718
34.74181596
34.66457011
34.58202465
34.57327386
34.56320284
34.49380974
34.43726198
34.41113798
34.38317704
34.34844319
34.30700449
34.28106278
34.23813002
34.18301467
34.11889569
34.07743529
34.00946045
33.98326121
33.95711556
33.90233408
33.83841137
33.81525945
33.78222802
33.73653318
33.68437478
33.65591976
33.62488118
33.58053668
33.50062433
33.49978044
33.49918337
33.43915997
33.41119208
33.37712718
33.35058686
33.30550137
33.2980538
33.27024052
33.21618195
33.21067361
33.20912046
33.20419416
33.15404567
33.12750528
33.09177535
33.05405477
33.04049362
32.99824418
32.99710969
32.99315995
32.97358997
32.96236927
32.95309284
32.93104401
32.93077155
32.92998477
32.9299787
32.91990092
32.92040188