59.25917675
59.25749879
59.26246015
59.23561459
59.23483014
59.23118458
59.21282399
59.16861984
59.16066049
59.12696775
59.09834311
59.07807466
59.02176622
58.97754563
58.91981597
58.88547251
58.8457191
58.76455195
58.74434266
58.63574556
58.62454099
58.62178917
58.50322717
58.47306419
58.37552461
58.3170024
58.2571339
58.15806507
58.12227076
57.99266139
57.98602339
57.95704332
57.8590959
57.82816377
57.73078889
57.66213332
57.59638821
57.4957807
57.45651791
57.33195553
57.30941962
57.22603188
57.1724478
57.14965811
57.04475077
56.971672
56.92332295
56.83943604
56.80004696
56.75670407
56.69385013
56.58168965
56.55773651
56.54458539
56.41688449
56.40995754
56.31375838
56.29538564
56.22720643
56.18889962
56.08679546
56.05271978
55.95184068
55.9462169
55.94185287
55.85365527
55.79222393
55.75136049
55.66351857
55.62376931
55.53870551
55.47319154
55.41005256
55.31791953
55.27045929
55.17924898
55.13904477
55.0952402
55.01225538
54.88019013
54.87159244
54.86394808
54.74896865
54.66291378
54.61823455
54.54575762
54.49515268
54.38336383
54.35530978
54.3232463
54.22696172
54.15785284
54.09830261
53.95665964
53.95338346
53.94097488
53.8247443
53.78700073
53.69656253
53.61365015
53.56209305
53.47105158
53.42722009
53.3695255
53.26548124
53.24668261
53.22361836
53.13343535
53.05712711
53.01050344
52.91849858
52.88592005
52.8625054
52.77893023
52.67383981
52.65734371
52.63918634
52.55675122
52.44425532
52.43886857
52.42976961
52.33728127
52.22463968
52.22381364
52.22301298
52.13106625
52.05712031
52.01416474
51.89470893
51.89277907
51.87581346
51.76173609
51.7503395
51.72741752
51.63292933
51.54918328
51.52085131
51.48518947
51.41152824
51.33396203
51.29581439
51.23740179
51.17232267
51.11002522
51.04409832
50.93378095
50.90701346
50.88656603
50.76711577
50.69809193
50.63603946
50.50707627
50.4953401
50.48666919
50.3784141
50.27074674
50.24742113
50.21800621
50.1339828
50.02837462
50.00957563
49.99366623
49.89897863
49.82785255
49.77601288
49.7043931
49.5995729
49.58761547
49.57616708
49.47771298
49.40761447
49.35515203
49.2810627
49.18303773
49.16673877
49.15183012
49.05340994
48.96869547
48.93016455
48.81956165
48.80372546
48.79702161
48.69005236
48.6483883
48.57696663
48.50204935
48.46072561
48.35962534
48.33947245
48.23501453
48.21436647
48.20828131
48.10856313
48.0518505
47.99274672
47.91143145
47.8817435
47.84984117
47.78607379
47.67604612
47.67384824
47.6682122
47.57523912
47.52944496
47.47114402
47.3771522
47.3569222
47.24434663
47.22165918
47.21788906
47.21095959
47.10408117
47.00786493
46.98225677
46.94568617
46.88413845
46.83627102
46.78805115
46.68829357
46.68092975
46.58345203
46.5598635
46.55827942
46.55559676
46.46488285
46.37043689
46.36014799
46.34869781
46.26714309
46.20263885
46.17205892
46.14006472
46.09976218
46.05210108
46.02178342
45.97280693
45.90794614
45.83492839
45.78636759
45.70916741
45.67833892
45.64863831
45.58426008
45.51165215
45.484493
45.44695243
45.39345952
45.3344072
45.30105702
45.2658229
45.21384105
45.12330606
45.12231559
45.1216381
45.05145725
45.01979766
44.98064353
44.94988453
44.89868341
44.89006308
44.85776426
44.79658496
44.79020971
44.78841496
44.78287862
44.72375615
44.69369254
44.65213109
44.60989481
44.59403444
44.54684629
44.54551821
44.54111639
44.51765327
44.50526518
44.49389675
44.46985482
44.46950049
44.46865964
44.4674178
44.45705753
44.45751241