16.09010994
16.07764812
16.08136667
16.07512397
16.08099896
16.06205853
16.06328894
16.05457557
16.05403671
16.02890257
16.02772909
16.01680866
16.01019317
15.97920445
15.9758569
15.96320735
15.95093086
15.91444248
15.90933859
15.895572
15.8781854
15.83680663
15.83034174
15.81568071
15.79375898
15.74865094
15.74086037
15.72444923
15.69890273
15.6535647
15.64232929
15.61892427
15.59295797
15.54865084
15.53319601
15.50653867
15.47840459
15.42504224
15.41333137
15.39509732
15.3591018
15.29520114
15.2911295
15.28057347
15.23730599
15.20762665
15.18467678
15.15257894
15.13184553
15.09462187
15.07653672
15.05548978
15.02192077
14.95119925
14.95001581
14.94728832
14.89686935
14.85369643
14.83109946
14.77555084
14.75747943
14.74449949
14.68788172
14.6689762
14.63665938
14.57416956
14.56192068
14.49020976
14.4803779
14.40861611
14.39829045
14.32640832
14.3146355
14.24685622
14.22820803
14.1543952
14.15158807
14.06822433
14.06414191
13.97906157
13.97692627
13.90611236
13.88961613
13.8142261
13.80420355
13.72512902
13.71579544
13.63548908
13.62957838
13.5537742
13.545974
13.47091036
13.46371443
13.39072692
13.37461211
13.28920524
13.2870566
13.26657831
13.20348661
13.19618236
13.12352085
13.12275434
13.11924142
13.0518535
13.03260936
12.9616746
12.95200057
12.8766761
12.86872176
12.79711329
12.78615342
12.71559474
12.70420712
12.63842538
12.61958725
12.55514643
12.54180046
12.46768566
12.45781956
12.38105957
12.37245467
12.29550062
12.28961171
12.2120145
12.20879824
12.13398933
12.13184814
12.05519644
12.05224342
11.97938859
11.96949058
11.89559605
11.88837537
11.81326077
11.8085726
11.73333068
11.73099126
11.65950192
11.65477583
11.58166779
11.57700187
11.5051095
11.50093433
11.42870699
11.42042804
11.35897646
11.34312408
11.27727542
11.27207561
11.20486282
11.19776728
11.13433471
11.12404638
11.059983
11.0495865
10.98808147
10.97325367
10.9087146
10.90261337
10.83881987
10.82445859
10.75745339
10.75533928
10.68455574
10.68352017
10.64881213
10.61863887
10.61765083
10.5604846
10.55793956
10.51719113
10.49753826
10.49665283
10.49422368
10.45304737
10.40024661
10.39515332
10.38792034
10.35311386
10.29319709
10.29296991
10.29264012
10.25506964
10.19688465
10.19590845
10.19436833
10.1600457
10.10626152
10.10440833
10.1014992
10.07004391
10.02373967
10.01883825
10.00531675
9.982193458
9.950167915
9.938838493
9.915806719
9.900309592
9.864957108
9.857181035
9.841479656
9.825563792
9.790918373
9.78520081
9.771928358
9.758305339
9.726887684
9.722237553
9.710228159
9.699720901
9.671236974
9.668010699
9.65767301
9.650379992
9.625414146
9.623505286
9.614436083
9.61080061
9.589698436
9.589239596
9.581577228
9.581897735
9.564888082
9.566008226
9.559977517
9.564404327
9.551554379
9.554272352
9.549939302
9.558565312