16.4619061
16.44942762
16.45314144
16.44687683
16.4527021
16.43367893
16.43487796
16.42611609
16.42546198
16.40017972
16.39894896
16.38795468
16.38115944
16.34995783
16.3465294
16.33378378
16.32126404
16.28449864
16.27929473
16.26541467
16.24772254
16.20600534
16.19942457
16.18463491
16.16235148
16.11685212
16.10892842
16.09236607
16.06640908
16.02066018
16.00923566
15.98560752
15.95922115
15.91450534
15.89878798
15.87186134
15.84327714
15.78937643
15.77747119
15.75904876
15.7224772
15.6578914
15.65376752
15.64309161
15.59918305
15.56916074
15.54586768
15.51340437
15.49234313
15.45469381
15.43632073
15.41503675
15.38092282
15.30938096
15.30817768
15.30541785
15.25418779
15.2105043
15.18753345
15.13131751
15.11295098
15.09981626
15.04236966
15.02323493
14.99037266
14.92710423
14.91466025
14.84193974
14.83196203
14.75918001
14.74870052
14.67577471
14.66382621
14.5950375
14.576101
14.50127956
14.49842843
14.41384582
14.40969961
14.32336731
14.32119947
14.24927036
14.23252031
14.15603965
14.14585989
14.06562202
14.05614112
13.97464026
13.96863575
13.89167706
13.88375332
13.80755497
13.8002459
13.72611444
13.70973906
13.62309583
13.62091158
13.60012692
13.53601445
13.52861028
13.45485565
13.45407652
13.45051601
13.3820155
13.36246624
13.29046671
13.28063344
13.20415827
13.19607475
13.12334199
13.11220436
13.0405417
13.0289707
12.96213202
12.94298575
12.87756023
12.8639916
12.78872956
12.77869859
12.70075307
12.69200506
12.61384761
12.60785983
12.52904021
12.5257698
12.44976705
12.44759026
12.36972973
12.3667279
12.29266563
12.28260212
12.20753727
12.20019401
12.1238874
12.11911938
12.04267527
12.04029625
11.96764426
11.96283849
11.88855699
11.88381182
11.8107477
11.80650183
11.7330885
11.72467228
11.66218154
11.64605898
11.5791924
11.57390251
11.50559509
11.49837925
11.43390108
11.42343884
11.35833977
11.34776742
11.28522731
11.27014315
11.20459824
11.19839249
11.13352219
11.1189117
11.05087905
11.0487277
10.97680557
10.97575203
10.94047892
10.90980158
10.90879779
10.85067002
10.84808809
10.80669781
10.78671972
10.78581838
10.78335469
10.74135691
10.68783658
10.68263627
10.67530117
10.6398071
10.57906169
10.5788298
10.57849537
10.54016914
10.48118993
10.48019464
10.47863416
10.44360664
10.3890947
10.38720471
10.38425711
10.35215836
10.30522346
10.3002156
10.28651775
10.26291433
10.23049347
10.21888677
10.19556458
10.1797211
10.1439371
10.13597482
10.1200784
10.10379757
10.06874035
10.06288
10.04944754
10.03549418
10.00371408
9.998938682
9.986789768
9.976002592
9.947204309
9.943878378
9.933426677
9.92590449
9.900679837
9.898692699
9.889530688
9.885723739
9.86442206
9.863907349
9.856174982
9.856384576
9.839236349
9.840325194
9.834249589
9.838627105
9.825700684
9.828412675
9.824060379
9.832699766