4.586462137
4.575547213
4.579179144
4.574124117
4.581240032
4.566603498
4.568846167
4.562406586
4.565841304
4.547686499
4.548583803
4.540947236
4.540944647
4.519516232
4.519188661
4.510674967
4.507543732
4.483094183
4.481762434
4.472762333
4.46692296
4.439875447
4.437783894
4.428416965
4.42015879
4.391269907
4.388488105
4.378195085
4.368080097
4.339474412
4.33530821
4.320800721
4.310479403
4.28260709
4.276877183
4.260759103
4.24926634
4.216996906
4.212446792
4.201503424
4.18667249
4.149141982
4.147032074
4.141043551
4.121417502
4.104703634
4.09434648
4.076086544
4.067313941
4.04613109
4.038496921
4.02640782
4.012587177
3.97261195
3.972145759
3.970622621
3.949496808
3.9253628
3.916242858
3.885457077
3.877988742
3.870763372
3.844232275
3.833808477
3.821045188
3.78721791
3.782000051
3.746955549
3.742402857
3.70764573
3.702882295
3.668745757
3.663320634
3.631958206
3.623696048
3.586511653
3.585288244
3.545958544
3.544173228
3.504292251
3.503330814
3.472590844
3.465245318
3.429297262
3.424937609
3.387905788
3.383879148
3.346709367
3.344178323
3.310025517
3.306678757
3.272593507
3.269480165
3.237737534
3.23101586
3.190423505
3.189557781
3.180169428
3.153851348
3.150186445
3.117113592
3.116801319
3.115025238
3.087746978
3.079540464
3.047192846
3.043271504
3.009643503
3.006362319
2.975456546
2.970930903
2.940365827
2.935622258
2.908106219
2.900429097
2.871730859
2.866445591
2.833962587
2.830067776
2.79636545
2.792947557
2.759686295
2.75738116
2.724166513
2.722913421
2.691440685
2.690591969
2.657868272
2.656687653
2.627622442
2.62373292
2.592372947
2.589601463
2.557821916
2.556032283
2.524495156
2.523594135
2.494354914
2.492524104
2.46209114
2.460305176
2.431012117
2.429407373
2.400297009
2.397015709
2.373306898
2.367282359
2.338551617
2.336627517
2.309261914
2.306547653
2.281178446
2.277228816
2.25091205
2.246928751
2.223112739
2.217632314
2.189857541
2.187571868
2.163036268
2.157776044
2.12841838
2.12766492
2.098562492
2.098185125
2.084181827
2.072460635
2.07204901
2.05011327
2.048925576
2.031777372
2.024060016
2.023758044
2.022608921
2.011440568
1.985296831
1.984107415
1.980671781
1.971044516
1.94191459
1.941859687
1.941703241
1.931890365
1.903335571
1.903061796
1.902281092
1.893924069
1.86740019
1.866906506
1.86543726
1.857787002
1.835179939
1.834213426
1.827370282
1.822096625
1.805005372
1.80392938
1.791961884
1.789363927
1.770403904
1.769545959
1.76131974
1.759055368
1.740141516
1.739745068
1.732643928
1.731424784
1.713925379
1.713953998
1.707359947
1.707395071
1.69104961
1.691547791
1.685666767
1.68702268
1.672108263
1.673118531
1.667706656
1.670541396
1.657236297
1.65884266
1.653968059
1.65844752
1.646897646
1.64913941
1.644930247
1.651146478
1.641362661
1.644226042
1.640722682
1.648718967