20.57638089
20.56361139
20.56731233
20.5608016
20.56626024
20.5462956
20.54722287
20.53795934
20.53629346
20.50943813
20.50768621
20.49595188
20.48752063
20.45413589
20.44996269
20.43627467
20.42151821
20.38198284
20.375857
20.36088311
20.3403817
20.29534951
20.28770437
20.27169335
20.24609509
20.1968276
20.18768736
20.16970714
20.14000959
20.09035847
20.07721687
20.05151911
20.02133534
19.97277848
19.95469416
19.92530337
19.89267622
19.83381328
19.82016492
19.80003308
19.75830974
19.68749022
19.68289388
19.67113012
19.6214859
19.58838204
19.5620281
19.52626516
19.50228672
19.46081998
19.43989364
19.41646958
19.37752119
19.29863081
19.29725135
19.29420371
19.2357896
19.18753024
19.16124287
19.09907487
19.0780972
19.06357237
18.99876336
18.97757769
18.93987277
18.86966081
18.85548025
18.77377208
18.76249653
18.68061943
18.66876915
18.58653477
18.57301871
18.49521284
18.47369804
18.38986464
18.3866191
18.2911153
18.28639606
18.18882983
18.1863694
18.10440194
18.08536468
17.99906427
17.98746386
17.89672389
17.88590863
17.79361052
17.78675453
17.69933126
17.69028409
17.60378422
17.59544464
17.51089358
17.49213695
17.39425508
17.39174434
17.36816633
17.29471913
17.28640479
17.20266107
17.20176634
17.19777175
17.11903969
17.09668724
17.01494398
17.00364229
16.91660699
16.90733159
16.82425416
16.81147493
16.72964868
16.71638337
16.63978731
16.61778858
16.54330109
16.52766661
16.44182964
16.43026755
16.34138591
16.33130873
16.24204378
16.23513671
16.14502875
16.14125472
16.0542165
16.05170874
15.96267532
15.95922023
15.87396164
15.86236028
15.776492
15.76800834
15.68070085
15.67519014
15.58765248
15.58490557
15.50151157
15.49596646
15.410866
15.40538551
15.32151572
15.31661472
15.2322634
15.22257971
15.15049139
15.13186953
15.05570605
15.04958225
14.97122762
14.96290215
14.88882571
14.87676178
14.80218723
14.78999789
14.71796592
14.70052156
14.62584792
14.61868235
14.54395653
14.52705704
14.44975373
14.44726008
14.36500955
14.36379126
14.32339308
14.28812893
14.28698274
14.22010687
14.21719516
14.17001672
14.14708631
14.14603883
14.14326955
14.09366192
14.03380494
14.02760487
14.01936949
13.97751624
13.90947867
13.9092029
13.90882768
13.86350212
13.79756521
13.79639432
13.7946558
13.75308619
13.69222138
13.68999212
13.68670866
13.64864114
13.596196
13.59019099
13.57497065
13.54690608
13.51108733
13.49684545
13.4710366
13.45194177
13.41246388
13.4027322
13.3851732
13.36544799
13.32688774
13.31966089
13.30487507
13.28777782
13.25293658
13.24694999
13.23363245
13.22014881
13.18872446
13.18441949
13.17302651
13.16325691
13.13590568
13.13312989
13.12321916
13.11767857
13.09478341
13.09367897
13.08540485
13.08442192
13.06622767
13.06694684
13.06055542
13.06429219
13.05087812
13.05344877
13.04901052
13.05757091