8.377229716
8.376032365
8.382775964
8.366648257
8.366805005
8.364819701
8.361680368
8.338851019
8.336803667
8.320130877
8.310495594
8.300830559
8.280760513
8.261564976
8.236189234
8.221171948
8.206957377
8.170137905
8.162631836
8.115395062
8.111003027
8.109819905
8.06381364
8.051068326
8.015314752
7.989546692
7.967914564
7.926258085
7.913448524
7.85942002
7.857146725
7.845202463
7.81062001
7.797626475
7.763590711
7.73536013
7.712747519
7.672624674
7.65927456
7.610685007
7.603179805
7.569517356
7.551917603
7.542428109
7.50892482
7.479838474
7.464407069
7.43042003
7.418115721
7.400076856
7.382685599
7.336909724
7.329564466
7.324740616
7.279553328
7.276887133
7.244835539
7.237601374
7.215879879
7.202824163
7.165835419
7.155484168
7.118263438
7.11655768
7.114869983
7.088817061
7.06516017
7.052894648
7.022653358
7.00817205
6.982285144
6.958540317
6.939191476
6.906853874
6.892592497
6.857977801
6.846465683
6.829842837
6.807530747
6.758155146
6.755645306
6.75277987
6.721959764
6.691044156
6.675780878
6.652895899
6.637754908
6.596633453
6.589231552
6.577642026
6.551992953
6.525731271
6.511215733
6.459911944
6.458980283
6.454689032
6.421637297
6.408075935
6.383194687
6.353502159
6.33939166
6.309836258
6.294915607
6.279300849
6.241949912
6.237235904
6.22903823
6.205913057
6.178504889
6.167100787
6.133987557
6.125695496
6.117037225
6.09553671
6.058773848
6.05444562
6.047689204
6.028452376
5.987155438
5.985861314
5.982775563
5.959645637
5.920200764
5.919988686
5.919711098
5.897693874
5.871580415
5.860902783
5.820613518
5.820137415
5.814672652
5.78135073
5.778279114
5.770034347
5.74757326
5.717527937
5.710583404
5.697921569
5.680177121
5.6540125
5.644720477
5.623851429
5.609516724
5.58852238
5.571197291
5.532881732
5.526718773
5.519961013
5.489382965
5.466031992
5.450924888
5.40653975
5.403935229
5.401030443
5.375794773
5.338424796
5.332939675
5.322434489
5.303905136
5.267386426
5.262850832
5.257236789
5.235113509
5.211032464
5.19687386
5.177624441
5.142698126
5.139794879
5.135845166
5.112725529
5.089170013
5.075139928
5.054730278
5.022118666
5.018271992
5.013137873
4.990838736
4.961876802
4.953554539
4.917249887
4.913468918
4.911232715
4.884804249
4.87093417
4.853879803
4.829587973
4.819753551
4.787734716
4.783177967
4.749353122
4.744280361
4.742118551
4.719623716
4.700196885
4.687573714
4.659817329
4.652685323
4.641781863
4.627834059
4.590537026
4.590082841
4.588228689
4.566782529
4.551384558
4.538147398
4.506907002
4.502366604
4.466502097
4.46041462
4.459363811
4.456993581
4.433347964
4.401072812
4.395652771
4.383316394
4.369038867
4.353360153
4.342289766
4.309383823
4.307684381
4.277291456
4.270467897
4.27006218
4.26912854
4.248646284
4.217094145
4.214819121
4.210673151
4.192690803
4.170338382
4.163137347
4.152539361
4.141515691
4.126811498
4.119450188
4.102569752
4.088842324
4.063315158
4.052018818
4.024104117
4.017625323
4.006986762
3.993069445
3.966922993
3.96091486
3.947575684
3.935214056
3.913164018
3.905695035
3.893040856
3.881360955
3.847966421
3.847751738
3.847508411
3.831090494
3.819356002
3.807308388
3.799035635
3.780679651
3.77832156
3.769843768
3.747075514
3.745314171
3.744800614
3.742560182
3.730813794
3.719833434
3.70915051
3.691531614
3.687808911
3.667538016
3.667230008
3.665289468
3.662253039
3.656322222
3.655846713
3.642941772
3.643008341
3.642478136
3.64736998
3.638983188
3.639640314