20.22431986
20.21159211
20.21528819
20.20880999
20.21429624
20.19444234
20.19539236
20.18618893
20.18461905
20.15794252
20.15624021
20.14459207
20.13632386
20.10318512
20.09908608
20.0855068
20.07097899
20.03175594
20.02572428
20.01087642
19.99066742
19.94601063
19.9384762
19.92260618
19.89735805
19.84851963
19.83950773
19.82169175
19.79239411
19.74319003
19.7302316
19.70477485
19.67500094
19.62688811
19.6090583
19.57995542
19.54776926
19.48948136
19.47602252
19.45609153
19.41493353
19.34483816
19.34029505
19.32865649
19.27965014
19.24690406
19.22089134
19.18551054
19.1618553
19.120834
19.10019143
19.07701592
19.03860307
18.96056918
18.95920911
18.95619514
18.89857995
18.85085167
18.82493094
18.76345574
18.74276824
18.72840411
18.66442473
18.64347648
18.60630498
18.53689586
18.52290784
18.44221728
18.43108744
18.35023676
18.33854003
18.25735176
18.24401099
18.16721222
18.14598324
18.06317189
18.05996986
17.96568555
17.9610294
17.86471404
17.86228593
17.78141918
17.76263344
17.67742529
17.66598007
17.57640107
17.56573101
17.47462239
17.46785873
17.38157974
17.37265415
17.28727996
17.27905182
17.1956278
17.17712645
17.08047999
17.07800397
17.05473012
16.98228235
16.97406882
16.89140869
16.89052627
16.88657979
16.80893198
16.78687898
16.70619104
16.69504453
16.60914552
16.59999626
16.51802317
16.50541749
16.424676
16.41158991
16.33602707
16.31432856
16.24081244
16.2253941
16.14068591
16.12928376
16.04156873
16.03163046
15.94354695
15.93673569
15.84782613
15.84410453
15.75823385
15.75576065
15.66791176
15.66450408
15.58041812
15.56897718
15.48425503
15.47588988
15.3897494
15.38431585
15.2979538
15.2952452
15.21298451
15.20751654
15.12356291
15.11815905
15.03543142
15.03059883
14.94740213
14.93785182
14.86677004
14.84840945
14.77324899
14.76721205
14.68992554
14.68171656
14.60865834
14.59676296
14.52320088
14.51118199
14.44015478
14.42295799
14.34927526
14.34221081
14.26853011
14.25187124
14.17558403
14.17312624
14.0919914
14.09079047
14.05094485
14.01617123
14.01504051
13.94909926
13.94622448
13.89967782
13.87706449
13.8760323
13.87329775
13.82446532
13.7653386
13.75923865
13.75110614
13.70990279
13.64270369
13.64243234
13.64206179
13.5974483
13.5323175
13.53116466
13.52944696
13.48853907
13.42841442
13.4262199
13.42297575
13.38551243
13.33370761
13.32780154
13.31276207
13.285147
13.24973879
13.23574997
13.21024132
13.19146677
13.15243819
13.14287683
13.12552012
13.10613075
13.06800202
13.06090487
13.04628619
13.0294901
12.99503147
12.98915738
12.97598693
12.96275488
12.93166619
12.92744909
12.91617795
12.90660987
12.87953973
12.87683088
12.8670214
12.86162554
12.83895298
12.83789332
12.82969822
12.82880018
12.81076813
12.8115079
12.80517079
12.80893141
12.79561805
12.79818452
12.79377521
12.80229737