12.23644186
12.22428778
12.22802214
12.22204397
12.22832177
12.21039193
12.21191834
12.20374611
12.20430712
12.18086625
12.1802587
12.17013757
12.16529653
12.13666063
12.13412102
12.12248994
12.1126372
12.07913623
12.07503195
12.06244794
12.04810406
12.01030211
12.00499086
11.9916505
11.97331774
11.93227629
11.92580387
11.91092581
11.88942787
11.84830077
11.83892512
11.8177572
11.79589944
11.75573558
11.74284309
11.71884916
11.69508667
11.64707908
11.63725415
11.62086701
11.59043895
11.53326588
11.52970376
11.52032108
11.48324833
11.45689549
11.43724957
11.4087088
11.39112575
11.35801929
11.34268955
11.32394736
11.29559576
11.23279199
11.23179868
11.22938143
11.18670837
11.14846009
11.1294384
11.08029718
11.06503819
11.05355236
11.00486015
10.98815905
10.9610544
10.90602852
10.89564817
10.83359658
10.82516043
10.76316808
10.75431562
10.69242701
10.68233783
10.62423391
10.60835314
10.54420513
10.54182109
10.47016407
10.466696
10.3936516
10.39182983
10.33176512
10.31771841
10.2528387
10.24433676
10.17649738
10.16859135
10.09983193
10.09483177
10.03021399
10.02361465
9.95955926
9.953464484
9.891606779
9.878035298
9.804632472
9.8028324
9.785336791
9.732210705
9.725878016
9.66387988
9.663236746
9.660187163
9.60371528
9.587462599
9.52692687
9.518819339
9.454762631
9.448079742
9.387507253
9.378298515
9.318582706
9.30900252
9.253629054
9.2378336
9.183062298
9.171919686
9.109088397
9.100855437
9.035765831
9.028578957
8.963480321
8.95857226
8.893025826
8.890347034
8.827320906
8.825533055
8.760813606
8.758344646
8.697447198
8.689191976
8.62684375
8.620841578
8.557488836
8.553594527
8.490218233
8.488272263
8.42827547
8.424340496
8.362814144
8.358935421
8.298615731
8.295142331
8.234634267
8.227714282
8.176549153
8.163377232
8.107509524
8.10320447
8.046778073
8.040874318
7.987751607
7.979184884
7.925308177
7.91665116
7.865354792
7.853067292
7.798363841
7.793296707
7.740118418
7.728224967
7.67122924
7.669484427
7.609853602
7.608995988
7.579826738
7.554608789
7.553774576
7.506065906
7.50387776
7.469396876
7.452938541
7.452211224
7.450114184
7.417160178
7.371245526
7.367232231
7.360979541
7.333052648
7.281073361
7.280893654
7.280608368
7.25061958
7.200022833
7.199237018
7.197890959
7.170662622
7.12381969
7.12233475
7.119792236
7.094819122
7.054541297
7.050722738
7.038872132
7.020599596
6.992297842
6.983827884
6.963531927
6.951568902
6.920273299
6.914419713
6.900551369
6.88838218
6.857591684
6.853359347
6.841582469
6.831380243
6.803337564
6.800003678
6.789288854
6.781714825
6.756132561
6.753969231
6.744677345
6.7398268
6.717216922
6.71616241
6.707928412
6.706172727
6.686842787
6.68701978
6.67996575
6.681572578
6.665734793
6.667248891
6.661578226
6.666685596
6.654394574
6.657255475
6.653029517
6.661718976