43.14285523
43.14128993
43.14666873
43.12232249
43.12175772
43.11850062
43.10369106
43.06447532
43.05789306
43.02816352
43.0039666
42.98617574
42.93830248
42.89992233
42.84971579
42.81987864
42.78606318
42.71521371
42.69795299
42.60361332
42.59399252
42.59160609
42.4898906
42.46378114
42.3805754
42.3296621
42.27865475
42.19290907
42.16243645
42.05035164
42.04472356
42.01968981
41.93643225
41.90966576
41.82696696
41.76769227
41.71193762
41.62535858
41.59209673
41.48515549
41.46610095
41.39424107
41.34900813
41.32930872
41.2409731
41.17811102
41.13740241
41.0650936
41.03200062
40.99453908
40.94225685
40.84551419
40.825425
40.81421359
40.70570785
40.69977342
40.61850771
40.60272905
40.54537531
40.51294762
40.42601948
40.39747452
40.31143566
40.30672628
40.30298663
40.22930218
40.17668019
40.14250094
40.06811033
40.03426718
39.96304075
39.90729486
39.85440174
39.77626295
39.73657793
39.65860943
39.62513234
39.58769498
39.51894882
39.40625666
39.39908794
39.39256461
39.29736438
39.2242474
39.1864768
39.12565358
39.08338925
38.98820033
38.96501039
38.9377573
38.85811153
38.79907436
38.75014811
38.62975371
38.62703045
38.6165328
38.51991858
38.48786949
38.41290514
38.34252786
38.29981518
38.22327328
38.18625783
38.13850521
38.05017989
38.03471331
38.01515316
37.94082803
37.87604993
37.83776421
37.75964438
37.73281086
37.71287587
37.64399125
37.55502113
37.54140327
37.52593425
37.45847112
37.36276132
37.35834456
37.35066449
37.2745983
37.17922632
37.17854569
37.17786843
37.10248716
37.03982364
37.00451487
36.90373945
36.9021541
36.88790384
36.79291738
36.78348973
36.76402785
36.68660199
36.61550719
36.59223702
36.56199559
36.50157474
36.4361243
36.40480357
36.35523159
36.30217421
36.24960442
36.1951634
36.10179163
36.07990187
36.06267609
35.96422221
35.90593794
35.85497435
35.74589053
35.73631403
35.72899728
35.64034828
35.54917518
35.53005846
35.50507812
35.43651283
35.34709617
35.33165813
35.31816115
35.2405699
35.18046357
35.13747439
35.07815851
34.98968814
34.97985918
34.97016395
34.88941363
34.83018812
34.78672994
34.72521372
34.64244266
34.6290637
34.61643345
34.53585713
34.46411811
34.4326656
34.3393394
34.32632207
34.32065752
34.2324907
34.19728312
34.13854429
34.07537539
34.04138813
33.95630306
33.93978199
33.85166496
33.83463887
33.82946065
33.74769689
33.69959043
33.65128742
33.58229383
33.55783731
33.53076973
33.47855068
33.38523181
33.38343776
33.37866914
33.30223013
33.26341548
33.21551561
33.13590357
33.11928859
33.0242699
33.00539674
33.00225203
32.99636457
32.9086378
32.82700503
32.80603337
32.77496814
32.72426628
32.68373275
32.6440152
32.55944756
32.55337675
32.47113426
32.45136046
32.4500458
32.44775975
32.37308319
32.29285607
32.28439796
32.2745991
32.20752175
32.15253201
32.12725923
32.10008176
32.06641975
32.02618361
32.00107907
31.95932926
31.90607148
31.84368708
31.80358492
31.73741972
31.71210384
31.68665119
31.63370298
31.57148395
31.54909854
31.51694637
31.47274501
31.42194446
31.39442759
31.36420775
31.32132796
31.24350206
31.2426863
31.24210489
31.18403701
31.15679322
31.12372152
31.09799615
31.05411287
31.04689227
31.01994925
30.96729371
30.96195365
30.96044766
30.95564332
30.90722987
30.88138001
30.84678694
30.80996282
30.79684919
30.75558742
30.75449065
30.75063222
30.7318152
30.72082829
30.71195338
30.69031406
30.69005701
30.68928202
30.68950321
30.6794963
30.68000422