14.62471384
14.61249618
14.6161775
14.61008869
14.61601851
14.59761718
14.59892656
14.59048166
14.59028996
14.56597911
14.56499633
14.5544497
14.5484617
14.51856775
14.51551084
14.50332219
14.49193943
14.45680356
14.45206929
14.43882604
14.42258189
14.38279049
14.37675752
14.36267125
14.34211014
14.29877874
14.29148488
14.27573224
14.2517258
14.20820615
14.19767222
14.17521928
14.15081137
14.10828457
14.09379303
14.06825152
14.04177624
13.99065994
13.97965967
13.96219426
13.92830809
13.86718319
13.86331336
13.85323474
13.81234592
13.78401216
13.76232756
13.73167438
13.71213376
13.67657816
13.65953398
13.63942494
13.60781893
13.54029204
13.5391797
13.53657654
13.48907249
13.44787642
13.42661755
13.37362801
13.35661072
13.34422912
13.29064324
13.27261614
13.24224005
13.1827027
13.17115654
13.10316529
13.09386486
13.02585594
13.01609049
12.94802891
12.93689579
12.87279555
12.85519155
12.78511503
12.78246709
12.70356686
12.69971565
12.61921661
12.61719979
12.55042495
12.53485264
12.46347397
12.4540229
12.37922181
12.37042405
12.29449862
12.28892928
12.21735007
12.21000019
12.1390993
12.13231676
12.06351043
12.04834584
11.96751262
11.96549368
11.94614466
11.88677425
11.87984442
11.81121611
11.81049552
11.80716141
11.74383737
11.72571405
11.65871227
11.64962157
11.57854569
11.5710658
11.50359856
11.49329223
11.42680415
11.41609179
11.35420017
11.33649588
11.27569883
11.26317142
11.19329915
11.18403963
11.11166931
11.10359142
11.03108613
11.02556119
10.9524798
10.94946288
10.87905962
10.87704972
10.804869
10.80209598
10.73368575
10.72439752
10.6548245
10.6480551
10.57734095
10.57294664
10.50213867
10.49994501
10.43273861
10.42830574
10.35952231
10.35514784
10.2875658
10.28365054
10.21578374
10.2080095
10.15036846
10.13550773
10.07340576
10.06853625
10.00534092
9.99868659
9.939087292
9.929436574
9.869171897
9.859419515
9.801698396
9.787808514
9.726956543
9.721237597
9.661378478
9.647928025
9.584683899
9.582705844
9.516084358
9.515114477
9.482469719
9.454135708
9.45320521
9.399546808
9.397137342
9.358736368
9.340271643
9.33944438
9.337141424
9.298952418
9.248791978
9.244089502
9.237229396
9.204927351
9.148045646
9.147835681
9.147522823
9.112708618
9.057431698
9.056524902
9.055059744
9.023312668
8.972192911
8.970473834
8.967706355
8.938607178
8.894615576
8.890106051
8.877229389
8.855867658
8.825299167
8.814995479
8.793025933
8.778805242
8.745043291
8.73795918
8.72297141
8.708407692
8.675281666
8.670097808
8.657410783
8.645018081
8.614938815
8.61075978
8.599260671
8.5898021
8.562479584
8.559631097
8.54970983
8.543281775
8.519272043
8.517663155
8.508931716
8.505949887
8.485582882
8.485341763
8.477931916
8.478681551
8.462178386
8.463425019
8.457552834
8.462178509
8.449601582
8.452351447
8.448080942
8.456670924