24.89868199
24.88563456
24.88932432
24.88258071
24.88769696
24.86684095
24.86751311
24.85777593
24.85515921
24.826817
24.82457499
24.81214248
24.80217182
24.76672526
24.76185131
24.74727467
24.73041259
24.68826258
24.68126913
24.6652642
24.64211777
24.59395775
24.5853109
24.56814893
24.53942948
24.48660769
24.47632247
24.45700634
24.42378671
24.37045535
24.35569768
24.32805
24.29429061
24.24211122
24.22179901
24.19008709
24.1536527
24.09011197
24.0748228
24.05308078
24.00650563
23.92981147
23.92476975
23.9119806
23.85693406
23.82092719
23.79168967
23.7528163
23.72609057
23.68102661
23.65769505
23.63225291
23.58875092
23.50293364
23.50138824
23.4980694
23.43288663
23.38031212
23.35090005
23.28312064
23.25968194
23.24384553
23.17209624
23.14897574
23.10670578
23.02994456
23.01412693
22.92394138
22.9114422
22.82098487
22.80784186
22.71682433
22.70182967
22.615514
22.59156663
22.49922704
22.49560932
22.38979553
22.38453543
22.27636215
22.27362552
22.18217788
22.160981
22.06540555
22.05246347
21.95180218
21.93972649
21.83722725
21.82956684
21.73225521
21.72214656
21.62591131
21.61659795
21.52219837
21.50119116
21.39268738
21.38986803
21.36364973
21.28137829
21.2722035
21.17901747
21.17801343
21.17360855
21.08520232
21.06020012
20.96924644
20.95655656
20.85953868
20.84913659
20.75628008
20.74194912
20.65051568
20.635649
20.54982988
20.52513524
20.4420843
20.42449744
20.32866805
20.31565912
20.21644553
20.2051126
20.10535596
20.09758057
19.99681239
19.99256276
19.89510527
19.89228505
19.79270522
19.78882237
19.69299638
19.67994406
19.58388477
19.57432544
19.47664436
19.47043338
19.37243854
19.36934491
19.27582802
19.26958642
19.17429533
19.16812242
19.07407871
19.06856112
18.97391531
18.96303954
18.88192119
18.86094949
18.77604857
18.76914108
18.68134552
18.67197801
18.58888666
18.57531953
18.491851
18.47814508
18.39720749
18.37755059
18.29432215
18.28625752
18.20229576
18.18325338
18.09727559
18.09446168
18.00254952
18.00117722
17.955988
17.91643517
17.9151558
17.84010492
17.83688513
17.78430335
17.75861585
17.75743199
17.75437806
17.6976592
17.63189945
17.62476547
17.61569268
17.56790243
17.4930798
17.49276309
17.49234997
17.440496
17.36809339
17.36675872
17.36485468
17.31718822
17.25042668
17.24788129
17.24428584
17.20066136
17.14310472
17.13617182
17.11954221
17.08732727
17.04835981
17.03166493
17.00355772
16.98143749
16.9385412
16.92716394
16.90807015
16.88514178
16.84334344
16.83484621
16.81881264
16.79879244
16.76112451
16.75401199
16.73961845
16.72362772
16.6897813
16.68456587
16.67230757
16.66044753
16.63113765
16.62762775
16.61703013
16.60987518
16.58551535
16.58386071
16.57509127
16.57299498
16.55384291
16.55421527
16.54753737
16.55067137
16.53681621
16.53925106
16.53473862
16.54321591