30.25408132
30.25260662
30.2584827
30.23631049
30.23595983
30.23304737
30.22160909
30.18686499
30.18157713
30.15542486
30.13535199
30.11980523
30.0797617
30.0467261
30.00339718
29.97768218
29.94937813
29.88793664
29.87340635
29.79212196
29.7839634
29.78191184
29.69576066
29.67337215
29.60345487
29.55950219
29.51671525
29.44320685
29.41767234
29.32169488
29.31700554
29.29560195
29.22598999
29.20304912
29.13398512
29.08334035
29.03687088
28.96322419
28.93554004
28.84486318
28.829046
28.7677999
28.73034553
28.71348457
28.64059331
28.58714472
28.55355239
28.49189431
28.46467529
28.43261298
28.39022304
28.30765221
28.29116862
28.28175273
28.19103384
28.18601539
28.11862423
28.10523495
28.05795575
28.03098103
27.95809723
27.93470287
27.86238007
27.85852317
27.85535893
27.7952075
27.75070358
27.72275635
27.66083125
27.63245013
27.57410496
27.52739268
27.48403083
27.41885066
27.38639973
27.32064084
27.29344049
27.26187471
27.20642375
27.11160664
27.10577011
27.10028126
27.02355182
26.96239051
26.93102346
26.88102409
26.8465263
26.7666627
26.74801174
26.72520348
26.66109594
26.61134615
26.57235041
26.47159587
26.46938727
26.46065924
26.38232881
26.35554709
26.2950125
26.23623266
26.201766
26.13869073
26.10799079
26.06951987
25.99573752
25.98338425
25.96706748
25.90756597
25.85346
25.82297042
25.75770322
25.7362441
25.71952706
25.66437619
25.59034954
25.57942393
25.56644158
25.51300497
25.43283591
25.42932692
25.42296492
25.36227435
25.28292758
25.28238298
25.28182028
25.22196524
25.16977516
25.14162682
25.05822712
25.05696439
25.04524402
24.96809118
24.9605077
24.94425857
24.8828428
24.82350273
24.80498413
24.77978225
24.73178968
24.67762874
24.65272126
24.61137429
24.56962331
24.52612638
24.48246692
24.40489279
24.3875902
24.37337416
24.29465269
24.24640065
24.20587541
24.11535919
24.10781782
24.10176807
24.03159915
23.95584877
23.94070235
23.91986537
23.86589606
23.79163781
23.7793715
23.76813157
23.70668672
23.65691267
23.62226754
23.57455715
23.50144159
23.49362473
23.4855744
23.42157588
23.37256908
23.33762118
23.28798257
23.21957018
23.20895835
23.1984705
23.13482159
23.07529954
23.05056974
22.97354588
22.96320414
22.95851947
22.88820284
22.85908831
22.81240424
22.76034045
22.73333208
22.6634072
22.65034555
22.57770302
22.56412396
22.55980171
22.49515648
22.45519237
22.41720031
22.35988717
22.34041886
22.31793193
22.27674688
22.19928257
22.19787493
22.193931
22.13329641
22.1011074
22.06315988
21.99721845
21.98406615
21.90577312
21.89054445
21.8879964
21.88309955
21.81373045
21.74598598
21.72946566
21.70365219
21.66334978
21.62980847
21.5982539
21.52818294
21.52335481
21.4556811
21.43955989
21.43850336
21.43659527
21.37733005
21.31069279
21.30399404
21.295768
21.24262165
21.19671631
21.17655092
21.15398525
21.12669474
21.09358059
21.07348745
21.03864326
20.99656803
20.94436248
20.91239603
20.85677655
20.83677651
20.81539263
20.77345604
20.72116776
20.70338555
20.67639504
20.64114069
20.59822065
20.57632747
20.55091158
20.51679646
20.45112186
20.4504746
20.44998532
20.40357875
20.38056042
20.35331649
20.33243452
20.29554575
20.28967196
20.26787426
20.22336391
20.21901792
20.21778846
20.21368039
20.17557603
20.15376148
20.12585059
20.09418478
20.08370593
20.0480789
20.04720384
20.04386061
20.02951985
20.01986277
20.01339453
19.99401566
19.99385293
19.99313871
19.99479671
19.98509204
19.98565474