24.59916551
24.58619927
24.5898697
24.58317586
24.58828783
24.56758937
24.56827242
24.55861526
24.55606991
24.52796021
24.52575853
24.5134343
24.50360866
24.46846812
24.46366146
24.44921697
24.43257133
24.39079936
24.38389531
24.36804021
24.34517852
24.29746424
24.28892485
24.27192785
24.24355509
24.19123538
24.1810764
24.16195014
24.12912987
24.07631628
24.06173982
24.0343686
24.00101889
23.94935222
23.92929181
23.89790558
23.86191405
23.79902284
23.78392252
23.76240667
23.71640002
23.64051206
23.63552677
23.62287484
23.56848216
23.53286651
23.50397817
23.46552372
23.43912455
23.39454917
23.371504
23.3463351
23.30337115
23.21848962
23.21696356
23.21368134
23.14930307
23.0973055
23.06826006
23.00123103
22.97808346
22.96242107
22.89152595
22.86866165
22.8269222
22.75102172
22.73539817
22.64626967
22.63391994
22.54452563
22.53153988
22.44159967
22.42678436
22.34149866
22.31784095
22.22656962
22.22299581
22.11843376
22.11323734
22.00634527
22.00364144
21.91330119
21.89235883
21.79790567
21.78511974
21.68564531
21.6737154
21.57242829
21.5648604
21.46870698
21.45872012
21.36362583
21.35442425
21.26115564
21.24040249
21.13316428
21.13037925
21.10446969
21.02319218
21.01412211
20.92203383
20.92104198
20.91668719
20.82935218
20.80464901
20.71476466
20.70222815
20.60635574
20.59607873
20.50432714
20.49016831
20.3998211
20.38513249
20.30034048
20.27594287
20.19387089
20.17649673
20.08180099
20.06894939
19.97090815
19.95971207
19.86113909
19.85345786
19.75388832
19.7496902
19.65339677
19.65061062
19.55221576
19.54837974
19.45371171
19.44081747
19.34590474
19.33646176
19.23994813
19.23381288
19.13699268
19.13393674
19.04154739
19.03538181
18.94123661
18.93513913
18.84223284
18.8367827
18.74328518
18.7325418
18.65241742
18.63170332
18.54781867
18.54099652
18.45426849
18.44501621
18.36294006
18.34953994
18.26708714
18.25355027
18.17361083
18.15419824
18.07197622
18.06401173
17.9810893
17.96228462
17.87734573
17.87456715
17.78378156
17.78242644
17.73779389
17.69873176
17.69746805
17.62335114
17.62016978
17.56823122
17.54286219
17.54169334
17.53867586
17.48269875
17.41771464
17.41067524
17.40171078
17.3545446
17.28061003
17.28029751
17.27988934
17.2287167
17.15717211
17.15585487
17.15397317
17.10693709
17.04096622
17.03845423
17.03490103
16.99185312
16.9349796
16.92813974
16.91170578
16.87991837
16.84140169
16.82493793
16.797159
16.77533775
16.73293689
16.721716
16.70284456
16.68022764
16.63890917
16.63052978
16.61468168
16.59493688
16.55769845
16.55068628
16.53645787
16.52069201
16.48722761
16.48208817
16.46996888
16.45828231
16.42929863
16.42584336
16.41536402
16.40832425
16.38423035
16.38260748
16.37393373
16.3718908
16.35294192
16.35332116
16.34671347
16.34983749
16.33612169
16.33853805
16.33406954
16.34247233