33.9511161
33.94963505
33.95523187
33.93267312
33.93225231
33.92926825
33.91683016
33.88110198
33.87544596
33.84847659
33.82728627
33.81121302
33.76908121
33.73472105
33.68969953
33.66296656
33.63319375
33.56947448
33.5542249
33.46970769
33.4611706
33.45903563
33.36884029
33.3455172
33.27208149
33.22641457
33.18144115
33.10485025
33.0779982
32.97794583
32.97300297
32.95067596
32.87740534
32.8534993
32.78076782
32.72792393
32.67894501
32.60195992
32.57276305
32.47785044
32.46115026
32.39717276
32.3575883
32.34000618
32.26285667
32.20697003
32.17141443
32.107014
32.07816608
32.04472893
31.99953453
31.91332116
31.89583301
31.88593832
31.79042381
31.78516466
31.71397279
31.69996015
31.6498929
31.62143141
31.54478039
31.51994561
31.44396103
31.4398656
31.43655005
31.3725928
31.32594903
31.29625374
31.23093258
31.20108645
31.13913422
31.08999391
31.04396543
30.97526958
30.94078662
30.87178687
30.84280828
30.80968422
30.75042812
30.65084029
30.64462733
30.63886273
30.55684243
30.49245068
30.45933122
30.40631534
30.3696315
30.28565344
30.26569864
30.24168997
30.17312359
30.12090411
30.07902509
29.97296885
29.97061393
29.96140214
29.87787427
29.84966788
29.78500944
29.72308831
29.68626267
29.61945119
29.58701666
29.54588663
29.46816487
29.45491032
29.43771196
29.3739307
29.31693399
29.28418016
29.21543139
29.1924189
29.17483742
29.11572236
29.0376168
29.02591615
29.01226681
28.9547338
28.87037632
28.86660307
28.85987831
28.79473282
28.71101134
28.71042747
28.70983339
28.64545635
28.59041341
28.56018858
28.47200079
28.47064441
28.4582198
28.37601243
28.36789995
28.35077978
28.28469715
28.22216498
28.20226619
28.17569298
28.1240827
28.06680853
28.04003654
27.99645426
27.9513811
27.90538053
27.85861626
27.77671557
27.75807114
27.74302052
27.65859658
27.60757755
27.56401718
27.46840283
27.46026387
27.45386372
27.37829492
27.29831615
27.28201057
27.26004645
27.20178729
27.12336898
27.11017925
27.09832346
27.03216054
26.97953775
26.94249987
26.89145573
26.81408916
26.80568686
26.79718505
26.72829369
26.67646372
26.63906786
26.58602865
26.51363851
26.50221889
26.49114264
26.42253096
26.35964589
26.33293601
26.25138202
26.24026013
26.23530438
26.15980273
26.12900138
26.07880206
26.0236459
25.99460153
25.92043453
25.90635832
25.8294038
25.81482295
25.81026742
25.74060175
25.69839763
25.65736639
25.59683421
25.57591304
25.55216529
25.50773552
25.42589682
25.42437498
25.42020196
25.35494452
25.32092564
25.28006256
25.21033503
25.19616725
25.11320136
25.09692587
25.09420747
25.08903825
25.01428115
24.94269999
24.92486807
24.89760479
24.8542658
24.81878437
24.78484391
24.71075569
24.70556457
24.63380949
24.61665192
24.61552094
24.6135095
24.54973665
24.47934652
24.4721322
24.46348061
24.40625189
24.35786112
24.33620939
24.31236871
24.28325853
24.24814837
24.22660265
24.1898687
24.14450899
24.08952655
24.05519335
23.99672413
23.97516338
23.95267701
23.90751703
23.85254503
23.83341887
23.80502849
23.76717409
23.7221476
23.69861609
23.67190213
23.63523543
23.56630403
23.56560758
23.56509342
23.51530958
23.49116099
23.46229293
23.44003207
23.40125733
23.39500121
23.37173536
23.32505202
23.32042435
23.31911698
23.31482826
23.2737007
23.25080458
23.22098458
23.18799526
23.17675595
23.13970133
23.13876221
23.13529007
23.11960549
23.10962946
23.10241984
23.0825456
23.08235241
23.08162791
23.08276027
23.07309638
23.07363131