39.4524391
39.45088902
39.45646651
39.43260539
39.43210353
39.42892751
39.41505543
39.37692402
39.37069419
39.3418496
39.31875253
39.3015203
39.25572133
39.21870774
39.17026052
39.14147753
39.10912412
39.04066677
39.0241276
38.93314661
38.92390931
38.92160908
38.82398817
38.79884153
38.71916419
38.670041
38.62122309
38.53866015
38.50950554
38.4016233
38.39624712
38.37216399
38.29255916
38.266789
38.18774651
38.13073218
38.0774732
37.99430339
37.96254306
37.85990664
37.84172559
37.77266351
37.7295342
37.71057763
37.62642977
37.56605386
37.52727456
37.45777478
37.42627862
37.39023251
37.34066081
37.24765308
37.22854572
37.21781379
37.11408299
37.10839177
37.03087496
37.01572898
36.96110705
36.93014974
36.84698342
36.81984036
36.7374687
36.73299152
36.72940465
36.6594105
36.60894792
36.57646659
36.50543341
36.47305169
36.40533079
36.35200387
36.30170273
36.227046
36.18932993
36.11461618
36.08285427
36.04698051
35.98187809
35.87395944
35.86715424
35.86090671
35.77076779
35.70085662
35.664811
35.60692297
35.56677218
35.47568047
35.45373365
35.42767245
35.35228453
35.29572126
35.24952424
35.13439272
35.13180979
35.12178845
35.03016304
34.99952502
34.92850319
34.86123548
34.8207755
34.74787545
34.71256182
34.66734661
34.58292034
34.56830707
34.54961806
34.47935525
34.4174376
34.38129042
34.30661726
34.28125725
34.2621818
34.19705783
34.11210413
34.09922331
34.08441822
34.02080942
33.92925959
33.92509177
33.91776715
33.84591538
33.7548504
33.75420698
33.75356055
33.68244022
33.62258927
33.58924145
33.49315133
33.49165431
33.47808827
33.3879519
33.379028
33.36042718
33.28739265
33.21945332
33.19748591
33.16859705
33.11158274
33.04917718
33.01961514
32.97225052
32.9222996
32.87217798
32.82068326
32.73156288
32.71093089
32.69451863
32.60146013
32.54588276
32.49777953
32.39369618
32.38467813
32.37770364
32.29412214
32.20710337
32.18907605
32.16520851
32.10065133
32.01531931
32.00075047
31.9878602
31.91469474
31.85737595
31.81666221
31.76051354
31.67619095
31.66691313
31.65766103
31.58150128
31.52503526
31.48389963
31.42562169
31.34673107
31.33411068
31.32205784
31.24612433
31.17768206
31.14807418
31.0591602
31.04687605
31.04147618
30.95819384
30.92463297
30.8691948
30.80903283
30.7769561
30.69598176
30.68040851
30.59648391
30.58040138
30.57545354
30.49838421
30.45247627
30.40700261
30.34116756
30.31807743
30.29224715
30.2430544
30.15402361
30.15233558
30.14779046
30.07568272
30.0386599
29.99348705
29.91757626
29.90190986
29.81143004
29.79355181
29.7905698
29.78494998
29.70225598
29.62438302
29.60463181
29.57498929
29.52713623
29.48849729
29.45101482
29.37037644
29.36464573
29.28636097
29.2675819
29.2663378
29.26415383
29.19369867
29.11715333
29.10917792
29.09980303
29.03654363
28.98401015
28.96013433
28.93420728
28.90228306
28.86398274
28.84024911
28.80036685
28.75017228
28.69054203
28.65266659
28.58934816
28.56548781
28.54113531
28.49120244
28.43166472
28.4105382
28.37978204
28.33802778
28.28935087
28.26337108
28.23444986
28.19396701
28.11941886
28.11864914
28.11809264
28.06320819
28.03710429
28.00561322
27.98120649
27.93921135
27.93235706
27.9068142
27.85635355
27.85128384
27.84985297
27.84523513
27.79963575
27.77487493
27.74209923
27.70665809
27.69426218
27.65450686
27.6534705
27.6497493
27.6321566
27.62152371
27.61331026
27.59226455
27.59203369
27.59127411
27.59190069
27.58195931
27.582484