49.48040611
49.47879296
49.48400695
49.45861112
49.45795575
49.45453597
49.43825742
49.39695704
49.38980486
49.35842209
49.33238734
49.31356269
49.26219031
49.22137847
49.16804472
49.13633203
49.10005537
49.02491376
49.00643174
48.90617004
48.89589223
48.89335391
48.78465738
48.75686444
48.66772828
48.61365671
48.55898767
48.46772126
48.43505227
48.31571339
48.3096692
48.28300394
48.19368347
48.16519231
48.07644339
48.01328971
47.95342167
47.86105022
47.82532046
47.71111101
47.69062635
47.61401393
47.56534516
47.54436962
47.44922524
47.38215183
47.33830712
47.26123176
47.22555173
47.18566567
47.1290502
47.02596264
47.00428728
46.99227714
46.8758883
46.86954518
46.78215243
46.76530648
46.70351276
46.6686753
46.57551296
46.54470453
46.45257182
46.44748761
46.44349133
46.36386285
46.30762478
46.27070554
46.19080085
46.154531
46.07764112
46.01788382
45.96079918
45.87691779
45.83405375
45.75065083
45.71441877
45.67436596
45.5997984
45.47915717
45.47140321
45.46441929
45.36112853
45.2827079
45.24210244
45.17650935
45.13082766
45.02882681
45.00364918
44.97442365
44.88797037
44.82479471
44.77152882
44.64241269
44.63946349
44.62818208
44.52353685
44.48914762
44.40785203
44.33232475
44.28599461
44.20350343
44.16369306
44.11186769
44.01708443
44.00025487
43.97925606
43.89843686
43.8289182
43.78722123
43.70339394
43.67420606
43.65283864
43.5779355
43.48233887
43.46754031
43.45096402
43.3773687
43.27474908
43.26993517
43.26167172
43.17887131
43.07639231
43.07565206
43.07492404
42.99274959
42.92543831
42.88699379
42.77852753
42.77680094
42.76143327
42.65859877
42.64836138
42.62747236
42.5430418
42.46673032
42.44137966
42.40890153
42.34304181
42.27259718
42.23846925
42.18524675
42.12725124
42.07066981
42.01150017
41.91113081
41.88723588
41.86868124
41.76158094
41.69886228
41.64333101
41.52603049
41.51556535
41.50768918
41.41096397
41.31296789
41.29211602
41.2652992
41.1903653
41.09424595
41.07742136
41.06292475
40.97828234
40.9136115
40.86696671
40.80256599
40.70732286
40.69661472
40.68619241
40.59813086
40.53439665
40.48721528
40.42049566
40.33139799
40.31681174
40.30323546
40.21528267
40.13815524
40.10377705
40.00327831
39.98909431
39.98299797
39.8870452
39.84915454
39.78516381
39.71711296
39.68008693
39.58834681
39.57032156
39.47541004
39.45688211
39.45132617
39.36212028
39.31043026
39.25765069
39.18352503
39.15689752
39.12781566
39.07080656
38.97052518
38.96856365
38.96343362
38.88013005
38.83840592
38.78618706
38.70057971
38.68246328
38.58012619
38.55966611
38.55626108
38.54993874
38.4542535
38.36653397
38.34363551
38.31027134
38.25505854
38.21146369
38.16820906
38.07729821
38.07068929
37.9820875
37.96072281
37.95929593
37.95684407
37.87549226
37.78932182
37.78010169
37.76961178
37.69650667
37.63753676
37.61005264
37.58086075
37.54442838
37.50108944
37.47381203
37.42903797
37.37094716
37.30410963
37.26048204
37.18969294
37.1620801
37.13484689
37.07713529
37.0105623
36.98618647
36.95177556
36.90369927
36.84943751
36.81948774
36.78716504
36.74048958
36.65733224
36.65644362
36.6558219
36.59270014
36.56360314
36.52798727
36.50015848
36.45320688
36.44540119
36.41622131
36.35998859
36.35421592
36.35258928
36.34747733
36.29460054
36.26698204
36.22947997
36.19037826
36.17611897
36.13236201
36.13116879
36.12708149
36.10633196
36.0947528
36.08484298
36.06218358
36.06188632
36.06108306
36.06070643
36.05053759
36.0510247