27.17387923
27.16071998
27.16439567
27.15754872
27.16247907
27.14121671
27.14175737
27.13180097
27.12870617
27.0996714
27.09718475
27.08442468
27.07369285
27.03727697
27.03205692
27.01706044
26.99916428
26.95577833
26.94835841
26.93186414
26.90742272
26.85777852
26.84864041
26.8309304
26.8006854
26.74617212
26.73532606
26.71537221
26.68043221
26.62534577
26.60979672
26.5812167
26.54571022
26.49180205
26.4703984
26.43757336
26.39927919
26.33349581
26.31740316
26.29488806
26.245942
26.16642232
26.16116486
26.14788126
26.09020017
26.05279174
26.02214806
25.98177473
25.95370538
25.90690575
25.88239841
25.8559837
25.81025253
25.72109116
25.71946437
25.71601442
25.64751946
25.59286017
25.56191652
25.49142286
25.46677949
25.45030933
25.37517429
25.35111798
25.30660918
25.2266753
25.21005573
25.11574181
25.10264477
25.00800704
24.99423233
24.89893229
24.88321507
24.79274611
24.76760846
24.67113196
24.66733203
24.55648969
24.55096485
24.4376174
24.43474572
24.33866208
24.31640906
24.21631372
24.20271512
24.09721634
24.08452387
23.97704929
23.96899524
23.86685712
23.85622919
23.75524466
23.74545516
23.64624543
23.62413697
23.51046314
23.50749269
23.47998781
23.39340361
23.38381138
23.28602425
23.28496681
23.28036296
23.18722788
23.16093177
23.06549424
23.05212577
22.95024608
22.93929372
22.84167113
22.82658267
22.73046955
22.71482167
22.62450723
22.5984973
22.51128248
22.49274281
22.39205415
22.37833942
22.27410425
22.26215915
22.15730334
22.14910471
22.04315657
22.03867522
21.93615478
21.93318248
21.82848273
21.82439183
21.72342897
21.70967112
21.60866947
21.59858712
21.49587767
21.48932637
21.38626428
21.38300228
21.28457958
21.27800005
21.17777588
21.17126714
21.07229862
21.06648222
20.96685499
20.95540238
20.86991251
20.84780332
20.75869057
20.75140376
20.6590504
20.64917928
20.56173662
20.54744361
20.4596883
20.44525057
20.36001698
20.33929234
20.25195309
20.24345506
20.15504374
20.13496866
20.04483188
20.04186368
19.94531297
19.94386656
19.89637774
19.85476427
19.85342102
19.77444367
19.77107682
19.71590843
19.68889835
19.68764891
19.68445949
19.62430844
19.55574541
19.54816027
19.53868953
19.48803749
19.40999398
19.40965752
19.40922642
19.354227
19.2787606
19.27734712
19.27536476
19.22476169
19.15521021
19.15251273
19.14876981
19.10247156
19.04249753
19.03511772
19.01782399
18.98361269
18.94316511
18.9252856
18.89609852
18.8725206
18.82802019
18.8158493
18.79603573
18.77156402
18.72824995
18.71913977
18.70252263
18.68109282
18.64210524
18.63444878
18.61955362
18.60235163
18.56737869
18.56172239
18.54906248
18.53618944
18.50597348
18.50210658
18.49119234
18.48325062
18.45821917
18.45629474
18.44729971
18.44465424
18.42507065
18.42526962
18.41846508
18.42129174
18.40724974
18.40961129
18.40507265
18.4134886