18.64166979
18.629154
18.63282146
18.62647815
18.63202547
18.61265269
18.61367999
18.60471573
18.60347371
18.5775372
18.57601388
18.56470062
18.55701578
18.52486373
18.52103441
18.50786906
18.49416684
18.45616393
18.45047338
18.436096
18.41693842
18.37371386
18.36657668
18.35122355
18.32722423
18.27998857
18.27143239
18.25420864
18.22632174
18.1787576
18.1664417
18.14184101
18.11349303
18.06698435
18.05003619
18.02193672
17.99126628
17.93500294
17.9221934
17.90295326
17.86372129
17.7961282
17.79176844
17.78056134
17.7337208
17.70218847
17.6773281
17.6432521
17.62068415
17.58116697
17.56147361
17.53914527
17.50252309
17.42737267
17.42607753
17.42317569
17.36821937
17.32227837
17.29757951
17.23841639
17.21869144
17.20486917
17.14364913
17.12349624
17.08810023
17.02136508
17.00801876
16.9307133
16.92006755
16.84263539
16.83144938
16.75374566
16.74098848
16.6675506
16.64727632
16.56786761
16.56481131
16.47460606
16.4701617
16.37803661
16.37571698
16.29855768
16.2806189
16.19908211
16.18816164
16.10249968
16.09232211
16.00523257
15.99878295
15.91638661
15.90787553
15.82632786
15.81848036
15.73890858
15.72128388
15.62883702
15.62648087
15.60424604
15.53523464
15.52736451
15.44841819
15.44757824
15.44379569
15.36990917
15.34889121
15.27182662
15.26122005
15.1792404
15.17053015
15.09238366
15.08038282
15.00340273
14.99094145
14.91897897
14.89833064
14.82817799
14.81351871
14.7327298
14.72189024
14.63823026
14.62878066
14.54480857
14.53833494
14.45359967
14.45006299
14.36826684
14.36591531
14.28219869
14.27895775
14.19898944
14.18811351
14.10738302
14.09943622
14.01735906
14.01219786
13.9299296
13.92735596
13.84905203
13.84385538
13.76389171
13.75875747
13.68000734
13.67541499
13.5962417
13.58715692
13.51959453
13.50214949
13.43042695
13.42469503
13.35110467
13.34330223
13.2737705
13.26246199
13.19238762
13.180961
13.11341265
13.09707863
13.02676544
13.02005207
12.94998278
12.93416019
12.86129821
12.85896533
12.78163005
12.7804893
12.74252649
12.70943414
12.7083559
12.64561969
12.64286768
12.59845479
12.57692513
12.57594621
12.57332522
12.52724591
12.47048942
12.46475055
12.45695269
12.41805338
12.35357621
12.35332072
12.35296534
12.31088637
12.24835594
12.24726679
12.24561604
12.20707616
12.14932809
12.14725658
12.14413878
12.10883835
12.05909561
12.05355027
12.03908193
12.01308344
11.97896361
11.96592448
11.94135211
11.92375352
11.88612723
11.87720537
11.86047574
11.84233298
11.80553878
11.79893567
11.78482918
11.76917004
11.73588231
11.7304457
11.71771941
11.70546046
11.67538221
11.67151795
11.6606067
11.65184658
11.62560181
11.62317587
11.61365522
11.60887749
11.58683166
11.58598133
11.57799827
11.57751698
11.55990654
11.5607739
11.55456456
11.55853562
11.54543455
11.54804372
11.54367637
11.55219859