8.723240371
8.711463841
8.715199451
8.709531818
8.716220936
8.699448998
8.701288131
8.693734176
8.695480285
8.673955378
8.673960679
8.664744773
8.661837476
8.635850067
8.634192561
8.623709929
8.616511105
8.586363536
8.583354839
8.572100791
8.561096654
8.527302325
8.523258029
8.511400192
8.497012508
8.460520919
8.455497779
8.442338028
8.425293505
8.38887191
8.381541687
8.362878168
8.345538831
8.310002336
8.299926591
8.278909184
8.25995418
8.217913983
8.21016291
8.195838172
8.171530299
8.121843479
8.118843697
8.110762626
8.080512017
8.057854345
8.041843833
8.017247768
8.003128301
7.974593279
7.962290017
7.94610177
7.923478547
7.86945086
7.868666108
7.866592864
7.832418332
7.799615847
7.784512883
7.742459773
7.730281206
7.720443907
7.680457124
7.666187939
7.64478141
7.597985993
7.589651547
7.538201392
7.531296347
7.480014868
7.472776891
7.421829588
7.413583924
7.366055575
7.353198549
7.29964127
7.297718904
7.238849162
7.236050963
7.176141226
7.174661405
7.126289437
7.114910921
7.061490218
7.054642022
6.999034212
6.992679105
6.936479297
6.932467443
6.879997477
6.874700695
6.822594836
6.817693966
6.767892373
6.757073235
6.696709039
6.695285546
6.681023654
6.638668767
6.6333919
6.582944953
6.582434954
6.579889044
6.535188244
6.522167968
6.472888434
6.466469895
6.414593591
6.409281741
6.360620549
6.353299466
6.305284647
6.297652803
6.253494509
6.240975467
6.196645128
6.187872161
6.137213805
6.130736613
6.078235963
6.072573729
6.020257492
6.016403468
5.963846082
5.961744772
5.911411633
5.910003648
5.858143173
5.856194852
5.808155523
5.8016665
5.751766193
5.747073256
5.696403073
5.693361833
5.6427804
5.64125752
5.593645317
5.590561605
5.541530178
5.538498567
5.490662034
5.487944403
5.440077936
5.434624418
5.394545583
5.384263383
5.33921837
5.335877685
5.291118271
5.286501799
5.244531892
5.237826732
5.194990886
5.188216767
5.147973068
5.138434417
5.094441975
5.090495795
5.048830293
5.039612895
4.993558985
4.992214736
4.944749102
4.944084951
4.920961764
4.901144001
4.90047779
4.863083203
4.861287533
4.833677311
4.820709268
4.820153992
4.818425034
4.794370374
4.756101796
4.753253892
4.748091381
4.727626742
4.684478375
4.684350043
4.684114429
4.662360179
4.620239546
4.619661159
4.618531996
4.599016743
4.559955021
4.55887181
4.556740088
4.538832624
4.505319511
4.50267776
4.492718512
4.479742524
4.455658161
4.450280767
4.433100821
4.424985672
4.398304923
4.394535998
4.382765076
4.3746765
4.348293669
4.345670579
4.335615226
4.329134361
4.304970853
4.303059779
4.293845142
4.289452739
4.267228493
4.266208389
4.258139115
4.255923522
4.236065132
4.235920893
4.228675722
4.228926024
4.211695271
4.21253685
4.206218447
4.209165551
4.194753271
4.196659901
4.19144574
4.197212151
4.185657577
4.188628849
4.184573989
4.193227546