22.71792817
22.70502183
22.70871579
22.70208881
22.70737114
22.68695997
22.68775709
22.67825572
22.67610637
22.64850382
22.64650309
22.6344175
22.62520558
22.59078328
22.58625489
22.57211935
22.55629625
22.51544406
22.50887878
22.49338532
22.47154472
22.42493637
22.41678406
22.40019278
22.37301472
22.32195543
22.3122356
22.29358163
22.26210163
22.21059466
22.19663507
22.16995369
22.13796032
22.08757654
22.0683645
22.03780235
22.0032485
21.94202493
21.92754611
21.90660157
21.86242292
21.78863755
21.78381608
21.77153444
21.71915743
21.68458721
21.65677448
21.61944054
21.5940719
21.55078823
21.5286447
21.50420141
21.46294844
21.38055892
21.37909547
21.37591081
21.31407109
21.26363159
21.23576264
21.17075928
21.14853595
21.13334841
21.0650285
21.04286509
21.00284922
20.92932707
20.91431802
20.82832202
20.81642741
20.73021014
20.71770581
20.631028
20.61676382
20.53465214
20.51190631
20.42377072
20.42033682
20.31961656
20.31462358
20.21169022
20.20909002
20.12232392
20.10219365
20.01120015
19.99892062
19.90315997
19.89170668
19.79424578
19.78698256
19.69455406
19.68496951
19.59354181
19.58470924
19.49517205
19.47527585
19.37201795
19.36935093
19.34443633
19.26652048
19.25777073
19.16924669
19.16829659
19.16409438
19.08046244
19.05676811
18.97036139
18.95835655
18.86626616
18.85642006
18.76838971
18.75482444
18.66813206
18.65405553
18.57278708
18.54942246
18.47059732
18.45397353
18.36307447
18.35077917
18.25666305
18.24594945
18.15136833
18.14402114
18.04851096
18.04449584
17.95217676
17.9495106
17.8551317
17.85145974
17.7608435
17.74850642
17.65747162
17.64844245
17.55587528
17.55000939
17.45716894
17.45424616
17.36571802
17.35981958
17.2695503
17.26371849
17.17468744
17.16947355
17.07989909
17.06961045
16.99293952
16.97312492
16.8925281
16.88600643
16.80286006
16.79400553
16.71535283
16.7025256
16.62343595
16.6104764
16.53392214
16.51535389
16.4363366
16.42871428
16.34929716
16.33130882
16.24960002
16.24694361
16.15978481
16.15848823
16.11565565
16.07821217
16.07699833
16.00596766
16.00289948
15.95297518
15.92864345
15.92752662
15.9246127
15.87138838
15.80853287
15.80185769
15.7931967
15.74832353
15.67683818
15.67654158
15.67614709
15.62749994
15.55827702
15.55702281
15.55520019
15.51052784
15.44666571
15.44427559
15.4408336
15.3999376
15.34489392
15.33841646
15.32247958
15.29230211
15.2548834
15.23939221
15.21241471
15.19177941
15.15056423
15.13999437
15.12165488
15.1002984
15.06009248
15.05221845
15.0367981
15.01821198
14.98193422
14.97537393
14.96150923
14.94674825
14.91409319
14.9093242
14.89749125
14.88665628
14.85831012
14.85516007
14.8449002
14.8385365
14.81489774
14.81351266
14.80498692
14.80343581
14.78475583
14.7852979
14.77876117
14.78218957
14.7685527
14.77105368
14.76657819
14.77509465