0
3.449842271
4.843949894
6.239899662
9.688150651
13.13242169
14.53343328
15.93485438
19.3801327
22.83242809
24.22764681
25.6196802
29.07702229
32.55672001
33.92536234
35.28279062
38.77092194
42.29598252
43.60767032
44.9041244
48.43813071
52.00490202
53.26037272
54.50737239
58.05657149
61.61699557
62.85946485
64.1454528
67.67870426
70.99584445
72.55968986
74.2611575
77.50041652
80.48305248
82.44551496
84.32205854
87.48748872
91.10338882
92.44003024
93.65784373
97.42203877
101.7318055
102.0569314
102.7899252
106.7549786
108.8023322
110.8615671
112.9949806
114.9405992
117.3718617
119.035659
120.3680664
123.4762714
127.9903072
128.1021235
128.2764704
132.7257879
135.4470124
137.4773858
140.9736998
142.539179
143.341555
147.6636448
148.8340564
151.6712899
155.6011945
156.6042937
161.6745768
162.4089703
167.4786183
168.2440243
173.3764025
174.2410346
179.1660295
180.5758988
185.4158313
185.6295714
191.4735429
191.7811224
197.7404784
197.8958712
203.2028359
204.408661
209.529554
210.2741403
215.7210203
216.416054
221.9855293
222.4265706
227.8044059
228.3831074
233.6484328
234.1764507
239.4922268
240.7093364
246.3858577
246.5523662
247.9616547
252.6956522
253.1505551
258.1784211
258.2367881
258.4530345
263.6211798
265.0336651
269.9103361
270.6505994
275.9340195
276.5332947
281.7110265
282.5351907
287.6145804
288.463901
293.3448882
294.7753505
299.2908639
300.3280716
305.6031267
306.3720819
311.8279786
312.4956023
318.0450165
318.5074368
324.1557098
324.4094026
329.943858
330.110713
335.7203555
335.9492103
341.6002147
342.3791272
347.8291905
348.4090927
353.9769643
354.3559837
359.9931706
360.1815505
365.6684874
366.0485662
371.5934142
371.9734458
377.544698
377.8850485
383.559523
384.2208833
389.2397693
390.5550177
395.4193969
395.8619877
401.1779081
401.7706239
406.8942966
407.7572559
412.8532828
413.7330649
418.9033907
420.2034432
425.2074397
425.742255
431.2408953
432.5342294
437.7458953
437.9423602
443.8559971
443.9519262
446.9359367
449.6111151
449.6943069
454.8822549
455.0767927
458.553369
460.3327632
460.4224521
460.6080908
465.3325871
469.22704
469.8629835
470.4295891
474.5186027
479.1838016
479.2128029
479.2395814
483.9387635
488.5926414
488.7125371
488.8340195
493.4542648
497.9337546
498.1781348
498.4206975
502.8846929
507.0208063
507.799136
508.9848827
512.5566392
515.2756579
517.502144
519.6011613
522.4319801
525.677653
527.3159461
528.8666932
532.1875739
535.6169311
537.0322973
538.4535386
541.8799494
545.2977229
546.7360009
548.1571181
551.5775211
555.0314692
556.4124088
557.789281
561.2478582
564.699129
566.089652
567.484719
570.9350505
574.3704857
575.7834908
577.1992385
580.6314998
584.0620859
585.4772501
586.8903437
590.32
593.7586861
595.1602505
596.5575844
600