14.12519421
14.11288008
14.11660777
14.11049324
14.11656868
14.0981203
14.09949711
14.09104741
14.09105053
14.06674295
14.06584811
14.05531785
14.04957494
14.01973601
14.01678566
14.00463374
13.99354813
13.95852061
13.95390784
13.94071943
13.9248273
13.88519846
13.87930023
13.86528521
13.84512597
13.80200831
13.79486514
13.77920425
13.75564597
13.71236975
13.70204784
13.67973803
13.65578978
13.61351189
13.59931598
13.57396323
13.54797678
13.49723869
13.48645454
13.46912547
13.43586583
13.37526394
13.37144249
13.36146216
13.32123849
13.29319119
13.27186505
13.24151285
13.22232824
13.18712503
13.17039472
13.15047914
13.11947623
13.05264199
13.0515521
13.04897694
13.00236875
12.96161496
12.94077761
12.88837697
12.87168981
12.85944418
12.806726
12.78890411
12.75915434
12.70033455
12.68900592
12.62204919
12.61290457
12.54595261
12.53635256
12.46939224
12.45844889
12.39543658
12.37815244
12.30909955
12.30650102
12.22890686
12.22512742
12.14598027
12.14399959
12.07848797
12.0632001
11.99299239
11.9837202
11.910187
11.90155802
11.82694792
11.82148672
11.75120265
11.74399533
11.67436417
11.66771193
11.60021893
11.58536028
11.50587627
11.50389984
11.48489373
11.42672361
11.41989855
11.35250084
11.35179526
11.34851087
11.28651547
11.26874888
11.20294714
11.1940471
11.12428549
11.11695929
11.05080041
11.04070563
10.97550079
10.96500598
10.90436444
10.88702941
10.82736161
10.81510425
10.74655958
10.73750032
10.66650093
10.65859652
10.58749436
10.58208997
10.51044083
10.50749004
10.43849699
10.43653029
10.3657672
10.36305317
10.29610107
10.28701412
10.21881611
10.21219703
10.14288458
10.13858831
10.0691992
10.06705397
10.00123363
9.996897911
9.929501172
9.925223653
9.859037936
9.855208938
9.788760085
9.781151208
9.724772085
9.710241515
9.64930897
9.644550384
9.582652624
9.576144528
9.517791877
9.508351952
9.449305847
9.43976637
9.383290339
9.369714165
9.310015147
9.304423258
9.245857258
9.232711419
9.170628442
9.168696208
9.10339932
9.10245136
9.070467877
9.042732888
9.041820502
8.989307393
8.986937666
8.949270064
8.93118843
8.930380834
8.928114621
8.890989468
8.841565831
8.837004988
8.830252694
8.798834725
8.742809697
8.742605911
8.742297931
8.708461292
8.653994484
8.653111989
8.651666943
8.620837866
8.570453003
8.568781045
8.566051461
8.537787233
8.494433868
8.490065885
8.477361407
8.456625609
8.426420495
8.416501047
8.394805667
8.381049029
8.347678505
8.340850096
8.326043479
8.311972959
8.279209256
8.274224024
8.261680881
8.249743272
8.219971599
8.215970834
8.204592
8.195530859
8.168460368
8.165759026
8.155929919
8.149842369
8.126022209
8.124536007
8.115872004
8.113166159
8.092923467
8.09278025
8.085411792
8.086371125
8.069926765
8.071244034
8.065385574
8.070154476
8.057569534
8.060361622
8.056076947
8.064742805