29.48488425
29.4715963
29.47526296
29.46830422
29.47305757
29.4513641
29.45177492
29.44158744
29.43801556
29.40825571
29.40552273
29.39242011
29.38092038
29.34349495
29.33792395
29.32248999
29.30354536
29.25887556
29.2510216
29.23401844
29.20826028
29.1570767
29.14743747
29.1291582
29.09735882
29.04109286
29.02967376
29.00905809
28.97236283
28.91545921
28.89910083
28.8695538
28.83226417
28.77656615
28.75404614
28.72006774
28.67987438
28.6117725
28.59485716
28.57154113
28.5201723
28.43773312
28.43225465
28.4184615
28.35808023
28.31922503
28.2871423
28.24522371
28.21577757
28.16718719
28.14147774
28.11406186
28.06604873
27.97344248
27.97173229
27.96814718
27.89626475
27.83946227
27.80695108
27.73366438
27.70779114
27.690671
27.61206873
27.5870524
27.54025752
27.45706842
27.43962774
27.34109191
27.32738216
27.22847252
27.214051
27.11438033
27.09792394
27.00322162
26.97686824
26.87617045
26.87218458
26.75622096
26.75042619
26.63181479
26.62880549
26.52801604
26.50468822
26.40000287
26.38573705
26.2753322
26.26201364
26.14949868
26.14104551
26.03402465
26.02287079
25.91708629
25.90681505
25.80275194
25.77953107
25.6606392
25.65751633
25.62871487
25.53779038
25.52777772
25.42535838
25.42424737
25.41944312
25.32156117
25.29396376
25.19402375
25.17997396
25.07321828
25.06171395
24.95931848
24.94347102
24.84267656
24.82624677
24.73144212
24.70411749
24.61274439
24.59325362
24.48771785
24.47329933
24.36406016
24.35150527
24.24157411
24.23295438
24.12185609
24.11714444
24.00959574
24.00647242
23.89669143
23.89239413
23.78634234
23.77188533
23.66598867
23.65538861
23.54770352
23.54081569
23.43274425
23.42931591
23.32604876
23.31913562
23.21404319
23.20720325
23.1033796
23.09726874
22.99273515
22.98071442
22.89092436
22.86769625
22.77443769
22.7667781
22.66994506
22.65957926
22.56786357
22.55285804
22.46089467
22.44573915
22.35629393
22.33452304
22.24315145
22.23422899
22.14146119
22.1203756
22.0261632
22.02304413
21.92195387
21.92043503
21.87069733
21.82706949
21.82566377
21.74285034
21.73933948
21.68164242
21.65334043
21.65202701
21.64870498
21.58521152
21.51390267
21.50587855
21.49601852
21.44258104
21.36138583
21.36103016
21.36058148
21.30252324
21.22405994
21.2225698
21.22051078
21.16705437
21.0947749
21.09192962
21.08804242
21.03914751
20.9768111
20.96899769
20.95105467
20.91490587
20.87300894
20.85398182
20.82373868
20.7987476
20.75267672
20.73973715
20.71921971
20.69325272
20.6484542
20.63875076
20.62156271
20.59876833
20.55848765
20.5503052
20.53491897
20.51654568
20.48046773
20.47438559
20.46133205
20.44748081
20.41637449
20.41216335
20.40093811
20.3922384
20.36654487
20.36436108
20.35514357
20.35197144
20.33195962
20.33199302
20.32506224
20.32759773
20.31336576
20.31565903
20.31109191
20.3194562