27.27524669
27.27379927
27.27978
27.25821637
27.2579197
27.25510194
27.24453473
27.21100819
27.20605801
27.18087393
27.16188533
27.14694369
27.10896614
27.07735842
27.03587004
27.01125685
26.98440742
26.92548896
26.91168111
26.83388519
26.82611439
26.82415219
26.74212675
26.72072987
26.65432468
26.61223342
26.57161823
26.50137089
26.47714094
26.38545368
26.381012
26.3605747
26.29456251
26.27264097
26.20717376
26.15882495
26.11480415
26.04459171
26.01837842
25.93201552
25.91705163
25.85862706
25.82321858
25.80711345
25.73828208
25.68733306
25.65561236
25.59678671
25.57110949
25.54048518
25.50068489
25.42188419
25.40634653
25.397405
25.31138196
25.30660613
25.24286833
25.23011305
25.18548208
25.1599452
25.0907711
25.06872955
25.0000333
24.99640001
24.99338828
24.93678547
24.89443317
24.86811983
24.80948098
24.78254218
24.72757806
24.68325075
24.64239165
24.58062792
24.55007578
24.48754781
24.46199031
24.43197777
24.38000353
24.28991171
24.28442399
24.27920853
24.20730679
24.1493003
24.11961821
24.07246111
24.03999794
23.96418064
23.94671613
23.9250803
23.86503122
23.81773576
23.78133088
23.68575445
23.68368062
23.67541827
23.60187023
23.57647619
23.51971363
23.46398825
23.43167727
23.3721358
23.34309656
23.30704933
23.23709699
23.22555592
23.21009293
23.15445748
23.10316123
23.07470419
23.01282069
22.99276241
22.97689341
22.9253244
22.85522712
22.84500346
22.83267644
22.7828913
22.70681482
22.7035424
22.69752643
22.64084206
22.5657074
22.56519828
22.56466567
22.50885317
22.45941603
22.43313393
22.35429376
22.35311513
22.34205773
22.26956641
22.2624638
22.24705965
22.18981178
22.13356248
22.11628081
22.09240348
22.04764719
21.9964484
21.97321024
21.93402524
21.89521476
21.85409824
21.81324948
21.73982365
21.72371519
21.7102884
21.63670999
21.59109044
21.55328295
21.4676416
21.46062984
21.45491247
21.3895543
21.31785412
21.30374095
21.28399314
21.23382177
21.16354424
21.15210398
21.14145716
21.08421819
21.03715576
21.00469049
20.96000964
20.89092382
20.88363132
20.87601304
20.81638054
20.77005595
20.73733174
20.69079695
20.62615469
20.61626413
20.60633927
20.54710276
20.49079115
20.46781399
20.39507048
20.38542675
20.38099943
20.31534459
20.28783076
20.24429509
20.19514744
20.16996271
20.10401784
20.09186008
20.02328381
20.01060563
20.00650886
19.94633503
19.90851418
19.87321538
19.81897825
19.80081391
19.77953333
19.74123264
19.66794445
19.66663785
19.66291109
19.60641163
19.5759678
19.54062591
19.47828587
19.46604077
19.39215167
19.37787939
19.3754879
19.3708524
19.30629163
19.24221026
19.22685668
19.20242963
19.16485351
19.13315612
19.10374391
19.03749825
19.03299659
18.96916457
18.95400512
18.95301635
18.95120818
18.89598832
18.8329423
18.82670485
18.81889515
18.76940727
18.72590487
18.70708309
18.685737
18.66012408
18.62889121
18.61011559
18.57709876
18.53796353
18.48845506
18.45862698
18.40580379
18.38720224
18.36689792
18.32785676
18.27820183
18.26163197
18.23601081
18.20311113
18.16228328
18.14187174
18.11773115
18.08592254
18.02347448
18.02287162
18.02240681
17.97907295
17.95717746
17.93147398
17.91187153
17.87683795
17.87132025
17.85088026
17.80853385
17.80445033
17.8032938
17.79937106
17.76398022
17.74323835
17.7170886
17.68679845
17.677013
17.64288955
17.64207279
17.63886714
17.62570166
17.61640119
17.61056254
17.59179372
17.59165551
17.59095797
17.59298472
17.58337115
17.58394714