22.38317586
22.37032612
22.37400965
22.36742163
22.37271911
22.35243584
22.35325093
22.34381693
22.34175339
22.31434898
22.31239388
22.3004024
22.29134539
22.25719039
22.25273294
22.23871441
22.22311362
22.18259681
22.17612317
22.16076405
22.13921083
22.09300236
22.08495869
22.06851671
22.04168502
21.99107999
21.98148678
21.96300586
21.93192283
21.88088717
21.86710872
21.84068045
21.80909415
21.75917798
21.74021766
21.70995617
21.67584116
21.61521768
21.60092685
21.58019168
21.53657593
21.46354179
21.45877445
21.44662186
21.39488475
21.36068297
21.33321237
21.29627238
21.27122612
21.22840178
21.20654122
21.18235448
21.1416345
21.06012676
21.05868255
21.05553249
20.99448866
20.94459464
20.91708984
20.85279715
20.83086248
20.81583979
20.74835352
20.72643328
20.68694605
20.61424398
20.59942669
20.5144568
20.50270832
20.41752469
20.40517424
20.31954745
20.30545886
20.22435609
20.20189544
20.11479268
20.11140211
20.011905
20.00697485
19.90529491
19.90272696
19.81705576
19.79717615
19.70727831
19.69515306
19.60055443
19.58924534
19.49297332
19.48580172
19.39451362
19.38504967
19.29474433
19.28602235
19.19760421
19.1779605
19.07593942
19.07330663
19.04869534
18.97176795
18.9631197
18.8756752
18.87473726
18.87058352
18.78802082
18.76462293
18.67926756
18.66741568
18.57645476
18.56673315
18.47979702
18.46640301
18.38078574
18.36688617
18.2866386
18.2635699
18.18570983
18.16929856
18.07951921
18.06738114
17.97442239
17.96384542
17.8704348
17.86318173
17.7688579
17.76489428
17.67372935
17.67109718
17.57789068
17.57426538
17.48480354
17.47262417
17.38272359
17.37381072
17.28239828
17.27660809
17.18493015
17.18204498
17.09463538
17.08881273
16.99967722
16.99392065
16.90601703
16.90087035
16.81243483
16.80227757
16.72659652
16.70703852
16.62743857
16.62100208
16.53891102
16.53017102
16.45252313
16.4398617
16.36177365
16.34898179
16.27341727
16.25509202
16.17705972
16.16953679
16.09114918
16.07339701
15.9927007
15.99007944
15.90402619
15.90274666
15.86046095
15.82350151
15.82230301
15.75219397
15.74916287
15.69986637
15.6758479
15.67474601
15.67186705
15.61939303
15.55727648
15.55069763
15.54214029
15.4978968
15.42725857
15.42696622
15.42657645
15.37861784
15.31021087
15.30897418
15.30717272
15.26313875
15.20002677
15.1976703
15.19426826
15.15395529
15.09956002
15.09317737
15.07742471
15.04768024
15.01068262
14.9954309
14.96876059
14.94843133
14.90767773
14.8972693
14.87913724
14.8581006
14.81833961
14.8105879
14.79533966
14.77703855
14.74115693
14.73470189
14.72098944
14.70646424
14.67415889
14.66947103
14.65776514
14.6471161
14.61906544
14.61597576
14.60582266
14.59958839
14.5761869
14.57484012
14.56639917
14.56491784
14.5464148
14.54697112
14.54049459
14.54393183
14.53041052
14.53290117
14.52846059
14.53692387