36.91401898
36.91250306
36.91806183
36.89480781
36.8943387
36.89125133
36.87798818
36.84095009
36.8349672
36.80696622
36.78469877
36.76798926
36.72378897
36.68795582
36.64102547
36.61315278
36.58192114
36.51556604
36.49958737
36.4114531
36.40252151
36.40029423
36.3059039
36.28155891
36.20458026
36.15697633
36.10981513
36.02985863
36.00169375
35.89721789
35.89202729
35.86870544
35.79181846
35.76686077
35.69052103
35.63531631
35.58388657
35.5033883
35.47272202
35.37341365
35.35586371
35.28899398
35.24737479
35.2290145
35.14784315
35.08940347
35.05199535
34.98469251
34.95432179
34.91940529
34.87168733
34.78160822
34.76318851
34.75281647
34.65260113
34.64709605
34.57227719
34.55761974
34.50493905
34.47504707
34.39467366
34.36851246
34.28888041
34.28456566
34.28109567
34.21367081
34.1648497
34.13355515
34.06496592
34.03367389
33.96841132
33.91688302
33.86840394
33.79630487
33.7599682
33.68771228
33.65713655
33.62244803
33.5598359
33.4555007
33.44894824
33.44290902
33.35623295
33.28869407
33.25390532
33.19810367
33.15943719
33.07141029
33.05031503
33.02513626
32.9526626
32.8979747
32.85362314
32.74239941
32.73991419
32.730241
32.64208513
32.6124963
32.54420173
32.47923929
32.44033791
32.37005618
32.33598139
32.29251886
32.2109841
32.19695399
32.17890693
32.11142444
32.05163073
32.01694062
31.94482231
31.92046945
31.90204009
31.83949728
31.75749687
31.74512279
31.7308176
31.66981881
31.58137365
31.57737559
31.57030931
31.50133995
31.41344324
31.41282546
31.41220158
31.34398105
31.2862056
31.25420224
31.16151893
31.1600825
31.14700843
31.06028775
31.05171311
31.0337521
30.96371117
30.89810372
30.87702647
30.84913771
30.79445129
30.73425735
30.70589592
30.66016399
30.61231542
30.56396883
30.51451167
30.42850416
30.40872957
30.3929033
30.30356563
30.24995075
30.20380407
30.10337078
30.09473203
30.08800457
30.00787651
29.92388796
29.90660178
29.88355459
29.8217119
29.73935456
29.72537951
29.71293501
29.64278697
29.58748893
29.5483572
29.49440576
29.41307377
29.40417281
29.39524354
29.322214
29.26774028
29.22821311
29.17218826
29.09608867
29.0839848
29.07235164
28.9995696
28.93351188
28.90515241
28.81939322
28.8076086
28.8023994
28.72246057
28.69008323
28.63689686
28.57887994
28.54810639
28.47004736
28.45511784
28.37417497
28.3587368
28.35395699
28.28006681
28.2357426
28.19217795
28.12860427
28.10644404
28.08150319
28.03435516
27.94839073
27.94677411
27.94238747
27.87321546
27.83747404
27.79414839
27.72087178
27.70584768
27.61856727
27.60137362
27.59850421
27.59307627
27.51378123
27.43858293
27.41965404
27.39102033
27.34509728
27.30780076
27.27183259
27.193974
27.18847383
27.11296166
27.0948723
27.09367645
27.09156569
27.02396536
26.95002663
26.94237605
26.9333075
26.87262235
26.82184191
26.79891448
26.77386929
26.74314165
26.70619189
26.68339025
26.64483919
26.59670938
26.53903741
26.50267196
26.44139696
26.41851853
26.39495021
26.34705395
26.28943939
26.26916595
26.23940394
26.19931098
26.15216924
26.12723339
26.09923865
26.06038308
25.98819452
25.98745608
25.98691733
25.93420751
25.90892363
25.87854426
25.85504832
25.81440869
25.80780824
25.78323483
25.73436048
25.72947856
25.72810022
25.72362053
25.67993975
25.65596063
25.62444705
25.59002752
25.57812683
25.53949728
25.53850259
25.53488541
25.51811858
25.50775569
25.49997939
25.4794116
25.47919731
25.47845182
25.47931264
25.46946988
25.47000052