42.59390631
42.59233289
42.5978159
42.5734308
42.57288169
42.56962371
42.55499284
42.51580858
42.50928551
42.4796046
42.45556592
42.43780933
42.39022053
42.35196941
42.30193288
42.27219598
42.23858433
42.16794852
42.15078585
42.05679571
42.04722341
42.04484593
41.9436661
41.9176631
41.83495907
41.78423272
41.73354616
41.64817754
41.61790227
41.50633396
41.50074534
41.47583326
41.3931343
41.36648798
41.28435829
41.22537283
41.17001487
41.08390003
41.05088048
40.94454728
40.92563641
40.85416059
40.8092768
40.78967244
40.70204687
40.63953114
40.59915042
40.52723147
40.4944134
40.45713741
40.40534768
40.30912124
40.28920335
40.27806466
40.17031868
40.16441966
40.08377825
40.06809019
40.01120182
39.97901671
39.89267737
39.86437846
39.77890748
39.77423882
39.77052159
39.69748991
39.64519108
39.61130976
39.53746826
39.5038517
39.43323939
39.37787142
39.32543103
39.24785056
39.20851161
39.13103788
39.09786773
39.06066522
38.99258518
38.88062823
38.87352402
38.86704239
38.77276485
38.70015706
38.66266755
38.60234735
38.56045139
38.4658979
38.44293442
38.41587076
38.33700084
38.27833605
38.22991725
38.11035224
38.10765393
38.09723378
38.00150532
37.96967701
37.89541932
37.82553243
37.78322376
37.7072915
37.67055557
37.62325769
37.53554808
37.52023726
37.5008169
37.42723094
37.36290277
37.32500926
37.24743482
37.22086978
37.20106636
37.13286285
37.04453812
37.03105317
37.01568544
36.9489348
36.8538739
36.8495027
36.8418811
36.76658168
36.6719008
36.67122687
36.67055462
36.59595435
36.53373866
36.49878549
36.39877841
36.39720908
36.38307338
36.28892823
36.27958997
36.26026325
36.1836393
36.11304725
36.09001386
36.05998681
36.00018573
35.93523647
35.90423592
35.85501387
35.80252968
35.75036478
35.69644915
35.60376588
35.58210566
35.56501629
35.46752902
35.4096928
35.35924795
35.25097931
35.24150526
35.23424572
35.14652152
35.05602799
35.03711053
35.01230807
34.94448169
34.85573522
34.84045522
34.82705579
34.75027264
34.69062664
34.64804167
34.58928856
34.50151193
34.4917831
34.48216036
34.40224857
34.34348289
34.30044022
34.23949751
34.15737951
34.1441394
34.13160418
34.05188229
33.98069227
33.94958099
33.85700616
33.8441231
33.83850284
33.75122545
33.71629508
33.65816075
33.59550548
33.56186864
33.47749367
33.46114762
33.37375289
33.35689944
33.35175907
33.27086512
33.22312896
33.1753531
33.10690024
33.08269505
33.05583704
33.00418122
32.91159773
32.90982351
32.90509385
32.82945821
32.79095012
32.74355712
32.66458512
32.64814678
32.5539265
32.5352344
32.53211894
32.5262772
32.43948996
32.35850951
32.33776678
32.30695096
32.25677894
32.21657599
32.17727499
32.09339676
32.08738942
32.00585225
31.98625824
31.98495651
31.98268795
31.90879947
31.8292195
31.82085203
31.81112501
31.74476431
31.69020029
31.66518772
31.63823192
31.60488677
31.56499915
31.54014888
31.49872346
31.4460407
31.38413966
31.3444512
31.27877695
31.25373386
31.22847414
31.1760892
31.11433282
31.09218201
31.06027463
31.0165273
30.96608869
30.93885702
30.90886441
30.86642833
30.7891657
30.78835847
30.78778144
30.73029758
30.70325039
30.67045708
30.644971
30.60141196
30.59425753
30.56756608
30.51528455
30.50999292
30.50850018
30.50372621
30.4558258
30.43016436
30.39589405
30.359299
30.34631358
30.30529559
30.30420958
30.30037268
30.28177993
30.27084936
30.26209836
30.24054445
30.24029256
30.23951918
30.23982622
30.22981524
30.23032797