16.51056339
16.50925689
16.51550577
16.49682908
16.49674985
16.49436859
16.48745531
16.45947725
16.45596597
16.43516119
16.42085765
16.4086321
16.37963442
16.35435119
16.32104651
16.30132006
16.28079889
16.23313988
16.22248886
16.16018236
16.15411229
16.15254574
16.08861239
16.07159846
16.0205226
15.98670969
15.95556889
15.89974944
15.88121023
15.80849379
15.80512952
15.78896188
15.73861762
15.72120366
15.67138696
15.63316935
15.59979465
15.54469105
15.52486924
15.45744414
15.44618302
15.40019083
15.37363421
15.36086663
15.30957301
15.26960971
15.24597551
15.19962892
15.18059376
15.15631734
15.12760452
15.06541617
15.05394725
15.04707072
14.98145289
14.97773775
14.92979734
14.91982043
14.88660094
14.86729205
14.81424481
14.79801658
14.7451072
14.74243342
14.74008814
14.698689
14.66573677
14.64642368
14.60199893
14.58132043
14.54085427
14.50687065
14.47674439
14.42975378
14.40733181
14.35886474
14.34031328
14.31705529
14.27986103
14.21028559
14.2062856
14.20225644
14.15085117
14.10648483
14.08405434
14.04906682
14.02528158
13.96697472
13.9545385
13.93796695
13.89511176
13.85845761
13.83298498
13.75975666
13.75825535
13.75199465
13.69874908
13.67933507
13.63855356
13.59598268
13.57279921
13.52836137
13.5064433
13.48064584
13.42717813
13.4190596
13.4072674
13.36793228
13.32872314
13.30881713
13.26148833
13.24733107
13.23511762
13.19864184
13.14540093
13.1381369
13.12863523
13.09416951
13.03571227
13.03343324
13.02889741
12.98906116
12.93198505
12.93162528
12.9312216
12.89237592
12.85474683
12.8363083
12.7769544
12.77612905
12.76789582
12.71514489
12.71007023
12.69829485
12.65852785
12.6155473
12.60345967
12.58526418
12.55408747
12.51554456
12.49931397
12.46940736
12.44289449
12.41194767
12.38293694
12.32727543
12.31616922
12.30611001
12.25417014
12.21980304
12.19340721
12.12863268
12.12383715
12.11953994
12.07435229
12.0200053
12.01022637
11.99515644
11.9608829
11.90766244
11.899692
11.89159103
11.85200168
11.81654447
11.79329145
11.76140426
11.70955365
11.70446619
11.69870078
11.65741047
11.62256996
11.59924372
11.56584552
11.51734493
11.5104874
11.50297932
11.46227755
11.41974682
11.40412349
11.34971019
11.34300636
11.33968248
11.29370049
11.27305212
11.24279222
11.20613629
11.18864491
11.13973275
11.13138333
11.08024519
11.07137463
11.06825133
11.02692757
10.99834087
10.97438284
10.93340961
10.92075962
10.90468157
10.87854862
10.82327456
10.82239385
10.81960272
10.78059692
10.75768148
10.73336647
10.68656355
10.67815994
10.62323463
10.61304136
10.61131844
10.60781414
10.56362099
10.51538788
10.50497587
10.48655844
10.46056345
10.43683849
10.41653618
10.36685496
10.36374362
10.31650219
10.30547806
10.30477864
10.30340513
10.26540284
10.21795902
10.21368307
10.20769217
10.17378696
10.1407583
10.12768021
10.11164123
10.09323989
10.07016129
10.0570225
10.03197947
10.00538273
9.967681122
9.946994856
9.906444168
9.893814746
9.878254562
9.851583927
9.813493018
9.802116467
9.78251396
9.759707781
9.728104027
9.714047417
9.695523942
9.6735991
9.625382631
9.624970175
9.624613354
9.594482495
9.577549871
9.558547011
9.54448486
9.517615308
9.513641854
9.499065744
9.466284625
9.46333781
9.462496946
9.459398743
9.43561226
9.419616441
9.401057117
9.376929108
9.370119856
9.342747462
9.34218062
9.33959382
9.331407206
9.323736857
9.320536426
9.30461421
9.304576673
9.303960879
9.307414627
9.298375692
9.298992096