48.97094473
48.96932663
48.97462638
48.9492355
48.94859541
48.94518001
48.92908872
48.88788164
48.88079429
48.84950621
48.82365632
48.80489193
48.75386033
48.71322988
48.6601375
48.62856653
48.59253434
48.51771012
48.49934797
48.39957109
48.38935441
48.38682836
48.27880196
48.25115186
48.16262377
48.10881389
48.05453104
47.9637646
47.93133222
47.81267124
47.80667358
47.78016616
47.69151063
47.66317823
47.5751042
47.51232476
47.45292443
47.36113969
47.32569452
47.21224264
47.19192559
47.11580128
47.0675374
47.04668565
46.95235836
46.88572083
46.84225345
46.76567363
46.73030779
46.69066244
46.63459596
46.53216686
46.51068634
46.49876376
46.38327685
46.37697733
46.29031055
46.27357752
46.21231803
46.17776465
46.08530667
46.05477752
45.96332908
45.95829102
45.95432238
45.87542946
45.81958843
45.78300583
45.70374534
45.66774681
45.59155317
45.53224727
45.47567667
45.39245389
45.34998101
45.26718037
45.23129139
45.19152451
45.11769331
44.99794037
44.99025876
44.98332529
44.88105324
44.80323765
44.76296021
44.6979413
44.65267457
44.55143554
44.52650719
44.49750702
44.41190868
44.34918565
44.29647169
44.16834264
44.16542125
44.15423054
44.05057216
44.01644489
43.93593183
43.86098543
43.81510226
43.73331078
43.69382578
43.64250219
43.54844864
43.53178896
43.51095515
43.4309445
43.36195912
43.32068829
43.23750769
43.20861309
43.18740343
43.11324556
43.01840644
43.00375372
42.98729918
42.91447295
42.81262846
42.80786391
42.79966838
42.71770327
42.61603561
42.61530267
42.61458053
42.5332518
42.46646779
42.42841034
42.32083519
42.31912602
42.30388951
42.20199648
42.19185757
42.17112879
42.08756575
42.01184947
41.986756
41.95453083
41.88934287
41.81947973
41.78569934
41.73289067
41.67550966
41.61939794
41.56080519
41.46124227
41.43759476
41.41919753
41.31315459
41.25095656
41.19598868
41.07964066
41.06928554
41.06147566
40.96574956
40.86854984
40.84791352
40.82130724
40.74716676
40.65183213
40.63517915
40.62079757
40.53702938
40.47289421
40.4266974
40.36291835
40.26847923
40.25788002
40.24754261
40.16038969
40.09718982
40.05046779
39.98438514
39.89604478
39.88160918
39.86814423
39.7811142
39.70462872
39.67061722
39.57098726
39.55694931
39.55090441
39.45592443
39.41835568
39.35502337
39.28756497
39.2509207
39.15999518
39.14215947
39.04808167
39.02974268
39.02423164
38.93596774
38.88471211
38.83250017
38.75900858
38.73265555
38.70381958
38.64741908
38.54799884
38.54605862
38.54097386
38.45854456
38.41717876
38.36551089
38.28064971
38.2627252
38.16130938
38.14105102
38.13767876
38.13141021
38.03674432
37.94978835
37.92713732
37.89406584
37.83943165
37.79622155
37.75342182
37.66331537
37.65677589
37.56898626
37.54782528
37.54641274
37.54398161
37.46348931
37.37807789
37.36895633
37.35855276
37.28622798
37.22776285
37.20056469
37.17163259
37.13555612
37.09261877
37.06562176
37.02123215
36.96376557
36.89750401
36.85433017
36.78413251
36.75681585
36.72981457
36.6727161
36.6067001
36.58258071
36.54846353
36.50088579
36.44706561
36.41742821
36.38537935
36.3391895
36.25671706
36.25583775
36.25522131
36.19274261
36.16388533
36.12859094
36.10103174
36.05447082
36.04673997
36.01784194
35.96206615
35.95634826
35.95473667
35.94966312
35.89734013
35.86995069
35.8328085
35.79400063
35.77988227
35.73644292
35.73526149
35.7312027
35.71068695
35.69918613
35.68940095
35.66687432
35.66658193
35.66578222
35.66547247
35.65533092
35.65582041