0
0.387534302
3.988685588
7.652522058
8.063649874
8.412992675
12.28519767
15.66460491
16.74409301
18.92732988
21.50548699
22.60680166
26.71081768
29.03145133
32.06823873
33.67469264
35.93121051
39.40770028
40.46546328
45.03786149
45.5492348
45.65650154
50.84471966
51.98798118
56.24100689
58.33451314
60.88850836
64.49970225
65.99682049
70.6565411
70.93566357
71.97036244
75.84585119
76.89511849
80.71368041
83.05500728
85.62335799
89.09926088
90.62361849
94.94178416
95.81519122
98.60965944
100.6453933
101.3757268
105.3904676
107.8019518
109.6411069
112.3697267
113.8559212
115.2180388
117.7207256
121.2936278
122.1934166
122.6361286
127.0643569
127.2892198
130.7173033
131.3035498
133.7755884
135.1183607
138.5375915
139.7976959
143.1239788
143.3298049
143.4686114
146.7287156
148.6877791
150.1753718
153.1626153
154.4596309
157.5285061
159.6652246
161.9274338
164.9788681
166.6885919
169.5605444
171.0263795
172.3979862
175.5008219
179.6690158
179.9777046
180.2171396
184.4860401
187.2558985
188.7296341
191.2257272
193.0060496
196.5284214
197.5701218
198.5893609
202.1328533
204.2527897
206.5162986
210.9875446
211.1048363
211.5066009
215.6476865
216.839136
220.1021447
222.7209281
224.5831134
227.6155383
229.0404007
231.1243096
234.3958804
235.0952447
235.8243699
239.1432364
241.5358033
243.2816441
246.1608431
247.3598395
248.0794663
251.1442778
254.4837159
255.0827741
255.6377862
258.7605595
262.2274771
262.4297653
262.7233772
266.1402587
269.7087374
269.7389893
269.764499
273.2111019
275.5394533
277.1303345
280.9903072
281.0620194
281.62382
285.5815568
285.9897266
286.7033091
290.2522321
292.8634896
293.915033
295.0335665
297.7883966
300.2949521
301.714224
303.5396955
306.0460337
308.0613476
310.4494931
313.9573731
314.9755605
315.6448043
320.0213874
322.2528466
324.5672266
328.6982032
329.15076
329.4330641
333.5411215
336.9783063
337.8603541
338.7840416
342.0367849
345.4213761
346.1278564
346.6317983
350.2394531
352.549259
354.419151
357.0153865
360.4618308
360.9123605
361.281425
365.0450784
367.3424867
369.2619159
371.9365534
375.1821825
375.8061165
376.2902736
380.1219136
382.8924698
384.4214871
388.1320335
388.7400642
388.9630563
393.0381301
394.4300254
397.1947881
399.7416683
401.3503138
404.8426186
405.6442693
409.2269862
410.0241671
410.2223292
414.2042474
416.1006566
418.5140411
421.2569684
422.4239792
423.5013311
426.1066422
429.8606519
429.9527076
430.1494588
433.9129864
435.4932577
437.8846487
441.1721918
442.0124863
446.0721547
446.9559785
447.1001541
447.3420591
451.8430317
455.2663817
456.3737633
457.6868179
460.2748043
462.0240844
464.087018
467.7566399
468.0754947
471.8120431
472.7484338
472.8141457
472.9116926
476.9107634
480.4805308
480.9383065
481.3527287
485.0628994
487.498118
488.8846273
490.1455894
491.8746821
493.8467155
495.2216336
497.1467458
500.301808
503.2379151
505.5490054
508.6477429
510.2202772
511.4593942
514.7611641
517.8230848
519.2602461
520.9192987
523.7474015
526.3284927
528.1908905
529.8491633
532.8035313
537.125686
537.1859765
537.2208901
541.5223156
543.1790518
545.4146644
547.3837565
550.2668435
550.8506921
553.0577714
556.7840438
557.2311955
557.3551059
557.6994356
562.7856488
565.1106975
568.796857
572.2572727
573.9355405
578.382024
578.5473026
579.042024
583.1836777
584.8604399
587.7124449
591.8195996
591.9755456
592.1704927
596.0368925
599.6231722
600