31.87082467
31.85739629
31.86105414
31.85397372
31.85853957
31.83638108
31.83665258
31.82621444
31.82213277
31.79159166
31.78859327
31.77511908
31.76279631
31.72428244
31.71833236
31.70242341
31.68235227
31.63629633
31.62797244
31.61041593
31.58323951
31.53039096
31.52020788
31.50130853
31.46783069
31.4096655
31.39762303
31.37628531
31.33769012
31.27881454
31.26157402
31.23097058
31.19174764
31.13410471
31.11036614
31.07512521
31.03286978
30.962241
30.94442564
30.92023126
30.86622576
30.78059447
30.77487643
30.76052724
30.69719532
30.65675349
30.62310199
30.57949672
30.54854124
30.49798862
30.47096685
30.44245979
30.39194527
30.29557028
30.29376829
30.29003479
30.21444407
30.15530265
30.12106966
30.04472349
30.01750689
29.99967997
29.91727985
29.89121749
29.8419181
29.75517345
29.73682915
29.63368392
29.61930007
29.51572884
29.50059643
29.39616229
29.37889444
29.27958296
29.25189663
29.14660705
29.14241749
29.02088543
29.01479534
28.89046886
28.88730923
28.78141843
28.75691889
28.64726877
28.63227682
28.51657413
28.50257551
28.38462539
28.37573948
28.2634621
28.25173921
28.14079846
28.13000709
28.02073988
27.99632058
27.87184745
27.86856067
27.8383744
27.74281332
27.73235428
27.62499609
27.62382824
27.6188112
27.51588157
27.48689553
27.38218217
27.36740688
27.25549127
27.24340059
27.13596456
27.11931286
27.01358685
26.99633058
26.89680599
26.8680951
26.77236208
26.75187064
26.64126274
26.62610549
26.51164221
26.49844877
26.38322995
26.3741703
26.2577178
26.2527661
26.14000002
26.13671964
26.02167766
26.01716623
25.90585668
25.89067598
25.77973418
25.76859941
25.65579645
25.64856177
25.53534756
25.53174814
25.42351654
25.41626102
25.30619018
25.29901099
25.19023078
25.18381893
25.07428621
25.06168598
24.96752257
24.94315523
24.84568948
24.83765098
24.73627772
24.72541002
24.62937029
24.61364314
24.51742908
24.50154781
24.40785424
24.38502714
24.28959571
24.28024545
24.18309644
24.16099387
24.06269039
24.0594197
23.9537774
23.95218587
23.90019572
23.85455006
23.85308187
23.76643017
23.76277552
23.70255172
23.67295848
23.67158106
23.6681267
23.60129399
23.52724897
23.51878637
23.50853849
23.4523231
23.36799197
23.36761715
23.36715099
23.30604676
23.22460643
23.22304006
23.22090498
23.16461125
23.08962586
23.08663379
23.08260363
23.03113019
22.96645357
22.95820964
22.93962391
22.90155364
22.85822357
22.83805818
22.80677104
22.78037996
22.73275787
22.71905672
22.69784422
22.6703972
22.62413401
22.61384329
22.5960921
22.57194805
22.53039274
22.52168994
22.50581981
22.48628863
22.4491225
22.44261926
22.42917823
22.41436027
22.38237802
22.37782652
22.36629547
22.35684662
22.33050253
22.32806218
22.31862624
22.3149332
22.2945014
22.29437075
22.28731645
22.28956314
22.27514597
22.2773711
22.27277677
22.28108824