52.71808309
52.71644901
52.72157069
52.6956979
52.69499849
52.69150377
52.6745213
52.63225631
52.62483256
52.59268249
52.56577797
52.54647179
52.49344674
52.45149597
52.39669941
52.36410884
52.3266701
52.24952478
52.23046702
52.12743444
52.11684759
52.11423813
52.00225699
51.97367499
51.88174216
51.82619407
51.76979736
51.67594361
51.64223789
51.51949797
51.51325703
51.48582642
51.39364259
51.36434297
51.27273532
51.20776133
51.14594824
51.05085433
51.01395691
50.89632734
50.8751654
50.79632004
50.74602366
50.72444936
50.62607582
50.55702179
50.51168928
50.43237383
50.39546584
50.35444173
50.29576197
50.18969287
50.16726398
50.15487665
50.03475905
50.02822329
49.93792579
49.92057719
49.8566752
49.82069581
49.72458642
49.6927012
49.5976894
49.59242691
49.58830962
49.5058511
49.44790727
49.40968412
49.32716609
49.2897488
49.21016357
49.1485088
49.08942926
49.00282766
48.95844939
48.87248003
48.83493452
48.7936465
48.71629814
48.59189974
48.58386685
48.57666525
48.46950912
48.38857682
48.34662659
48.27876401
48.23145416
48.12623035
48.10010222
48.06994273
47.98023582
47.91510501
47.85976021
47.72651483
47.72345775
47.71180456
47.60332634
47.5678289
47.48350855
47.40554204
47.35748318
47.27216389
47.23102678
47.17725525
47.0794134
47.06193123
47.04025075
46.95632445
46.88456088
46.84122976
46.75469996
46.72438565
46.7023408
46.62455836
46.52582065
46.51045767
46.49335794
46.41682326
46.31093549
46.30593128
46.29739104
46.21136786
46.10552119
46.10475242
46.10400034
46.01857226
45.94905988
45.90911448
45.79699985
45.79520564
45.77930707
45.67273238
45.66210837
45.6405442
45.55275935
45.47398012
45.44763412
45.41409758
45.3456346
45.2728222
45.23735138
45.18240241
45.12203979
45.06355693
45.00212956
44.89844805
44.87359292
44.85440821
44.74317809
44.67835916
44.62064443
44.49945549
44.48856476
44.48042364
44.37983533
44.27861301
44.25693157
44.22924749
44.1512652
44.05197731
44.03449036
44.01952162
43.93150905
43.86467938
43.81629405
43.74947147
43.65102451
43.63989672
43.62913096
43.53757789
43.47171234
43.4227587
43.35356421
43.26147616
43.24631376
43.23229093
43.14081577
43.06114516
43.02536902
42.92148106
42.9067408
42.90044053
42.80077929
42.76162179
42.69512844
42.6247711
42.58629739
42.49141152
42.47266914
42.37454967
42.35530701
42.34957335
42.25682056
42.20344275
42.14852811
42.07198669
42.04432619
42.0142961
41.95500448
41.85144602
41.84940463
41.84410437
41.75753453
41.7144408
41.66016702
41.57173749
41.55290681
41.44712084
41.42590886
41.42238058
41.41585385
41.31638281
41.22580176
41.20198646
41.16754256
41.11018684
41.06515194
41.02021757
40.92632515
40.91946084
40.8278648
40.80574917
40.80426912
40.80173951
40.71721802
40.62825796
40.61867582
40.60786255
40.53189545
40.47106041
40.44252819
40.41239125
40.37465013
40.32985195
40.30154514
40.25535426
40.19496868
40.1260482
40.08074917
40.00780022
39.97909706
39.95103251
39.89106051
39.82245384
39.79713446
39.76166871
39.71175648
39.65588133
39.62477871
39.59147482
39.54300007
39.4573573
39.45643413
39.45579362
39.39027884
39.36031862
39.32350677
39.294686
39.24630167
39.23822024
39.20798403
39.15008487
39.14410823
39.1424247
39.13717003
39.08217278
39.0537303
39.0148528
38.97469807
38.95989578
38.91498701
38.91374804
38.90955524
38.88788229
38.87603271
38.8656254
38.84250642
38.84218961
38.84137403
38.84069733
38.8304712
38.83094667