46.30260768
46.30101861
46.30631132
46.28143995
46.28082925
46.27749055
46.26193844
46.22167611
46.2148061
46.1842461
46.15912247
46.14081193
46.09117504
46.05157121
45.99979149
45.96901066
45.93395481
45.86094694
45.84307092
45.74575199
45.73580033
45.73333746
45.62810623
45.60114955
45.51495594
45.46245407
45.40960176
45.32107799
45.28949867
45.17376336
45.16792556
45.14207071
45.05575785
45.02812347
44.94237564
44.88114862
44.82332075
44.73382555
44.69931973
44.5887186
44.5689431
44.49469087
44.44772562
44.42738397
44.33561481
44.27063241
44.22834228
44.15363407
44.11923626
44.08055451
44.02608531
43.92614886
43.90525955
43.89364567
43.78116687
43.77502659
43.69067155
43.67435542
43.61476229
43.58111973
43.49104992
43.46136301
43.37225361
43.36735513
43.36348621
43.28680233
43.2323589
43.1967971
43.11962651
43.08456038
43.01047642
42.95270879
42.89770084
42.81666705
42.77537783
42.69467135
42.65980369
42.62104855
42.54936308
42.43266533
42.42520122
42.41844579
42.31916029
42.24336981
42.20416964
42.14093984
42.09695078
41.9983285
41.97413474
41.94588736
41.86280382
41.80168124
41.7505626
41.62577151
41.62293417
41.61204128
41.51137237
41.47814346
41.399982
41.32700817
41.28246867
41.20292514
41.16449997
41.11469046
41.02310904
41.00695386
40.98666827
40.90906252
40.84189414
40.80188476
40.72088712
40.69286418
40.67220706
40.6002819
40.50796971
40.49375541
40.4777282
40.40716581
40.30797224
40.30335477
40.29538039
40.21591146
40.11695482
40.11624407
40.1155412
40.03672667
39.97171897
39.93482556
39.83016978
39.82851305
39.81369882
39.71474915
39.70491244
39.6847308
39.60376433
39.53003846
39.50571681
39.47434718
39.41117717
39.34320662
39.31046702
39.25905371
39.20349937
39.14890514
39.09207468
38.99517235
38.97226875
38.95437224
38.8515484
38.7910262
38.73775358
38.62452343
38.61449752
38.6068984
38.51416574
38.41954961
38.39955556
38.37364869
38.30186231
38.20906304
38.19292395
38.17892258
38.0977655
38.03535522
37.99051843
37.92863253
37.83674291
37.82646939
37.81640719
37.73195919
37.67045754
37.6251172
37.56097104
37.47500558
37.46101602
37.44790824
37.36360035
37.28914112
37.25620822
37.15925991
37.14565248
37.13976991
37.04766526
37.01110285
36.9497073
36.88407272
36.84854815
36.76010121
36.74281899
36.65126997
36.63348422
36.62811535
36.54258578
36.49266994
36.44210119
36.37051603
36.34496124
36.31687655
36.26223318
36.16539818
36.16351934
36.15856816
36.07865547
36.03837145
35.98828576
35.90564552
35.88827057
35.78955418
35.76987845
35.76660212
35.76049505
35.66874007
35.58403297
35.56208582
35.52985939
35.4768747
35.43479469
35.3932869
35.30551491
35.29917173
35.21371547
35.19313733
35.19176591
35.18939614
35.11134093
35.02811164
35.01926784
35.00912016
34.93899156
34.88199197
34.85560001
34.82740491
34.79234191
34.75053755
34.72433359
34.68105661
34.62535196
34.56071895
34.51883278
34.45033355
34.42385475
34.39750319
34.34214381
34.27772705
34.25433411
34.22104163
34.17487938
34.12233239
34.09358413
34.0623028
34.01750214
33.93698587
33.93613323
33.93553148
33.87490637
33.84672745
33.81237028
33.78558122
33.74014939
33.73263293
33.70455872
33.65009839
33.64453962
33.64297265
33.63801326
33.58734038
33.56059802
33.52453394
33.48656219
33.47286904
33.43035053
33.42920497
33.42523131
33.40543517
33.39415046
33.38475071
33.36259976
33.36232228
33.36153319
33.36144881
33.35136361
33.35186067