1.226152296
1.217287647
1.22035967
1.216586551
1.223481132
1.212705606
1.215102176
1.210657412
1.215654555
1.203115865
1.204853716
1.199865502
1.203130092
1.189003945
1.190132593
1.184802222
1.186546444
1.171009202
1.171622473
1.166180444
1.166703021
1.150033875
1.150267422
1.144764122
1.144164058
1.126813168
1.12673622
1.120827663
1.119417606
1.102549168
1.10221618
1.094004605
1.092479338
1.076080574
1.07558904
1.066777246
1.064650329
1.046681957
1.046009611
1.040081169
1.03705532
1.017015272
1.016099367
1.0130403
1.006871484
0.998548772
0.995378675
0.986028096
0.983833708
0.973085378
0.971255881
0.964939086
0.961843598
0.941645751
0.94155643
0.940809854
0.935690201
0.9235857
0.921615921
0.906486942
0.904764219
0.901126321
0.891646212
0.886500428
0.883937458
0.867799003
0.866314211
0.852382223
0.850769006
0.837107287
0.835422679
0.822531366
0.820609606
0.809357647
0.806671251
0.79087721
0.790492519
0.775640803
0.775070158
0.760195885
0.759866703
0.750226745
0.747760237
0.733808135
0.732413418
0.718462673
0.717193992
0.703561737
0.702776233
0.690887433
0.689839317
0.677740094
0.676742391
0.666445924
0.664462457
0.648730722
0.648496305
0.645094652
0.637444552
0.635862779
0.623977441
0.623893649
0.623120222
0.615590086
0.613017449
0.601428884
0.600335514
0.588693596
0.587735223
0.577760813
0.576434437
0.56650634
0.565087699
0.556799287
0.554614758
0.544769461
0.543362731
0.532531034
0.531497282
0.520176131
0.519254377
0.508508556
0.50790959
0.497423832
0.497101902
0.487537504
0.487309278
0.476925106
0.476601315
0.468755011
0.467733346
0.458038607
0.457350405
0.447593962
0.447155238
0.437685608
0.437459864
0.429096901
0.428631488
0.419609023
0.419168556
0.410934003
0.410534689
0.402493987
0.401625738
0.395775147
0.394328208
0.385215219
0.384781677
0.37714615
0.376484973
0.36968758
0.368719511
0.361257666
0.360293616
0.354493521
0.353280695
0.344850788
0.344328553
0.338402126
0.337269878
0.328255307
0.32810408
0.320097821
0.320018002
0.316361201
0.31354936
0.313433556
0.308335478
0.307924148
0.30301938
0.301089338
0.301034494
0.30066138
0.300707729
0.291289156
0.291373806
0.290267187
0.290087443
0.280065967
0.28006796
0.280018798
0.280243698
0.270475451
0.270477268
0.270187751
0.270816415
0.261844722
0.261869699
0.261335214
0.2619273
0.254416828
0.254599396
0.25233004
0.253124746
0.24671487
0.247922133
0.24390951
0.245124829
0.238144184
0.238857869
0.236136585
0.237622526
0.230647923
0.231298174
0.228943543
0.230710251
0.224223547
0.224961789
0.222754449
0.224793347
0.21863629
0.21942947
0.217424198
0.219748005
0.213978497
0.214867363
0.212969912
0.215606544
0.210276902
0.211295616
0.209526143
0.21255287
0.207720311
0.208879295
0.207276292
0.210737109
0.206375461
0.207664894
0.206234766
0.210139944