10.43313373
10.42115759
10.42489533
10.41906566
10.42554995
10.40817832
10.40985987
10.40198607
10.40313067
10.38061746
10.38031129
10.37062845
10.36673598
10.33938482
10.3372778
10.32620366
10.31765074
10.28577825
10.28221059
10.27027223
10.25756295
10.2217087
10.21701768
10.2043976
10.18799506
10.14916631
10.14340321
10.12936057
10.11004143
10.07120405
10.06282955
10.04287995
10.02323331
9.98532193
9.973808587
9.951263786
9.929854293
9.884754403
9.87594498
9.860562403
9.833130905
9.779608462
9.776321243
9.767573957
9.733840339
9.709290978
9.691424834
9.664810095
9.648923774
9.618048941
9.604202032
9.586707182
9.561163377
9.502646494
9.501755475
9.499506274
9.460999972
9.425413951
9.408314751
9.362639089
9.348891294
9.338211937
9.293787101
9.27827597
9.253969403
9.2029722
9.193596276
9.13674279
9.129057861
9.072319456
9.064259421
9.007740424
8.998556359
8.945645636
8.931250578
8.872298552
8.870141462
8.804765513
8.801626821
8.73503609
8.733382438
8.679069359
8.666334973
8.607086855
8.599398719
8.537573435
8.53043085
8.467848593
8.463335062
8.40469506
8.398737184
8.34056232
8.335055536
8.279134877
8.266919712
8.199930745
8.198316344
8.182412429
8.134594058
8.128780439
8.072469318
8.071891802
8.069089827
8.018421991
8.003762346
7.948768323
7.941493761
7.883436176
7.877429339
7.822726193
7.81444825
7.760497798
7.751878218
7.702033211
7.687853588
7.638224601
7.628251052
7.571416536
7.564049811
7.505161609
7.49872684
7.439925534
7.435537486
7.37639044
7.373996546
7.317224882
7.315624381
7.257239928
7.25502769
7.200469415
7.193085169
7.136867851
7.131511432
7.074404599
7.070931021
7.013855796
7.012118436
6.958222082
6.954706735
6.899332564
6.895871414
6.841698637
6.83859769
6.78431464
6.778116838
6.732412741
6.720664476
6.670116431
6.666286567
6.615600475
6.610330571
6.56269538
6.555045002
6.506597311
6.498866883
6.453008069
6.442073631
6.392629159
6.388113521
6.340596994
6.330020153
6.278390832
6.276843114
6.223184401
6.222421916
6.19622052
6.173654988
6.172903209
6.130259994
6.128263975
6.097151616
6.082406586
6.081763886
6.079846631
6.0512769
6.009094363
6.005656075
5.999935405
5.975682946
5.928012393
5.927858018
5.927596949
5.901662358
5.855196481
5.854512661
5.853272273
5.829841282
5.786786792
5.785499352
5.783156846
5.76166025
5.724675139
5.721436564
5.710504107
5.694836634
5.668581269
5.661638565
5.642852334
5.632784207
5.603725052
5.59890037
5.586046832
5.575887631
5.547229708
5.543792153
5.53284659
5.524478717
5.498309691
5.495679346
5.485687331
5.479683712
5.455719618
5.454122829
5.44541822
5.44187122
5.420583005
5.419981334
5.412220193
5.411461202
5.393134544
5.393644697
5.386939795
5.389218834
5.374055931
5.375770625
5.370313025
5.375760786
5.363808926
5.366732869
5.362581022
5.371272498