36.34745034
36.34592449
36.35159931
36.32828232
36.32782936
36.32473833
36.31165269
36.27461376
36.26868817
36.24071194
36.2185914
36.20190302
36.15796207
36.12223237
36.07543652
36.04764365
36.0165974
35.9504036
35.93451278
35.84666039
35.83777126
35.83555128
35.74163205
35.71737554
35.64084835
35.59339344
35.54652202
35.4668808
35.43889453
35.33485367
35.32969917
35.30648066
35.23010152
35.20524445
35.12942304
35.07446443
35.02339719
34.94330112
34.9128567
34.8140808
34.79666296
34.73012371
34.68882703
34.67054696
34.59003459
34.53189527
34.49479129
34.42782321
34.39770876
34.36294896
34.31569783
34.22606025
34.20780065
34.19749387
34.09796675
34.09249286
34.01824799
34.00366952
33.95142069
33.92175039
33.84190689
33.81597566
33.73685154
33.7325749
33.72912462
33.66231305
33.61377632
33.58276119
33.51467282
33.48358449
33.41889599
33.36770791
33.31965146
33.24805958
33.21204699
33.14022932
33.10994341
33.07546302
33.0134844
32.9098041
32.90331241
32.89731033
32.81151257
32.74443302
32.70990157
32.65456742
32.6162468
32.52878927
32.50790994
32.48290182
32.41116749
32.3568097
32.31294591
32.20246933
32.20000768
32.19040519
32.10308696
32.07369766
32.00607411
31.94155522
31.90303766
31.83332044
31.79950161
31.75647211
31.67549377
31.66161317
31.64369274
31.57691831
31.5175313
31.48321857
31.41159286
31.38749745
31.369186
31.30729556
31.22588269
31.21363572
31.19942112
31.13911111
31.05124874
31.0472946
31.04028196
30.97204941
30.88478191
30.88417053
30.88355124
30.81608433
30.75871582
30.72705436
30.63507714
30.63365612
30.62068834
30.53476137
30.52627202
30.50843321
30.43916689
30.37401414
30.35316502
30.32547081
30.27138237
30.21164884
30.18359606
30.13818114
30.09088981
30.04291515
29.99396063
29.90858134
29.88902914
29.87332865
29.78491827
29.73171451
29.68606799
29.58637997
29.57784078
29.57116591
29.49193282
29.40856406
29.39147056
29.36858445
29.30745983
29.22571421
29.21189162
29.19953573
29.13016918
29.07529352
29.0365461
28.9831312
28.90243752
28.89363306
28.88476999
28.81255069
28.75849938
28.71936807
28.66388801
28.5883891
28.57641931
28.56487292
28.49291862
28.42736279
28.39933504
28.31426853
28.30261335
28.29744487
28.21836033
28.18623786
28.1336338
28.0760915
28.04565546
27.96825527
27.95349504
27.87321911
27.85794673
27.85320114
27.78015249
27.73616608
27.69311354
27.63003293
27.60811448
27.58336478
27.53676269
27.45146974
27.44987241
27.44552156
27.37712445
27.34166351
27.2988272
27.22613725
27.21128376
27.12474096
27.10771908
27.10487732
27.099491
27.02110457
26.94650236
26.92779549
26.89938912
26.85397621
26.81698325
26.78141618
26.70418921
26.69875008
26.62389088
26.60597003
26.60478652
26.60269158
26.53585115
26.46250297
26.45493996
26.44593571
26.38594248
26.33554729
26.31286948
26.28802672
26.25759826
26.22097109
26.19841282
26.16015554
26.11258245
26.05534602
26.01937825
25.95854183
25.93592761
25.91253187
25.86518024
25.80797936
25.78793211
25.75838949
25.71873291
25.67191123
25.64725011
25.61945831
25.58103044
25.50934146
25.50861126
25.50807641
25.45592738
25.43081744
25.40069598
25.37742593
25.33707636
25.33053823
25.30620346
25.25765972
25.25282341
25.25145752
25.24700388
25.2038235
25.18001159
25.14880554
25.11457963
25.10280242
25.06437596
25.06339165
25.05979213
25.04324958
25.03293039
25.02528086
25.00477052
25.0045617
25.00381665
25.00477781
24.99491076
24.99544789