40.13446401
40.13293518
40.13832684
40.11468181
40.1141615
40.11100723
40.09697612
40.0590563
40.05278502
40.02407145
40.00090931
39.98374321
39.93786154
39.90091686
39.85257097
39.82384486
39.7914335
39.72315936
39.70660134
39.61578282
39.60654351
39.60424689
39.50658306
39.48146632
39.40166975
39.35264238
39.30373715
39.22125536
39.19204261
39.08424235
39.07885134
39.05477975
38.97498949
38.94924196
38.86999865
38.8130067
38.75959575
38.67640481
38.64454654
38.54183678
38.52359274
38.45452117
38.41122892
38.3922817
38.30777532
38.24737224
38.20842657
38.13891418
38.10726972
38.07123675
38.02134309
37.92832583
37.90912177
37.89836794
37.79435555
37.78865743
37.71084828
37.69568975
37.64082206
37.60975842
37.52639265
37.49910629
37.41656064
37.41205949
37.40846817
37.33807216
37.28753978
37.25487847
37.18360617
37.1511475
37.08306309
37.02960284
36.97903609
36.90414919
36.86622263
36.79137715
36.75941356
36.72347742
36.65790422
36.54976204
36.54291529
36.53665537
36.44585807
36.37575117
36.33957424
36.28140019
36.2410185
36.1497083
36.12759649
36.10146297
36.02551292
35.96884544
35.92225188
35.8068047
35.80420491
35.794148
35.70192143
35.67119614
35.59967542
35.53220961
35.49146246
35.41822789
35.38277822
35.33723465
35.25255984
35.23782611
35.21907783
35.14825277
35.0861532
35.0496962
34.97480277
34.94923678
34.93011519
34.86447292
34.77922764
34.76624726
34.75140766
34.68721517
34.59542401
34.59121957
34.58386562
34.51141466
34.42003644
34.4193879
34.4187391
34.34698793
34.28693965
34.25331217
34.15682986
34.15532017
34.14168894
34.05098956
34.04199996
34.02334359
33.94965632
33.88150584
33.85934966
33.83036769
33.77285311
33.71019032
33.68037175
33.63285807
33.5824177
33.53208715
33.48019624
33.39075053
33.36992744
33.35344117
33.25963673
33.20382994
33.15531041
33.05083048
33.04172525
33.03472066
32.95037508
32.86303269
32.84484168
32.82089771
32.75570999
32.67005523
32.65535887
32.64242488
32.56859369
32.51104024
32.47003361
32.4134703
32.32877954
32.31942142
32.31013436
32.23328744
32.17658264
32.13514036
32.07645146
31.99721374
31.98448012
31.97238133
31.89573385
31.82701997
31.79711964
31.70779469
31.69540225
31.68997916
31.60599829
31.57229142
31.51636758
31.45591898
31.42356067
31.34217207
31.3264538
31.24212629
31.22590838
31.22094421
31.14315434
31.09706684
31.05114392
30.9850434
30.96175391
30.93582186
30.88615686
30.79676083
30.79505572
30.79048985
30.71773174
30.68055472
30.63496886
30.5587276
30.54291681
30.4519877
30.43398048
30.43097842
30.42533693
30.34187067
30.2636723
30.24372922
30.21396425
30.16569027
30.12687849
30.08906469
30.00807247
30.00229171
29.92360405
29.90470991
29.90345633
29.9012647
29.83018026
29.75331776
29.74526899
29.73586709
29.67203084
29.61931067
29.59523532
29.56919889
29.53706133
29.49856347
29.47463917
29.43461459
29.38395193
29.32411982
29.28592611
29.22242869
29.1983471
29.17392175
29.12353903
29.06383244
29.04252269
29.01167275
28.96957307
28.92078703
28.89458748
28.86558411
28.824759
28.75003267
28.74925629
28.74869824
28.69337954
28.66721597
28.63557477
28.61101289
28.56890357
28.56200747
28.53629691
28.48572828
28.48062813
28.47918925
28.47456773
28.42854968
28.40372979
28.37073439
28.33527953
28.3227889
28.2830385
28.28199408
28.2782752
28.26046976
28.24985605
28.2415081
28.22054464
28.22030699
28.21955286
28.22001376
28.21019374
28.2107039