33.27993586
33.2784351
33.28420938
33.26145443
33.26105181
33.2580485
33.24577299
33.20986141
33.20424934
33.17716913
33.15605518
33.13992777
33.09790237
33.06349667
33.01840419
32.99163241
32.96193383
32.89807491
32.88285263
32.79822718
32.78969706
32.78755984
32.69745762
32.67411902
32.6008398
32.55510554
32.51024103
32.43361289
32.40683123
32.3067518
32.30182585
32.27949894
32.20644504
32.18252946
32.11002839
32.05718928
32.00838119
31.93145389
31.90236574
31.80756927
31.79093794
31.72699928
31.68759091
31.67000814
31.59324126
31.53740689
31.50202877
31.43766975
31.4089785
31.37554422
31.33068274
31.24451766
31.2271311
31.21726223
31.1220645
31.11681448
31.04593869
31.03194473
30.98213908
30.95379385
30.87737166
30.8526877
30.77690709
30.77283684
30.76952717
30.70599063
30.65943643
30.62993
30.56487211
30.53511494
30.47354603
30.42455888
30.37881132
30.31037264
30.2761119
30.20727371
30.17850565
30.14545868
30.0866915
29.98737043
29.98120106
29.97545142
29.89411566
29.82994742
29.79697275
29.74426343
29.70782387
29.6241023
29.60431966
29.58039388
29.51241315
29.46032246
29.4188549
29.31316207
29.31082497
29.30165282
29.21875852
29.1906524
29.12651848
29.06482391
29.0283006
28.96185258
28.92956888
28.88878362
28.81134695
28.79821837
28.78108727
28.71789378
28.66110606
28.62867593
28.56017995
28.53738261
28.51985591
28.4612841
28.38350711
28.37191076
28.35830267
28.30137757
28.21730201
28.21356711
28.20687477
28.14235622
28.05898783
28.05840934
28.0578179
27.99409963
27.93928022
27.90934889
27.82159429
27.82025123
27.80789758
27.72629084
27.71824754
27.70119122
27.63579111
27.57349957
27.55379809
27.52733068
27.47624423
27.41925393
27.39274999
27.34933734
27.30477456
27.25900407
27.21265675
27.1311192
27.11267483
27.09770506
27.01406525
26.96329873
26.92017377
26.82499979
26.81695195
26.81058474
26.73581455
26.65619489
26.64006
26.6181822
26.56058052
26.48251922
26.46946276
26.45765597
26.39218916
26.33982373
26.30309538
26.25248809
26.17552296
26.1672046
26.15874137
26.09056831
26.03899869
26.00192602
25.94932036
25.87730741
25.8660059
25.85498018
25.78711307
25.72452487
25.69812005
25.61700914
25.60600021
25.60106967
25.52629873
25.4956555
25.44596382
25.39111561
25.36236571
25.28864139
25.2747167
25.1981939
25.18375438
25.17921692
25.11030153
25.06829241
25.02772881
24.96748297
24.94676944
24.92313192
24.87919375
24.79774831
24.79624426
24.79209338
24.72751298
24.69366001
24.65322724
24.5838535
24.56983631
24.48734726
24.47120675
24.46850935
24.46336352
24.38940965
24.31817647
24.30054431
24.27341153
24.23051034
24.195213
24.16161775
24.08790571
24.08276679
24.01143701
23.99440023
23.99327911
23.99127594
23.9281577
23.85810499
23.85096667
23.84234455
23.78571522
23.73752461
23.71608095
23.69235617
23.66346901
23.62856675
23.60721943
23.57063784
23.52576544
23.47099834
23.43699614
23.37872032
23.35739012
23.33498166
23.29028985
23.23550009
23.21656521
23.18827496
23.15078046
23.10587346
23.08257162
23.05594561
23.01963588
22.95089813
22.95020866
22.94969616
22.90036714
22.87628339
22.84757465
22.82547696
22.7868258
22.78061379
22.75752478
22.71096006
22.70636449
22.70506559
22.70078151
22.66009437
22.63726232
22.6076746
22.57470424
22.5635648
22.5265113
22.52558066
22.52210685
22.50664617
22.49665147
22.48958258
22.46962648
22.46944033
22.46871037
22.47001482
22.4602263
22.4607761