18.12377996
18.11117988
18.11488752
18.10852294
18.11419947
18.0947877
18.09587444
18.08690813
18.08584041
18.05991132
18.05846626
18.04717049
18.03970621
18.0076097
18.00387585
17.99074686
17.97731335
17.93941594
17.93383484
17.91951064
17.90067275
17.85760475
17.85058945
17.83530484
17.81167184
17.76464105
17.75622166
17.73908579
17.71160866
17.66427753
17.65215466
17.62769095
17.59976434
17.55349466
17.5368162
17.50889663
17.47867566
17.42277244
17.41016056
17.39105035
17.35239493
17.28529733
17.28098274
17.26986823
17.2236415
17.19237887
17.16784996
17.13405805
17.11181737
17.07263285
17.05322896
17.03108363
16.99501558
16.92051861
16.919244
16.91636852
16.8622366
16.81671215
16.79239951
16.73378969
16.71436863
16.70067437
16.64025587
16.62029579
16.58547318
16.51940987
16.50626256
16.42991542
16.41941279
16.34295813
16.33192392
16.25523705
16.24265391
16.17021814
16.15023635
16.0717763
16.06876511
15.97976222
15.97538332
15.88450167
15.88221505
15.80621157
15.78853229
15.70807305
15.69731546
15.61281796
15.60279393
15.51691103
15.51055971
15.42934873
15.42096724
15.34058211
15.33285306
15.25448015
15.23713298
15.14592538
15.14360772
15.1216868
15.05376823
15.04599499
14.96817422
14.96734796
14.96361133
14.89093233
14.87023843
14.79427312
14.78383927
14.70306135
14.69449046
14.61753783
14.60572888
14.5299205
14.51765674
14.44683342
14.42652006
14.35740118
14.34298657
14.26341178
14.25275368
14.17034777
14.16105543
14.07836598
14.07200158
13.98857512
13.98509836
13.90458969
13.90227735
13.81985616
13.81666877
13.73802835
13.72733506
13.64786183
13.64005128
13.55925567
13.55418331
13.47321161
13.47068188
13.39364254
13.388534
13.30983714
13.30479078
13.22731449
13.22280034
13.14491966
13.13598504
13.06957041
13.05242445
12.98177397
12.97614236
12.90373506
12.89606502
12.82766827
12.81655056
12.74758719
12.73635316
12.66993554
12.65388458
12.58462497
12.57802622
12.50912908
12.49358073
12.42177991
12.41948817
12.34335604
12.34223496
12.30487137
12.27232054
12.27125879
12.20955611
12.2068406
12.16309264
12.14190865
12.14094727
12.13835992
12.09322604
12.03714855
12.03153463
12.02383529
11.98572031
11.92202898
11.92177893
11.921428
11.88021264
11.81842487
11.81735727
11.81572507
11.77799263
11.72091735
11.71888747
11.71580452
11.68123628
11.63207589
11.62665356
11.6123428
11.58689124
11.55310809
11.54040004
11.51607926
11.49888351
11.46161933
11.45291712
11.43635364
11.41863667
11.38217854
11.37574504
11.36177095
11.3465022
11.31350104
11.30821562
11.29560065
11.2836801
11.25383885
11.25009831
11.23927334
11.23080045
11.20473718
11.20241325
11.19295719
11.18840925
11.16648714
11.16571687
11.15777563
11.15746538
11.13992075
11.14084423
11.1346525
11.13873585
11.1256417
11.12828218
11.12390799
11.13248309