55.96925979
55.96760368
55.97264398
55.94628259
55.94554028
55.94196965
55.92429342
55.88105349
55.87336061
55.84043582
55.81266611
55.79287578
55.73820198
55.69510985
55.63884241
55.6053711
55.56677149
55.48760899
55.46797464
55.3621542
55.35125771
55.34857681
55.23330128
55.20392677
55.10919046
55.0521543
54.99402413
54.89756435
54.86281737
54.73664902
54.73021043
54.70200763
54.60694976
54.57683526
54.48235574
54.41554636
54.35177795
54.25393892
54.2158668
54.09478875
54.07294523
53.99184347
53.93991272
53.91773371
53.81611647
53.74506287
53.69823462
53.61665254
53.57851235
53.5363371
53.47558789
53.36650041
53.34331525
53.33054836
53.20667316
53.19994317
53.10672231
53.08886597
53.02284493
52.98571444
52.88663456
52.85366644
52.75574965
52.75030818
52.74606868
52.66076926
52.60110079
52.56156946
52.47641821
52.43784511
52.35555109
52.29198466
52.23089931
52.14155894
52.0956585
52.00709732
51.96823536
51.92570134
51.84556613
51.7173762
51.70906369
51.70164275
51.59061604
51.50715171
51.4638498
51.39370659
51.34476493
51.23629312
51.20921313
51.17811238
51.08515016
51.01804914
50.96062557
50.82322354
50.82005825
50.80803126
50.69571583
50.65910475
50.57175753
50.49133965
50.44155073
50.35339595
50.31092575
50.25521008
50.15429461
50.13616079
50.11379512
50.02676812
49.95275045
49.90778894
49.81854472
49.78710731
49.76438234
49.68372803
49.5818394
49.56591387
49.54828877
49.46882762
49.35965947
49.35446565
49.34564814
49.25641567
49.14719462
49.14639743
49.14562124
49.05695631
48.98523986
48.94380035
48.82803663
48.82617511
48.80974615
48.69944233
48.68843376
48.66619386
48.57507635
48.49382657
48.46649205
48.43189714
48.36084849
48.28567051
48.24886669
48.19219188
48.12948199
48.06910021
48.00543066
47.89844178
47.87263447
47.852821
47.73749301
47.67057845
47.61069977
47.48563228
47.47432012
47.46591483
47.36150125
47.25706167
47.23455916
47.20601019
47.12501261
47.02256725
47.00442478
46.98898563
46.89763905
46.82866082
46.77854991
46.70932844
46.60769444
46.59615169
46.5850442
46.49004011
46.42205547
46.37134704
46.2997022
46.20464205
46.1889106
46.17444385
46.07949178
45.9972935
45.96013835
45.85288534
45.83759594
45.83109324
45.72776979
45.68735489
45.61839164
45.54574663
45.50584443
45.4078405
45.38839107
45.28709069
45.26714287
45.26123265
45.16498479
45.10993192
45.05291506
44.97397613
44.94529738
44.91432651
44.85278761
44.74597845
44.74385849
44.7383895
44.64860272
44.60415117
44.54785408
44.45662758
44.43709381
44.32789341
44.30593955
44.3022896
44.29556023
44.19236446
44.0989477
44.07423089
44.0387168
43.97925198
43.93279113
43.88620382
43.7893585
43.78224288
43.68768544
43.66482827
43.66329583
43.66068911
43.57304999
43.48132661
43.47138851
43.46025427
43.38147322
43.31878906
43.28922551
43.25815269
43.21912086
43.17288004
43.14355995
43.0959647
43.03332432
42.96233812
42.91539491
42.84030197
42.81052763
42.78163798
42.71944455
42.64881939
42.62257246
42.58606004
42.53434202
42.47686361
42.44462753
42.41034968
42.36010585
42.27199401
42.27103689
42.27037772
42.20250883
42.17169084
42.13369681
42.10389801
42.05409165
42.04573829
42.0144611
41.95490583
41.948728
41.94698832
41.9415914
41.88451231
41.85525132
41.81501889
41.77381282
41.75847637
41.71241617
41.7111322
41.7068338
41.68425735
41.67213566
41.6612433
41.63765774
41.637322
41.63649363
41.63553208
41.6252377
41.62570282