0.822526135
0.822526135
0.822526135
0.822526135
0.822526135
0.822526135
0.82252613
0.822526133
0.82252613
0.822526129
0.822526116
0.822526112
0.822526079
0.822526096
0.822526077
0.822526043
0.822526016
0.822525962
0.822525856
0.822525605
0.822525377
0.8225252
0.822524576
0.82252418
0.822523524
0.822522882
0.822522256
0.822521493
0.822520154
0.822519072
0.822517324
0.822515718
0.822513932
0.82251181
0.822509165
0.822506442
0.822502678
0.822499517
0.822496223
0.8224927
0.8224878
0.822484921
0.82248066
0.822476699
0.822470757
0.822465624
0.822459218
0.822453779
0.822446966
0.822441088
0.822432988
0.82242529
0.822416842
0.822408604
0.822397418
0.822387741
0.822377524
0.82236657
0.822355306
0.822343017
0.822330681
0.822320071
0.8223073
0.822295172
0.822278813
0.822266297
0.822251708
0.822238098
0.822222426
0.822206786
0.822188148
0.822173592
0.822155924
0.822137079
0.822119839
0.82209786
0.82207537
0.822060654
0.822033599
0.822011748
0.821990732
0.821971036
0.821947832
0.821929435
0.821905519
0.82188045
0.821849681
0.821821994
0.821798259
0.821772917
0.821737002
0.821705857
0.821682565
0.821643704
0.821601947
0.821591993
0.821557262
0.821525866
0.821488418
0.8214535
0.821409436
0.821380575
0.821354496
0.821315134
0.82127759
0.821247926
0.821205702
0.821173534
0.821133308
0.821098802
0.821059255
0.821025789
0.820986391
0.820944628
0.820902299
0.820859046
0.820814708
0.820779503
0.820736408
0.820690489
0.820644254
0.820592955
0.820542117
0.820486767
0.82043684
0.82039593
0.820350804
0.820300407
0.820249731
0.820201626
0.820148499
0.82009797
0.820038093
0.819993811
0.819935841
0.819888733
0.819830906
0.819786579
0.81971257
0.819657737
0.819589976
0.819520626
0.819467942
0.819428734
0.819357477
0.819305445
0.819225595
0.819163484
0.819082946
0.819004459
0.818943434
0.818904003
0.818840677
0.81878884
0.818715238
0.818656805
0.818589609
0.818528974
0.818448801
0.818385229
0.818295283
0.818241867
0.818177582
0.818126027
0.818031295
0.817969987
0.817898148
0.817839029
0.817753119
0.817688255
0.817628271
0.817569376
0.81747648
0.817403093
0.817316668
0.817249313
0.817166179
0.817087926
0.817009231
0.816935937
0.816827617
0.816751924
0.816696833
0.816612337
0.816524316
0.816473435
0.816374842
0.816303423
0.816230921
0.816163122
0.816074486
0.816007668
0.815921183
0.815845025
0.815770074
0.815714779
0.815611375
0.815539316
0.815455693
0.815382853
0.81528621
0.815214638
0.815111263
0.815061959
0.814970357
0.814903662
0.814797669
0.814728407
0.814616481
0.814542527
0.814465496
0.814400432
0.814286408
0.814210008
0.814120995
0.814043762
0.813939496
0.813857665
0.813780778
0.813702193
0.813592891
0.813516401
0.813430108
0.813356612
0.81325128
0.813174024
0.81307198
0.812993513
0.812900996
0.812826222
0.812737124
0.81266497
0.812562543
0.812481306
0.812396577
0.812321307
0.812218334
0.812141016
0.812049022
0.811965619
0.811880668
0.81179685
0.811698358
0.811624885
0.811528401
0.81144577
0.811361133
0.811273358
0.81117747
0.811085677
0.810991867
0.810911836
0.810806744
0.810721569
0.810632917
0.810550228
0.81045355
0.810367562
0.810275767
0.810190175
0.810094349
0.810008587
0.809908809
0.809825059
0.809722969
0.809638647
0.809542905
0.809460875
0.809362257
0.809281674
0.809181104
0.809095811
0.808992705
0.808900822
0.808803007
0.80871723
0.808619315
0.808532197
0.80843358
0.80833559
0.80823168
0.808149126
0.808055189
0.807969823
0.807864354
0.807759256
0.807661664
0.807562104
0.807441603
0.807337014
0.807245785
0.807173211
0.807047168
0.806945625
0.806829015
0.80672597
0.806620166
0.806547253
0.806433956
0.806342563
0.806249856
0.806145271
0.806035821
0.805948172
0.80583728
0.80574407
0.805637649
0.805543965
0.805437114
0.805346061
0.805214846
0.805080146
0.804971759
0.804916583
0.804778622
0.804689364
0.804619561
0.80452396
0.804410038
0.804317915
0.804200086
0.804097805
0.804001799
0.803916364
0.80377388
0.803680348
0.803575735
0.803479874
0.803364252
0.803271924
0.803170954
0.803048538
0.802937631
0.802862118
0.802747044
0.802650394
0.8025466
0.802452109
0.802346642
0.802251931
0.802133386
0.802040282
0.801931877
0.801839586
0.801721157
0.801618135
0.801505976
0.801405409
0.801289119
0.801184366
0.801063484
0.800961085
0.80086334
0.800770415
0.800621358
0.800515502
0.80040772
0.800311049
0.800210983
0.80010125
0.799982679
0.79989067
0.79976495
0.799667569
0.799554647
0.799459322
0.799350117
0.799250298
0.799137353
0.799031209
0.798914967
0.798826004
0.79871345
0.798596075
0.798477885
0.798375143
0.798283526
0.798154581
0.798025679
0.797937699
0.797786631
0.797687853
0.797581291
0.797489704
0.797347598
0.797241612
0.797130464
0.797025991
0.796896514
0.796778516
0.796659988
0.796592257
0.796480037
0.796340714
0.796246484
0.796128683
0.796001485
0.795904518
0.795748812
0.795636004
0.795530482
0.795435404
0.795301559
0.795204225
0.795080955
0.794952547
0.794791969
0.794625357
0.794540875
0.794450955
0.794292215
0.794172612
0.794107735
0.793991128
0.793868427
0.793751574
0.793635615
0.793540755
0.793413564
0.793306863
0.79316156
0.793068001
0.792963887
0.792826592
0.792703487
0.792609226
0.792480919
0.792381436
0.792248714
0.792139294
0.791980552
0.791849393
0.791749247
0.791606553
0.791414297
0.791346217
0.791243789
0.791117109
0.79102207
0.790927622
0.790770909
0.790672197
0.790564012
0.790447659
0.790306367
0.790196407
0.790080672
0.789981706
0.789848644
0.789753787
0.789598504
0.789489021
0.789373322
0.789262915
0.789144616
0.789035106
0.788904039
0.788795981
0.788694441
0.788593199
0.788452984
0.788353663
0.78819715
0.788085408
0.787969104
0.787847279
0.787728907
0.787619239
0.787496363
0.787380778
0.787254658
0.787142709
0.787008556
0.78689348
0.786792894
0.786691098
0.786549882
0.786440061
0.786309426
0.78620954
0.786067888
0.785957897
0.785838416
0.785694792
0.785553269
0.785441619
0.785324771
0.785215729
0.785018744
0.784923519
0.784840882
0.784720017
0.784585472
0.784461757
0.784347915
0.784214878
0.784095758
0.783972747
0.783843967
0.783735481
0.783600164
0.783496721
0.783395099
0.783274228
0.783123777
0.783029719
0.782876298
0.782745826
0.782638188
0.782536744
0.782401133
0.782303674
0.782163929
0.78207777
0.781894835
0.781788091
0.781650243
0.781541932
0.781378157
0.781254465
0.781139007
0.781012069
0.780889657
0.780789832
0.78067195
0.780545281
0.780427894
0.780280916
0.780145777
0.780037791
0.779898693
0.779756981
0.779647342
0.779541469
0.779390348
0.779274544
0.779125484
0.779027211
0.778848672
0.778737211
0.778626697
0.77846524
0.778339074
0.778236688
0.778113294
0.77800737
0.777888405
0.777770406
0.777642346
0.777528972
0.777388702
0.77726403
0.777159669
0.77703916
0.776882765
0.776785977
0.776608379
0.7764961
0.776374259
0.776253854
0.776126174
0.776019287
0.775893932
0.775753787
0.775621543
0.775504138
0.775368684
0.775257177
0.775152139
0.775024231
0.77487875
0.774752628
0.774573571
0.774465018
0.774311199
0.774151647
0.77398237
0.77391262
0.773765167
0.773669606
0.773481928
0.773349361
0.773221344
0.773095446
0.772961518
0.772862726
0.772742661
0.772575929
0.77246538
0.772337551
0.772174581
0.772021442
0.771868183
0.77178829
0.771648664
0.771490919
0.771324354
0.771230671
0.77106307
0.770897663
0.770710719
0.770560403
0.770437205
0.770390829
0.77019192
0.770048101
0.769921713
0.769809145
0.769661861
0.769545703
0.769427391
0.769314335
0.769190493
0.769080147
0.768930207
0.76881338
0.768686436
0.768561644
0.768434585
0.768304277
0.768179492
0.768072224
0.767953875
0.767837502
0.767716794
0.767601562
0.767480205
0.767357685
0.767230257
0.767111997
0.766986603
0.766858369
0.766724071
0.766609436
0.766471149
0.766357907
0.766216052
0.766100001
0.765951285
0.765831338
0.765691689
0.765576446
0.765404532
0.765273081
0.76518421
0.76506692
0.764932367
0.764805232
0.764662069
0.764561488
0.764426538
0.764300632
0.7641405
0.764027531
0.763856134
0.763733584
0.763602591
0.763454645
0.763322748
0.763205281
0.763061298
0.762935752
0.762793148
0.762669494
0.762503303
0.762374033
0.762274695
0.762170056
0.762008708
0.76188991
0.761739368
0.761614421
0.761419947
0.761302391
0.761142401
0.761012615
0.76086855
0.760739646
0.760636874
0.760522353
0.760370967
0.760243141
0.760076163
0.759961256
0.759828356
0.75967049
0.759502291
0.759326658
0.759173542
0.759042712
0.758941668
0.758820439
0.758666351
0.758526914
0.758393957
0.758223416
0.758035332
0.757917311
0.757772073
0.757635792
0.757456029
0.757331824
0.757221063
0.757111606
0.756947063
0.756821186
0.756697108
0.756574622
0.75639142
0.756271681
0.756134547
0.756015826
0.755834386
0.755694123
0.755504355
0.755360231
0.755249292
0.755130127
0.754988342
0.754849639
0.754674751
0.754545219
0.75439958
0.754268418
0.754128395
0.753972747
0.753832014
0.753727249
0.753599208
0.753463507
0.753321979
0.753183162
0.75303685
0.752903906
0.752761515
0.752640493
0.752494792
0.752366241
0.752213442
0.752081234
0.751934941
0.75181227
0.751655471
0.751538961
0.751365459
0.751236484
0.751084465
0.750955155
0.750785704
0.750673169
0.750509363
0.750347905
0.750204307
0.750065196
0.7499231
0.7498014
0.749632368
0.74950674
0.74934523
0.74921433
0.749069455
0.748940011
0.748790726
0.748662609
0.748532088
0.748414242
0.748256632
0.74813799
0.747975571
0.747861083
0.747681003
0.747558323
0.747425636
0.747304721
0.747141011
0.747020007
0.746864343
0.746744891
0.746559147
0.746420981
0.746280562
0.746131586
0.745987625
0.745808008
0.745650265
0.745534626
0.745350887
0.745193128
0.745060352
0.744909983
0.744764251
0.744609806
0.744454028
0.744297553
0.744125455
0.743963849
0.743818217
0.743695138
0.743505112
0.743375726
0.743248963
0.74312579
0.742955435
0.742834244
0.742682941
0.74253856
0.742368579
0.742232278
0.74207308
0.741936831
0.74177228
0.741638121
0.74146376
0.741318803
0.741152889
0.741046561
0.740866214
0.740730889
0.740589456
0.740452776
0.740316477
0.740176513
0.740032233
0.739890568
0.739740547
0.739603352
0.739451685
0.739324322
0.739187518
0.739040353
0.738894517
0.738743119
0.738581163
0.738447607
0.738284646
0.738160442
0.73797984
0.737802674
0.737609549
0.737410418
0.737276736
0.737147585
0.737014978
0.736888769
0.736697918
0.736545144
0.736359842
0.736228983
0.736022458
0.735903934
0.735670189
0.735502361
0.735363926
0.735203226
0.735060673
0.73488514
0.734715492
0.73459442
0.734421748
0.734287256
0.734125584
0.733978452
0.733809354
0.733650012
0.733468489
0.733358268
0.733183728
0.733047274
0.732930251
0.732806027
0.732635241
0.732505812
0.732335819
0.73221641
0.732044944
0.731911624
0.731754748
0.731629472
0.731500982
0.731344135
0.731191941
0.731057113
0.730912632
0.730780445
0.730634299
0.730498407
0.730349547
0.730209229
0.730049975
0.729918838
0.729778246
0.729629563
0.72948635
0.729338087
0.72917505
0.729048756
0.728900958
0.728757106
0.728601793
0.728468289
0.728319701
0.728185165
0.728019955
0.727881616
0.727722972
0.72758572
0.727416467
0.727283799
0.727127894
0.726975632
0.726801884
0.726648302
0.726490437
0.726352909
0.726172995
0.726038147
0.725849481
0.725706513
0.725550469
0.725421637
0.725243449
0.72509767
0.724946979
0.724799943
0.724635821
0.724492799
0.724325274
0.72418421
0.724000823
0.723868265
0.72372974
0.723593587
0.723424033
0.723288223
0.723100587
0.722927246
0.72272968
0.722587452
0.722436354
0.722258624
0.722091719
0.721929411
0.721760235
0.721613319
0.721455765
0.72127538
0.721130252
0.72099466
0.72082292
0.720681822
0.720497572
0.720346535
0.720163234
0.720020108
0.719818238
0.719671918
0.719527775
0.719387172
0.719220648
0.719066137
0.718916
0.718778249
0.718624915
0.718484068
0.718337243
0.718193894
0.71803291
0.717886885
0.717725005
0.717583303
0.717426378
0.717286426
0.717117866
0.71697147
0.716811176
0.716650259
0.716488206
0.716332345
0.7161693
0.716041658
0.715872311
0.715739695
0.715573196
0.715448196
0.715290387
0.715143823
0.714996865
0.714850306
0.714695211
0.714539423
0.714365207
0.714205356
0.71402014
0.713838359
0.713630952
0.71347439
0.713322331
0.713184228
0.713028466
0.712899991
0.712737942
0.71258339
0.712430343
0.712289691
0.712141544
0.71197755
0.711832744
0.711718416
0.711543487
0.711398868
0.711217332
0.711088327
0.710916947
0.710776373
0.710622261
0.710481722
0.710310654
0.710159996
0.709984653
0.709834209
0.7096273
0.709483339
0.709313978
0.709166435
0.708999706
0.708866896
0.708678215
0.708530362
0.708372302
0.708232545
0.7080614
0.707918429
0.707748885
0.707609868
0.707449568
0.707301687
0.707134144
0.706995426
0.706826139
0.706682328
0.70652577
0.706376956
0.706219689
0.70607114
0.705906001
0.705752182
0.705587242
0.705436176
0.705240682
0.705100604
0.704899421
0.704746279
0.704588956
0.704446816
0.704278131
0.704134383
0.703917424
0.703773552
0.703569915
0.703421705
0.703242797
0.703085034
0.702904401
0.702741035
0.702575782
0.702413697
0.702234906
0.702075079
0.701923858
0.70175865
0.701560865
0.701407529
0.701207289
0.701092823
0.700883834
0.700759183
0.70060425
0.700432974
0.700265044
0.700083894
0.699911742
0.699721553
0.699519194
0.699415254
0.699237187
0.699098937
0.698917828
0.698777539
0.698585865
0.698442433
0.69823425
0.698086398
0.697903281
0.697756094
0.697589261
0.697442162
0.697290378
0.697152847
0.696964253
0.696818867
0.696639996
0.696492236
0.696336323
0.696185898
0.696039016
0.695897754
0.69573192
0.695587259
0.695408165
0.695255356
0.695090229
0.694946337
0.694753446
0.694580012
0.694427043
0.694293779
0.694124113
0.693951911
0.693777698
0.69362622
0.693442382
0.693272115
0.693092117
0.692936204
0.6927468
0.692581669
0.692370736
0.692219272
0.692025375
0.691872233
0.691648575
0.691478995
0.691324451
0.691185986
0.69099209
0.690845319
0.690652404
0.690503446
0.690318015
0.690142547
0.689941224
0.689795158
0.689644242
0.689475245
0.689276689
0.689116814
0.688905956
0.688757394
0.688552184
0.688399376
0.688227942
0.688030756
0.687879408
0.687746768
0.687544905
0.687399211
0.687205354
0.687053882
0.686890011
0.686726886
0.686558468
0.686415408
0.68625196
0.686073512
0.685883967
0.685745225
0.685570466
0.685429926
0.685226473
0.68506609
0.684877267
0.684750663
0.68459542
0.684452685
0.684249473
0.684091334
0.683938385
0.683755168
0.683590173
0.683419659
0.683241927
0.683069805
0.682918289
0.682780204
0.68261565
0.682412905
0.682222393
0.682094237
0.681903982
0.681727814
0.68154823
0.681355088
0.681150376
0.681017789
0.680789027
0.680686257
0.680433214
0.680127021
0.679921091
0.679851949
0.679851719
0.678883299
0.678828326
0.678609104
0.678603552
0.677612732
0.677776892
0.677509182