0.922297827
0.922297827
0.922297827
0.922297827
0.922297827
0.922297827
0.922297824
0.922297826
0.922297824
0.922297823
0.922297811
0.922297808
0.922297785
0.922297799
0.92229779
0.922297762
0.922297717
0.922297657
0.922297565
0.92229734
0.92229715
0.922296964
0.922296407
0.92229596
0.922295334
0.922294773
0.922294056
0.922293388
0.922291954
0.922290903
0.922289462
0.922287933
0.922286571
0.922284849
0.922282701
0.922281052
0.922278372
0.922276103
0.922274081
0.922271346
0.922267446
0.922265549
0.922262051
0.922258961
0.922254268
0.922249832
0.922245336
0.922239952
0.922234199
0.922228531
0.922221723
0.922215821
0.922208385
0.922202484
0.922195343
0.922188927
0.922181639
0.922174346
0.922165666
0.922157503
0.922148625
0.922140862
0.922131072
0.922121753
0.922108883
0.922098374
0.92208708
0.922075732
0.922063971
0.922051422
0.922036924
0.922026438
0.92201328
0.921997482
0.921983836
0.921967397
0.921949
0.921938105
0.921917916
0.92190107
0.921883844
0.921868278
0.921850662
0.921836275
0.921817669
0.921799868
0.921777153
0.921756957
0.921738475
0.921718698
0.921693165
0.921670693
0.921653812
0.921624687
0.921594283
0.921586475
0.921558599
0.921536355
0.921511082
0.921486709
0.92145444
0.921433119
0.921413352
0.921386362
0.921358684
0.921338003
0.921308779
0.921285508
0.921257072
0.921233464
0.921205448
0.921181658
0.921152356
0.921122994
0.921094515
0.921063851
0.92103342
0.921007564
0.920978664
0.920948407
0.920916323
0.920882957
0.920850782
0.920813395
0.920778629
0.920750512
0.920720621
0.920687046
0.920653211
0.92062108
0.920587184
0.920554135
0.920517975
0.920488532
0.920453137
0.920424157
0.920388961
0.920363248
0.920317924
0.920286106
0.920247064
0.920208682
0.920179028
0.920157724
0.92011222
0.920079742
0.92003382
0.919997064
0.91995209
0.919905463
0.919870903
0.919846907
0.919807606
0.919776631
0.91973048
0.919695023
0.919651934
0.919616468
0.919570117
0.919530042
0.919477758
0.919444768
0.919407741
0.919377851
0.919321151
0.919284895
0.919241524
0.919207129
0.919152891
0.91911545
0.919080635
0.919046929
0.918990175
0.918948706
0.918900217
0.918860902
0.918814383
0.918767626
0.918721415
0.918679622
0.918618014
0.91857541
0.918545271
0.918495346
0.91844625
0.918418374
0.918360461
0.918320908
0.918282191
0.918244121
0.918193128
0.918154986
0.918109627
0.918065316
0.91802065
0.917991002
0.917936132
0.917897205
0.917851765
0.917813347
0.917761558
0.917725395
0.917670817
0.917644497
0.917597023
0.917561248
0.917510007
0.917472482
0.917417117
0.917377283
0.917338086
0.917301686
0.91724003
0.917200445
0.917153173
0.917113171
0.917055898
0.917013769
0.916973134
0.916934021
0.916877549
0.91684026
0.916795546
0.916757315
0.916706698
0.916668677
0.91661756
0.916579764
0.916532761
0.916494983
0.916448643
0.916409634
0.916356596
0.916315456
0.916273803
0.916234644
0.916181433
0.916140851
0.916091974
0.916048223
0.916000874
0.915956762
0.91590637
0.91586885
0.915817488
0.915775244
0.915730053
0.915681521
0.915634989
0.915587387
0.915538278
0.915494766
0.915443795
0.915401239
0.915355413
0.915312635
0.915262312
0.915219604
0.915169741
0.915125051
0.91507629
0.915032273
0.914979811
0.914935328
0.914881313
0.914838412
0.914787207
0.914743326
0.914693284
0.91465035
0.914597602
0.914553642
0.914498804
0.914452951
0.914400987
0.914355365
0.914305431
0.91426204
0.914211249
0.914158579
0.914104508
0.914061195
0.914012204
0.913967737
0.913913592
0.913859566
0.913810945
0.91376394
0.913703423
0.913653145
0.913607478
0.913565976
0.913501305
0.913451662
0.913392633
0.913341033
0.913285554
0.913246286
0.913189554
0.913141623
0.91309301
0.913041304
0.912985442
0.912938474
0.91288071
0.912830652
0.912774971
0.912729941
0.912675606
0.912630876
0.912566881
0.912503819
0.912448702
0.912413598
0.912344595
0.912296539
0.912254684
0.912206273
0.912149887
0.912103935
0.912044672
0.911996169
0.911947542
0.911905246
0.911837679
0.911792241
0.911739452
0.911693564
0.911639866
0.911594014
0.91154352
0.911488013
0.911431964
0.911387683
0.911325332
0.911278161
0.911225544
0.911178252
0.911126745
0.911081343
0.911024803
0.910977634
0.910928118
0.91088579
0.910827988
0.910782389
0.910727671
0.91068192
0.91062747
0.910579439
0.910519994
0.910471461
0.910417133
0.910371283
0.910306522
0.910255543
0.910202486
0.910154211
0.910105658
0.910054989
0.909997977
0.909950051
0.909887583
0.909838781
0.909776364
0.909726247
0.909673326
0.90962352
0.909570522
0.909519926
0.909465231
0.909419733
0.909368224
0.909314795
0.90926276
0.90921425
0.909167218
0.909113488
0.90905594
0.909012109
0.908948453
0.908901916
0.908850449
0.908804732
0.908743279
0.908691413
0.908634985
0.908582466
0.908519619
0.908469199
0.908405336
0.908362734
0.90831192
0.908251276
0.908202846
0.90815212
0.908094213
0.908047865
0.907984259
0.907933053
0.907879419
0.907833448
0.907774423
0.907729541
0.907674948
0.907618258
0.907552394
0.907482091
0.907432101
0.907389139
0.907316274
0.907260452
0.907220699
0.90716687
0.907108811
0.907053823
0.906999298
0.906952036
0.906896438
0.906845471
0.906782418
0.906733256
0.906683292
0.906625838
0.906569578
0.906523242
0.906465716
0.906417894
0.906355833
0.906307444
0.906240841
0.906183032
0.906127439
0.906067732
0.90599379
0.905955174
0.905904882
0.905848048
0.905798998
0.905752727
0.905687133
0.905639985
0.905588322
0.905535782
0.905474159
0.905421166
0.905363721
0.90531466
0.905251736
0.905206484
0.905142337
0.905092059
0.905036755
0.904987051
0.904928839
0.904878314
0.904817565
0.904768352
0.904711752
0.904666273
0.904605274
0.904558829
0.904494344
0.90443924
0.9043803
0.90432463
0.904265725
0.904212963
0.904154695
0.904103326
0.904044096
0.90399114
0.903929629
0.903874813
0.903821081
0.903768061
0.903702365
0.903651924
0.90359086
0.903545527
0.903483173
0.9034318
0.9033736
0.903312245
0.903250878
0.903198234
0.903140898
0.90308935
0.90301531
0.902965977
0.902919911
0.902867202
0.902809728
0.902753388
0.902696038
0.902638041
0.902578464
0.902517504
0.902453498
0.902401607
0.902336575
0.902286742
0.902233815
0.902178753
0.902109609
0.90206275
0.901995184
0.901939375
0.901874147
0.901823824
0.901758166
0.901713465
0.901652599
0.901608848
0.901534744
0.901485599
0.901423747
0.901373018
0.901304247
0.901248898
0.901187371
0.901131716
0.901072303
0.90102254
0.900963225
0.9009016
0.900847816
0.900780785
0.900719012
0.900667322
0.900609441
0.900550268
0.900494046
0.900443261
0.900375133
0.900319917
0.900251707
0.900207661
0.900130696
0.900079693
0.900018328
0.899950211
0.899887987
0.899834224
0.899773157
0.899720057
0.899665711
0.899611324
0.899553769
0.899500542
0.899440049
0.899384742
0.899330026
0.899274624
0.899204256
0.89915407
0.899076775
0.899026456
0.898964871
0.898910704
0.898851965
0.898800377
0.898742547
0.898681624
0.898616552
0.898558982
0.898500534
0.898446573
0.898392271
0.898335391
0.898269968
0.898211959
0.898138325
0.898086711
0.898025873
0.89796394
0.897895662
0.897859883
0.89778844
0.897744304
0.897661833
0.897602502
0.897539205
0.897480775
0.897414075
0.897365178
0.897310301
0.897237449
0.897181817
0.897125892
0.897055364
0.896995933
0.896928831
0.896894108
0.896835728
0.896766325
0.896699226
0.896652647
0.8965846
0.896514048
0.896431276
0.89636754
0.896306502
0.896284379
0.896196428
0.896132234
0.896073318
0.896019924
0.895952565
0.895898238
0.895839959
0.895785967
0.89572596
0.895674596
0.895604605
0.895547754
0.895487794
0.895430046
0.895369618
0.895310613
0.8952496
0.895196485
0.895137368
0.89507881
0.895020472
0.894963368
0.894903643
0.894844265
0.894782779
0.894724786
0.89466432
0.894603693
0.894540544
0.894486605
0.894421621
0.894368626
0.894301536
0.894247893
0.894179483
0.894121994
0.894058779
0.894005059
0.893928839
0.893871301
0.893821954
0.893766633
0.893702247
0.893647423
0.893577205
0.893526153
0.893462635
0.893400283
0.893327629
0.893272942
0.89319702
0.89313891
0.893077261
0.893010494
0.892959016
0.892903629
0.892833313
0.892775622
0.89270713
0.892649994
0.892574714
0.89251416
0.892465567
0.892416011
0.892334244
0.892280671
0.892202682
0.892146486
0.892057704
0.8920044
0.891935903
0.89187165
0.891805033
0.891741045
0.891686661
0.891630732
0.89155514
0.891495955
0.891417134
0.891363369
0.891297716
0.891227184
0.891148613
0.891072416
0.891006923
0.890938083
0.890899524
0.890841082
0.890766543
0.890699946
0.890643812
0.890565461
0.890484349
0.89043569
0.890362708
0.890305799
0.89021458
0.890157227
0.890106609
0.890054918
0.889974951
0.889914808
0.889853178
0.889799363
0.889715168
0.889656285
0.889597979
0.889541534
0.889463584
0.889402271
0.889320272
0.889258462
0.889207833
0.889151471
0.889084607
0.889016839
0.888933673
0.888872273
0.888807106
0.888747484
0.888683938
0.888613143
0.888543843
0.888492821
0.8884293
0.88836112
0.888295335
0.88822879
0.888160916
0.888094362
0.888022295
0.887966329
0.887896829
0.887836934
0.887765175
0.887706219
0.887643192
0.887587543
0.887511191
0.88745326
0.887369823
0.887307106
0.887246029
0.887184289
0.887103659
0.887047834
0.886973775
0.886898736
0.886829594
0.886768801
0.886702499
0.886654577
0.886570483
0.886516496
0.88643783
0.886375606
0.886308222
0.886248839
0.886177721
0.886116616
0.886056893
0.886000172
0.885928638
0.885871541
0.885794344
0.885739827
0.885645635
0.885581293
0.88551903
0.88546038
0.885381383
0.885321751
0.885244398
0.885183879
0.885094073
0.885024451
0.884956232
0.884886375
0.884812161
0.884722425
0.884641184
0.884600965
0.884505392
0.884434206
0.884389896
0.88432633
0.884264361
0.884191882
0.884123764
0.884052547
0.883980511
0.883898813
0.883831747
0.883776929
0.883679679
0.883616427
0.883557149
0.883493266
0.883409998
0.883354195
0.883287142
0.883217796
0.883144052
0.883080497
0.883007396
0.882943811
0.882865639
0.882800027
0.882729346
0.882660182
0.882582862
0.882538859
0.882440331
0.882373953
0.882305994
0.882241155
0.882171404
0.882106482
0.882035191
0.881967778
0.88189801
0.881826905
0.881754236
0.881703645
0.881638021
0.881564567
0.881497696
0.881417756
0.881341199
0.881278224
0.881199632
0.881146284
0.881060386
0.880977903
0.880899943
0.880816235
0.880759414
0.880700334
0.880643018
0.880584912
0.880493032
0.880417058
0.880326211
0.88027921
0.880171072
0.880117992
0.880011477
0.879930951
0.879889053
0.879822042
0.879756119
0.879682888
0.879607261
0.879546569
0.879466749
0.879403475
0.87933981
0.879263576
0.879183304
0.879108209
0.879018909
0.878975247
0.878891382
0.878826532
0.878777021
0.878718785
0.878625418
0.878563291
0.878478679
0.878418092
0.87833119
0.878258435
0.87818717
0.878126699
0.878067949
0.87798524
0.87790535
0.87784166
0.877770565
0.877705103
0.877628068
0.877563697
0.877487978
0.877420177
0.877340746
0.877279694
0.8772113
0.877136162
0.87707041
0.876995331
0.87690814
0.876847518
0.876773996
0.876700728
0.876622873
0.876557809
0.876483717
0.876421488
0.876338362
0.876273281
0.876193038
0.87612853
0.87605458
0.875989299
0.875919467
0.875844658
0.875769647
0.875706662
0.87562846
0.875565136
0.875485832
0.875421252
0.875337244
0.875270324
0.875201077
0.87513864
0.875048721
0.874979755
0.87490467
0.874837215
0.87476009
0.87468909
0.874608584
0.874536931
0.874448663
0.874384465
0.874327671
0.874261017
0.874175537
0.874106637
0.874011275
0.873922
0.873845068
0.873786051
0.873715917
0.873632371
0.873558646
0.873493413
0.873400685
0.873330901
0.87324587
0.873154843
0.873092092
0.873029213
0.872951155
0.872887668
0.8728086
0.872742138
0.872661704
0.872595997
0.872511819
0.872441795
0.872370657
0.872306068
0.872211743
0.87214318
0.872065478
0.871997853
0.871921522
0.87185535
0.871776685
0.871706957
0.871633467
0.871563761
0.871488726
0.871418793
0.87134299
0.871272032
0.871195194
0.871124025
0.871045622
0.870975186
0.870895867
0.870827044
0.87074615
0.870673765
0.87059088
0.870515929
0.870436234
0.8703733
0.870297373
0.870224907
0.870150128
0.870073692
0.869999098
0.869915173
0.86983233
0.869762439
0.869675281
0.869599267
0.869512733
0.869453091
0.869374013
0.869301635
0.86922427
0.869155778
0.869063254
0.868973845
0.868889191
0.868816896
0.868729982
0.868623005
0.8685584
0.868504138
0.868408526
0.868319971
0.868230073
0.868168408
0.868065038
0.867995476
0.867921981
0.867856726
0.867763916
0.867695518
0.867610467
0.867550976
0.867432684
0.86735687
0.867271724
0.867200369
0.867121876
0.867049351
0.866954136
0.866872075
0.866811522
0.866741152
0.866654175
0.866578251
0.866504312
0.866431804
0.866353736
0.866281748
0.866200992
0.866129069
0.86605197
0.865977882
0.865897812
0.865827573
0.86574385
0.865672698
0.865588095
0.865512916
0.865439694
0.865375713
0.865281542
0.865211449
0.865116162
0.865041989
0.864973401
0.86490783
0.86482119
0.864758664
0.864650855
0.864579189
0.864497856
0.864426565
0.864338786
0.864260991
0.864179757
0.86410334
0.864015468
0.86393978
0.863847503
0.863765539
0.863700079
0.863610469
0.863503517
0.863433848
0.863329029
0.863275215
0.863150548
0.863091272
0.863018135
0.862925025
0.862845325
0.862740671
0.862654341
0.862557369
0.862453278
0.862410244
0.862323247
0.862253074
0.86217015
0.862101042
0.862014934
0.861943907
0.861859256
0.861786067
0.861699059
0.861624945
0.861535103
0.86146199
0.861392621
0.861325523
0.861220547
0.861146698
0.861070851
0.86099965
0.860906664
0.860832511
0.860765384
0.860696314
0.86060543
0.860533243
0.860433108
0.860354575
0.860276729
0.860204587
0.860087983
0.860002256
0.859919025
0.859858496
0.859781106
0.859689594
0.859605873
0.859525514
0.859454799
0.859364544
0.859273242
0.859198208
0.859105606
0.859022187
0.858903769
0.858845443
0.858755239
0.858676406
0.858576652
0.858487654
0.858427452
0.858358774
0.858246715
0.858174938
0.858072924
0.858003195
0.857906522
0.857818344
0.857709248
0.857643146
0.85757917
0.857490023
0.857389397
0.857326914
0.857225281
0.8571467
0.85705658
0.856977211
0.856866244
0.856750455
0.856676208
0.856636462
0.856521942
0.856444892
0.856339334
0.856254937
0.856172262
0.856086362
0.856005164
0.855934741
0.855855413
0.855758239
0.855664669
0.855586908
0.855513395
0.855440876
0.85532865
0.855236217
0.855152648
0.855094409
0.855018473
0.854944636
0.854821167
0.85474299
0.854662131
0.854565986
0.854478225
0.854394491
0.854294549
0.854202523
0.854127844
0.854061685
0.853977793
0.853860794
0.853771612
0.853704791
0.853604153
0.853501624
0.853415048
0.853311495
0.853216678
0.853151832
0.85300632
0.852959572
0.852824305
0.852621137
0.852540066
0.85250186
0.852503266
0.851964561
0.85195804
0.851830488
0.85183362
0.851303583
0.851417271
0.851290134