0.822526135
0.822700754
0.82437106
0.825937936
0.826298034
0.826616664
0.828156531
0.82950847
0.829632475
0.829891153
0.83106959
0.83142573
0.832544951
0.833149329
0.834041058
0.834431215
0.835359072
0.836096042
0.836995119
0.837723727
0.838803711
0.83945531
0.840637205
0.84139324
0.84234739
0.843134386
0.843990726
0.844681519
0.845626019
0.846375019
0.847184347
0.847917158
0.848725858
0.849394288
0.850196674
0.850844158
0.85161804
0.852271312
0.852996537
0.85354912
0.854349708
0.854967959
0.855675689
0.856232013
0.856913548
0.857480187
0.858132123
0.858680761
0.859318615
0.859859057
0.86045302
0.860972141
0.861562369
0.862056054
0.862633213
0.863125835
0.863669112
0.864142307
0.864673157
0.86513803
0.865643471
0.866082963
0.86656718
0.866979585
0.867479124
0.867902781
0.868367851
0.868790844
0.869225549
0.869627973
0.870064999
0.870453751
0.870843925
0.871210409
0.871606021
0.87196191
0.872401533
0.872717465
0.873103404
0.873438285
0.87377803
0.874090586
0.874433674
0.874724027
0.875049017
0.875344189
0.875661661
0.875966052
0.876277763
0.876548422
0.876867056
0.8771351
0.877425416
0.877668719
0.877997651
0.878186366
0.878456776
0.878692
0.878958534
0.879177711
0.879445568
0.879664737
0.879875453
0.880090174
0.880319436
0.880510663
0.880742873
0.880930602
0.881147944
0.881329358
0.881536709
0.881712009
0.881904779
0.882074882
0.882261061
0.882423496
0.882604112
0.882767898
0.882933152
0.883091424
0.883253598
0.883412903
0.883575769
0.883724524
0.883883943
0.88403427
0.884171849
0.884306858
0.884446173
0.884577892
0.884711675
0.884830604
0.884961098
0.885070967
0.885192237
0.885292332
0.885414789
0.885500299
0.885607751
0.885700142
0.885800222
0.885883593
0.885985914
0.886060908
0.886154136
0.886224842
0.886314245
0.886384894
0.88645878
0.886517467
0.886604316
0.8866636
0.886733445
0.886786368
0.8868544
0.886904689
0.886965036
0.887009872
0.887074365
0.887118547
0.887167588
0.887207438
0.887262669
0.88729862
0.887340764
0.887378513
0.887416622
0.887448253
0.887480094
0.88750872
0.887546169
0.887570265
0.887603918
0.887627034
0.887657208
0.887687668
0.887719459
0.887734395
0.887762866
0.887775185
0.887785931
0.887814501
0.887842125
0.887828181
0.887845062
0.887865649
0.887861774
0.887880746
0.887879507
0.887885929
0.887886583
0.88789771
0.887905457
0.887895
0.887902104
0.887908501
0.887908795
0.887907536
0.88790915
0.887898316
0.887885844
0.887880258
0.88787114
0.887877777
0.887871272
0.887864778
0.887855244
0.887846324
0.887832979
0.887821157
0.887815435
0.887801346
0.887768695
0.887749251
0.88772861
0.887715622
0.887688889
0.88767227
0.887654211
0.887632733
0.887610559
0.887588614
0.887572907
0.887553632
0.887536165
0.887514481
0.887487917
0.887470987
0.887443525
0.887417473
0.887386238
0.887356861
0.887317146
0.887278579
0.887256316
0.887214261
0.887178074
0.887130637
0.887088423
0.88704132
0.887002157
0.886960855
0.886927495
0.88690093
0.88685711
0.886821781
0.886784227
0.886748013
0.886702995
0.886665436
0.886622758
0.886586355
0.886545061
0.886513631
0.886473224
0.886440486
0.886394894
0.886355389
0.886309963
0.886268221
0.886231857
0.886195054
0.886142336
0.886106095
0.886051278
0.886015665
0.885965922
0.885924476
0.885892537
0.885854183
0.885806882
0.885774171
0.885717
0.885683526
0.885638064
0.88560268
0.885568749
0.885532538
0.885489537
0.885448717
0.885393953
0.885350939
0.885298561
0.885260442
0.885199179
0.885148081
0.885107261
0.885061371
0.884999747
0.884954586
0.884914655
0.884880854
0.884820157
0.884766851
0.884707706
0.884659301
0.8846032
0.884565883
0.88450342
0.884458536
0.884407921
0.884354427
0.884292356
0.884243886
0.884181066
0.884133787
0.88407581
0.884028631
0.883975984
0.883926519
0.883857195
0.88379188
0.883733203
0.883701364
0.883625401
0.88357569
0.883543328
0.883489292
0.88342555
0.883376147
0.883313409
0.883259445
0.883207556
0.883162812
0.883088084
0.883038212
0.882987858
0.882941486
0.882882086
0.882835064
0.88277782
0.88271332
0.882646836
0.882595679
0.882528044
0.882470449
0.882406285
0.882338362
0.882268619
0.882212247
0.882143366
0.88208891
0.88202303
0.881971615
0.881901697
0.881848457
0.88177635
0.881719551
0.88165447
0.881594602
0.881531947
0.881472985
0.881414525
0.881355496
0.881277381
0.881204799
0.881144869
0.881069106
0.881011901
0.880940591
0.88088229
0.880828396
0.880752783
0.880702479
0.880626218
0.880570938
0.88050359
0.880447116
0.880378948
0.880322592
0.880255547
0.880197679
0.880136506
0.880072366
0.880006359
0.879945285
0.879889365
0.879831688
0.879762313
0.879713463
0.879633847
0.879574195
0.879506804
0.879450688
0.879372744
0.879309968
0.879238834
0.879173179
0.879094302
0.879032281
0.878964714
0.878912645
0.87885061
0.878777924
0.878715742
0.878651456
0.878583532
0.878525281
0.878446833
0.878380883
0.878316448
0.878253843
0.878181191
0.878112339
0.878034998
0.87795817
0.87786514
0.877778827
0.877708322
0.877647154
0.877555043
0.877471561
0.877421337
0.877348188
0.877273456
0.877209808
0.877135402
0.877077497
0.877006229
0.876943793
0.876862579
0.87679194
0.876725343
0.876660583
0.876587139
0.876528516
0.876450199
0.876390881
0.876314348
0.876252309
0.876164801
0.876090453
0.876017315
0.875942656
0.875847255
0.875787416
0.87572035
0.87564799
0.875588093
0.875526491
0.875442656
0.875383871
0.87531861
0.875253287
0.875172781
0.875101715
0.875034054
0.874973515
0.87489483
0.874841354
0.874753909
0.874695965
0.874627917
0.874569208
0.87449736
0.874435062
0.874352938
0.874288595
0.874212999
0.874151999
0.874078847
0.874021373
0.873935148
0.873869611
0.873795928
0.873730318
0.873660915
0.873601091
0.873527255
0.873460015
0.87338197
0.873312459
0.873240183
0.873173337
0.873107722
0.87304626
0.872960868
0.872896521
0.872822219
0.872757875
0.872681676
0.872616787
0.872542621
0.872465408
0.872388577
0.87232028
0.872247909
0.872187957
0.872086734
0.872026734
0.871970219
0.871905867
0.871828404
0.871764594
0.871692723
0.87162496
0.871550025
0.871481154
0.871399768
0.871336481
0.871250383
0.871185321
0.871120206
0.871048411
0.87095584
0.870893345
0.870793842
0.870705859
0.87060594
0.870534351
0.870448787
0.870379638
0.87030525
0.870243142
0.870138455
0.870066078
0.869984285
0.869913986
0.869820563
0.869750973
0.869674515
0.869602036
0.869524666
0.869461419
0.869388156
0.869311177
0.869233183
0.869144127
0.869068992
0.868998448
0.868923608
0.868842255
0.868769569
0.868704881
0.868610694
0.868542083
0.868455944
0.868396897
0.868302958
0.86824513
0.86817439
0.868091525
0.868014682
0.867945598
0.867870934
0.867812907
0.867737146
0.867664428
0.867584151
0.867510889
0.867425093
0.867349667
0.867273936
0.867203257
0.867104616
0.867045244
0.866925362
0.866857586
0.866781501
0.866710694
0.866629941
0.86655581
0.866469416
0.866375656
0.866265141
0.866176958
0.86608434
0.866005939
0.865926472
0.865841602
0.865756662
0.865669038
0.865570662
0.865498787
0.865409402
0.865325585
0.865231151
0.86517939
0.865090798
0.865030327
0.864932416
0.864853714
0.864762394
0.864684169
0.864600807
0.864526826
0.864449589
0.864356232
0.864275878
0.864204361
0.864108333
0.864025894
0.863933577
0.86386837
0.863781003
0.863695575
0.863603817
0.863539261
0.863445483
0.863366418
0.863258904
0.863180525
0.863099399
0.863061297
0.862963703
0.862879225
0.862803838
0.862739884
0.862659045
0.862591878
0.862522481
0.862453287
0.86238121
0.862314938
0.862225432
0.862152396
0.862070765
0.861994277
0.861905214
0.861819903
0.86173681
0.861658823
0.861576241
0.861501655
0.861420328
0.861348009
0.861266478
0.861193097
0.861105489
0.861032233
0.860945311
0.860869488
0.860786919
0.860714213
0.860630398
0.860556346
0.860463885
0.860389948
0.860293201
0.860216928
0.860127789
0.860050537
0.859949501
0.859871682
0.859803361
0.85973212
0.859651643
0.859578407
0.859489029
0.859425512
0.859347319
0.859273659
0.859186871
0.859112878
0.859026945
0.858942713
0.858860745
0.858777079
0.858702074
0.858632945
0.858549539
0.858475926
0.858387788
0.85831061
0.858216894
0.858140464
0.858070218
0.858003373
0.857914872
0.85784098
0.857745855
0.857671642
0.857564293
0.857489766
0.857400305
0.857313801
0.85722983
0.857146663
0.857071207
0.856996342
0.856903519
0.856828045
0.856733717
0.856653029
0.856570083
0.856467788
0.856366801
0.85624416
0.85614741
0.856061616
0.85598906
0.85591339
0.855819649
0.855733387
0.855641746
0.855548168
0.855427575
0.855343354
0.855252301
0.855157454
0.855056299
0.85497685
0.854901571
0.854833258
0.854731461
0.854656623
0.854570467
0.854490713
0.854380236
0.854310765
0.854224037
0.854156743
0.854054219
0.853975912
0.853880793
0.853795936
0.853715722
0.853644502
0.853559829
0.853489244
0.853390676
0.853320194
0.853235836
0.853164097
0.853078563
0.852998598
0.852911456
0.852841485
0.852763725
0.85267344
0.852582449
0.852491531
0.852399938
0.852311163
0.852221342
0.85213769
0.852042679
0.851961411
0.851858224
0.851775293
0.851683432
0.851607142
0.851511981
0.851437371
0.85133505
0.851259536
0.851180212
0.851104359
0.851011459
0.850944806
0.850851849
0.850773429
0.850678018
0.850604297
0.85051641
0.850449736
0.850347869
0.850271794
0.850174644
0.850097386
0.850010766
0.849939073
0.849856097
0.849779665
0.849703935
0.849630683
0.849543734
0.849468148
0.849371289
0.849298377
0.849181926
0.849103397
0.849023769
0.848950153
0.848849224
0.848778753
0.84868469
0.848608364
0.848499887
0.848420452
0.848338496
0.848255171
0.84816388
0.848067805
0.847973464
0.847904164
0.847788955
0.847701163
0.847635748
0.84755089
0.847469428
0.847379833
0.847291005
0.847195757
0.847097191
0.84699848
0.846909939
0.846829932
0.846696759
0.84660931
0.846530691
0.846445767
0.846343823
0.84626196
0.846168145
0.846075747
0.845975474
0.845882122
0.845778013
0.845695327
0.845586918
0.845499727
0.845404075
0.845314534
0.845215446
0.845145908
0.845016044
0.844927024
0.844828675
0.844744093
0.84464834
0.844552636
0.844455196
0.844366082
0.844269661
0.844188071
0.844094031
0.844013021
0.843918528
0.843834103
0.843735137
0.84364825
0.843537062
0.843454306
0.843336605
0.843249352
0.843126917
0.843016001
0.842897816
0.842785636
0.842690907
0.842591966
0.842501215
0.842412774
0.842291541
0.842191371
0.842061418
0.841995021
0.841846302
0.841779134
0.841639941
0.841547672
0.841454827
0.841362067
0.841272681
0.841180038
0.841077881
0.840996274
0.840893904
0.840813133
0.840715425
0.840618916
0.840515474
0.840414246
0.840298246
0.840223334
0.840116919
0.840029771
0.839951609
0.83987118
0.83976121
0.839668971
0.839555809
0.839480909
0.839370545
0.839284417
0.83918156
0.839091208
0.839001118
0.838890519
0.838780772
0.838692348
0.838599575
0.838510875
0.838418664
0.838330806
0.838233306
0.838148212
0.838043565
0.837961622
0.837869264
0.837775924
0.837678068
0.837582977
0.837477214
0.837392916
0.837294947
0.837191738
0.837082157
0.836986099
0.836885397
0.836795377
0.836700905
0.83661027
0.836513966
0.836423206
0.836330515
0.836241233
0.836146374
0.836047789
0.835948887
0.835857017
0.835755024
0.835672127
0.835571696
0.835481986
0.835382235
0.835282182
0.835196021
0.835110246
0.835005857
0.834928288
0.834831025
0.834753216
0.834648158
0.834566035
0.834471366
0.834382582
0.834282723
0.834206163
0.834124734
0.834044128
0.833951146
0.833877024
0.833767134
0.833666351
0.833558601
0.833477509
0.833392329
0.83328698
0.833181583
0.833105403
0.833004318
0.832929383
0.832836915
0.832733828
0.832649026
0.832575588
0.832481243
0.832401007
0.832302935
0.832217902
0.83211581
0.83203321
0.831920664
0.831823671
0.831739529
0.831643354
0.831545014
0.8314495
0.831358038
0.831270663
0.831173244
0.831097163
0.831000546
0.830914064
0.83081862
0.83072337
0.830619307
0.830534803
0.830435653
0.830352434
0.830246113
0.830156697
0.830060273
0.829960615
0.829858499
0.829759018
0.82965465
0.829564977
0.829461755
0.8293566
0.829243443
0.829168754
0.829070699
0.828982573
0.828893021
0.828788871
0.82868801
0.828561259
0.82843602
0.828325627
0.828199701
0.828101791
0.827967881
0.827896626
0.827799407
0.827706825
0.827600393
0.827514227
0.8273943
0.827275235
0.827161663
0.827074055
0.826980374
0.826828523
0.826723715
0.826657122
0.826538409
0.826416567
0.826290073
0.826198949
0.826081556
0.825980362
0.825870362
0.825760645
0.825636046
0.825532975
0.82541413
0.825310431
0.825174206
0.825081624
0.824964355
0.82487247
0.824757109
0.824654922
0.824520151
0.824407876
0.824282672
0.824175042
0.824060218
0.823948097
0.823832913
0.823730697
0.823608023
0.823507083
0.823382908
0.823279532
0.8231546
0.823046882
0.822934241
0.822832206
0.822717989
0.822609053
0.822493379
0.822385859
0.82227947
0.822184353
0.822065987
0.821973184
0.821844459
0.821757556
0.821643978
0.821555595
0.821439229
0.821346616
0.821213917
0.821126907
0.821004522
0.820906202
0.820791232
0.820687758
0.820574744
0.820471469
0.820363606
0.820267116
0.820150157
0.820054549
0.819972165
0.819876956
0.819747214
0.819651173
0.819523433
0.819456528
0.819303302
0.819213864
0.819119971
0.819010727
0.818909534
0.818802382
0.818701988
0.818581974
0.818464758
0.818380925
0.818266957
0.818181574
0.818068215
0.817987357
0.817878788
0.817797224
0.817689867
0.817608365
0.817501325
0.817417917
0.817302288
0.817214967
0.817123725
0.81703832
0.816908693
0.816813228
0.816714098
0.816622285
0.816514768
0.816421533
0.816335594
0.816248907
0.816130432
0.816042114
0.815908539
0.815812953
0.815719515
0.815627514
0.815491994
0.815387084
0.815298732
0.815215176
0.815120342
0.81500971
0.814896277
0.814796231
0.81468811
0.814570643
0.81445595
0.814338661
0.81422382
0.814110096
0.813954281
0.81383433
0.813701406
0.813599065
0.81344301
0.813335032
0.813238932
0.813157366
0.813023326
0.812941743
0.812811968
0.812721469
0.812598167
0.812484437
0.812347479
0.812268839
0.812178878
0.8120729
0.811955617
0.81185558
0.811737896
0.811644059
0.811527489
0.81143125
0.811311615
0.811181212
0.811083513
0.811002872
0.810862079
0.810770299
0.810643511
0.810541382
0.810436367
0.810340113
0.810234428
0.810145292
0.810039722
0.809919127
0.809799598
0.809691135
0.809578836
0.80947503
0.809347511
0.809226199
0.809121979
0.809027721
0.808912605
0.808811886
0.808660933
0.808539538
0.80842558
0.808280207
0.808159766
0.808026999
0.807895707
0.807760428
0.807662398
0.807546714
0.807436525
0.80731509
0.807198946
0.807126062
0.806983935
0.806898283
0.806780672
0.80669619
0.806568061
0.806490665
0.80634209
0.806277599
0.806129492
0.805966331
0.80584206
0.805805743
0.805805474
0.805277838
0.805242921
0.805115149
0.805117809
0.804533078
0.804677522
0.804448892