0.851911454
0.851911454
0.851911453
0.851911453
0.851911453
0.851911453
0.851911448
0.851911451
0.851911448
0.851911448
0.851911436
0.851911432
0.8519114
0.851911417
0.851911399
0.851911368
0.851911344
0.851911296
0.851911195
0.851910952
0.85191074
0.851910583
0.851909986
0.851909556
0.851908946
0.851908286
0.851907672
0.851906919
0.851905449
0.851904272
0.851902859
0.851901594
0.851899923
0.851898311
0.851895966
0.85189359
0.851890237
0.851887014
0.851883777
0.851880522
0.8518757
0.851872704
0.851868866
0.851864885
0.851859096
0.851853932
0.851847625
0.851842709
0.851836317
0.85183105
0.851823667
0.851816372
0.851808712
0.85180097
0.851790134
0.851780855
0.851771235
0.851760795
0.851749999
0.851738505
0.851725831
0.851715741
0.851701428
0.851689063
0.851672553
0.851660678
0.851645053
0.851631835
0.85161796
0.851602877
0.851585503
0.851571946
0.851555904
0.85153655
0.851519861
0.851498261
0.851473121
0.851457797
0.851430774
0.851408029
0.851387117
0.851366021
0.851343381
0.851324662
0.851300686
0.851278095
0.851247157
0.851219171
0.85119444
0.85116756
0.851131508
0.851100784
0.851078224
0.85103935
0.850999818
0.850986963
0.850952218
0.850922818
0.850887636
0.850854583
0.850811755
0.85078377
0.850756822
0.850720072
0.850683448
0.850655784
0.850614207
0.850583754
0.850544379
0.850511748
0.850474806
0.850444534
0.850405161
0.850367823
0.850328872
0.850287812
0.850247169
0.850209534
0.850171638
0.850127341
0.850084062
0.850036625
0.849991317
0.849938972
0.849890729
0.849855731
0.849813431
0.849768629
0.849721654
0.849675759
0.849626683
0.849578799
0.849523906
0.84948203
0.849427462
0.849383714
0.84933159
0.849291642
0.849225066
0.849175624
0.849116422
0.849056929
0.84900838
0.848971159
0.848906077
0.848858
0.848786168
0.848729925
0.848657222
0.84858808
0.848533035
0.848495189
0.848433057
0.848385212
0.848319907
0.848266233
0.848201991
0.848147979
0.84807658
0.84801687
0.847935117
0.847885451
0.847830654
0.84778473
0.847697179
0.84764129
0.847575155
0.847521606
0.847440353
0.847385671
0.84732986
0.847276786
0.847190982
0.847126306
0.847051245
0.846990708
0.846918505
0.846849878
0.846777546
0.846713296
0.846615121
0.846544991
0.846497928
0.846421869
0.846342924
0.846295505
0.846202542
0.846137492
0.846074354
0.846011981
0.845929365
0.845870987
0.84579424
0.845723601
0.845652982
0.84560068
0.845509334
0.845441606
0.845369158
0.845304275
0.845222843
0.845163777
0.845073009
0.845030218
0.844951705
0.844892924
0.844808155
0.844745516
0.844650911
0.844588969
0.844523465
0.844464144
0.844359997
0.84429023
0.844210495
0.844144887
0.844048093
0.843976466
0.843906607
0.843838134
0.843740456
0.843672454
0.843592858
0.843530294
0.843445341
0.84338043
0.843291812
0.843224847
0.843145692
0.843079635
0.842999402
0.842931956
0.84283808
0.842767146
0.842696574
0.842629527
0.842537751
0.842467579
0.842382483
0.84230705
0.842225294
0.842147606
0.842058714
0.841990661
0.841897382
0.841823076
0.841743931
0.841660633
0.841574385
0.841487884
0.841402685
0.841326067
0.841229805
0.841149285
0.841067554
0.840990122
0.840896234
0.840816608
0.840730006
0.840653993
0.840566574
0.840490183
0.840401342
0.840322031
0.840225558
0.840148159
0.840061311
0.839984248
0.839894851
0.839821475
0.839733662
0.839658192
0.839561433
0.83947917
0.839391044
0.839315955
0.839229167
0.839151483
0.839067546
0.838977591
0.838882242
0.838804859
0.838721688
0.838646268
0.838552252
0.838461406
0.838384844
0.838300688
0.838187183
0.83809573
0.838014251
0.837944608
0.837831353
0.837747272
0.837649105
0.837561543
0.837465293
0.837399152
0.837300179
0.837215403
0.837129335
0.83703962
0.8369442
0.836868557
0.836764091
0.836676808
0.836581581
0.83649854
0.836402175
0.836322619
0.836204225
0.836089684
0.835990247
0.835935817
0.835814099
0.835730419
0.835667978
0.835582321
0.835481604
0.835401079
0.835297295
0.835213281
0.835126487
0.835052704
0.834932526
0.834850077
0.834758665
0.834675634
0.834578367
0.834497411
0.834411519
0.834306355
0.834213806
0.834144094
0.834045043
0.833964661
0.833873232
0.833792755
0.833699687
0.833615971
0.833515849
0.833437383
0.833345871
0.833266426
0.83316361
0.833078432
0.832985564
0.832899622
0.83279928
0.832715493
0.832610296
0.832522746
0.832442553
0.832364577
0.832243205
0.832155423
0.832064035
0.83198273
0.831898593
0.831806142
0.831704548
0.831625171
0.831513361
0.831431861
0.831327429
0.831243408
0.831152323
0.831065753
0.830973059
0.830881086
0.830782642
0.830704686
0.830610624
0.830510713
0.83040978
0.830320953
0.830237196
0.83013041
0.830018154
0.829940624
0.829812599
0.829724107
0.829629989
0.829548309
0.829426658
0.82933275
0.829233733
0.829142542
0.829025967
0.828928921
0.828824376
0.828755317
0.828662409
0.828543323
0.828461806
0.828360253
0.828249043
0.82816047
0.828026899
0.8279306
0.827835024
0.827753872
0.827637289
0.827555185
0.827449386
0.827341316
0.827211645
0.827071939
0.826997919
0.826920971
0.826784383
0.826679808
0.826618634
0.826517896
0.82640784
0.826310749
0.826214463
0.826132993
0.826027624
0.825935068
0.825812719
0.825729111
0.825635312
0.825519128
0.825410228
0.825325542
0.825217258
0.825125359
0.825015052
0.824922424
0.824791015
0.824682158
0.82459219
0.824473039
0.824316806
0.824256784
0.824166345
0.824059136
0.823973804
0.823890707
0.823760477
0.823675239
0.823579004
0.823481458
0.82336192
0.823267095
0.823174372
0.823088613
0.822974703
0.82289442
0.822767098
0.822671392
0.822574855
0.822482291
0.822376275
0.822284759
0.822169585
0.82206963
0.821977801
0.821895088
0.82177272
0.821688069
0.821554483
0.821458162
0.821357798
0.821256431
0.821159859
0.821067519
0.820964322
0.820867869
0.82076111
0.820664756
0.820548675
0.820449157
0.820362244
0.820274886
0.820153375
0.820060973
0.819948055
0.819860564
0.819736384
0.819639824
0.819529938
0.819403349
0.81928425
0.819186001
0.819082516
0.818987174
0.818830192
0.81875458
0.818677904
0.818572771
0.81845827
0.818350935
0.818251939
0.818142673
0.818039688
0.817931976
0.817824716
0.817730331
0.817617012
0.817528176
0.817437238
0.817332955
0.817205352
0.81712418
0.816991201
0.816881522
0.816783022
0.81669644
0.816583249
0.816502445
0.816379526
0.816305893
0.816148804
0.816055018
0.815943042
0.815848473
0.815713966
0.815606884
0.81550463
0.815396006
0.815286091
0.815200253
0.815095498
0.814981062
0.814875467
0.814744706
0.81462594
0.814532308
0.814411662
0.814288236
0.814191031
0.814095564
0.813968541
0.813864228
0.813733368
0.81364599
0.813494321
0.81340191
0.813304315
0.813166635
0.813052408
0.812962785
0.812852273
0.812759002
0.812654405
0.812553499
0.812438988
0.812340539
0.812225093
0.812117217
0.8120263
0.811919979
0.811785804
0.811703107
0.811546861
0.811448314
0.811340097
0.8112374
0.811128575
0.811036767
0.810924599
0.810805915
0.810685922
0.81058303
0.810468394
0.810368782
0.810273144
0.810163071
0.810039906
0.809932928
0.80978648
0.809688366
0.809567233
0.809436423
0.809297679
0.809239271
0.809108129
0.809025373
0.808866182
0.808752503
0.808639112
0.80853137
0.808416864
0.80833296
0.808229557
0.808085928
0.807985722
0.807875365
0.807737578
0.807608471
0.807478596
0.807408919
0.807291985
0.807159409
0.807020756
0.806938212
0.806797637
0.806661923
0.806499545
0.80637348
0.806263304
0.806223972
0.806050626
0.805930839
0.805820822
0.805719867
0.805592619
0.80549503
0.805393414
0.805294362
0.805189179
0.805090979
0.804963672
0.804857924
0.804754161
0.804648051
0.804534642
0.804426342
0.804308801
0.804212519
0.804105344
0.803996377
0.80388439
0.803781751
0.803676211
0.80356732
0.803457022
0.803352871
0.803241009
0.803129343
0.80300612
0.802908581
0.802791614
0.802689395
0.802564486
0.802464578
0.80234079
0.802237266
0.802116622
0.80201409
0.80186249
0.80174921
0.801667807
0.801562596
0.801443952
0.801334649
0.801208693
0.801114148
0.800995282
0.800885251
0.800746636
0.800643296
0.800494086
0.800383939
0.80027299
0.80014026
0.800034883
0.79993285
0.799801705
0.799691502
0.799563523
0.799451661
0.799302944
0.799192185
0.79910149
0.799008163
0.798860824
0.798751069
0.798619706
0.798507081
0.798343979
0.798239781
0.798100119
0.797986822
0.797858011
0.797744686
0.797652569
0.797552067
0.797416861
0.797312114
0.797170221
0.797068801
0.796947918
0.796811232
0.796665153
0.796507764
0.796377299
0.796254138
0.796165423
0.796064002
0.795928123
0.795809249
0.795689477
0.795553183
0.795390446
0.795282085
0.795149602
0.795026679
0.794872347
0.794766346
0.794665341
0.794568158
0.794424059
0.79431292
0.794196637
0.794088642
0.793922879
0.79381624
0.793681926
0.793572227
0.793417219
0.793294709
0.793131987
0.793001458
0.792900667
0.792795512
0.792670265
0.792550669
0.792403749
0.792290427
0.792166296
0.792050329
0.791930654
0.791800708
0.791671587
0.791573012
0.791448804
0.791330073
0.791210476
0.791088706
0.790967402
0.790851087
0.790724622
0.790612399
0.79047685
0.790360558
0.790221946
0.790101507
0.789968307
0.789857216
0.789715354
0.789605152
0.789453963
0.789337522
0.789198518
0.789081617
0.788924623
0.788820854
0.788672792
0.788538667
0.788407983
0.788282398
0.788153731
0.788043535
0.787894702
0.787782852
0.7876337
0.787518027
0.78739164
0.787275451
0.787141063
0.787025957
0.786906046
0.786797891
0.786670503
0.78655666
0.786410061
0.786307481
0.786154503
0.786045139
0.785923517
0.785821296
0.785682122
0.785579165
0.785443945
0.785341332
0.785187453
0.785064116
0.784938032
0.784816649
0.78469106
0.784555663
0.784418274
0.784308704
0.784160239
0.784033577
0.783919772
0.78379468
0.783670156
0.783537838
0.783406332
0.783276558
0.783135169
0.783002396
0.782881764
0.782776483
0.782617771
0.782503475
0.782386831
0.782280535
0.7821418
0.782036458
0.781903177
0.781779565
0.781637191
0.781521953
0.781385026
0.781273939
0.781133803
0.781018904
0.780869554
0.780748033
0.780605182
0.780509126
0.780362428
0.780242567
0.7801173
0.779999155
0.779874611
0.77975305
0.779622225
0.779501621
0.779367387
0.779250375
0.77912253
0.779007022
0.778886634
0.778763171
0.778638923
0.778512543
0.77837537
0.778253383
0.778106656
0.777994098
0.777840207
0.777689503
0.777529042
0.777365517
0.777247386
0.77713396
0.777018684
0.776917428
0.776757685
0.776628215
0.77647274
0.776362176
0.776187904
0.77608152
0.775887131
0.775745828
0.775627094
0.775492819
0.775372185
0.775225496
0.775080936
0.774972399
0.774825874
0.774712643
0.774576714
0.774450952
0.774305801
0.774170274
0.774013982
0.773914982
0.773767189
0.773649112
0.773544652
0.773435797
0.773289818
0.773177512
0.773032011
0.7729296
0.772783109
0.772666366
0.77252926
0.772419726
0.772306622
0.77217445
0.772035469
0.771920118
0.77179071
0.771671385
0.771543633
0.771427667
0.771299021
0.771174832
0.77103764
0.770921367
0.770795594
0.770663162
0.770536674
0.770405907
0.770259343
0.77014778
0.770019734
0.769889046
0.769749774
0.769629425
0.769493194
0.769373288
0.76923172
0.769105849
0.768966056
0.768841708
0.768690214
0.768574213
0.768438406
0.768305244
0.768160225
0.768030944
0.76789225
0.767774296
0.767617244
0.767497599
0.767335047
0.76721041
0.767075292
0.766965157
0.766815241
0.766690724
0.766561923
0.766438299
0.766303736
0.766188092
0.766043768
0.765924134
0.765764046
0.765650787
0.765526154
0.765405415
0.765258335
0.76513893
0.764974739
0.764822197
0.764656388
0.764537127
0.764404797
0.764251643
0.764107119
0.763979189
0.763829634
0.763697715
0.763559789
0.763400322
0.763273745
0.763149665
0.762999523
0.762877106
0.762715324
0.762584638
0.7624268
0.76229846
0.762125931
0.761995991
0.76186921
0.76174512
0.761593445
0.761458162
0.761314873
0.761192375
0.761052767
0.760925424
0.760789259
0.760660532
0.760516853
0.760383082
0.760243393
0.760119244
0.759979096
0.759854466
0.759707243
0.759576573
0.759434683
0.759291355
0.759150475
0.759016075
0.758869195
0.758762308
0.758615486
0.758498802
0.7583495
0.758236283
0.758107278
0.757981931
0.757852549
0.757728233
0.757597767
0.757461979
0.757316213
0.757182573
0.757021693
0.756868873
0.756691416
0.756556516
0.756424736
0.756302682
0.75616672
0.756055266
0.755914821
0.755782158
0.755645782
0.755523187
0.75538887
0.755247018
0.755117879
0.755015805
0.754862134
0.754735093
0.754577597
0.754464254
0.754322493
0.754194528
0.754065997
0.753946816
0.753791477
0.753664202
0.753513458
0.753384269
0.753212677
0.753086575
0.752943405
0.752816885
0.752669032
0.752551659
0.752388618
0.752259817
0.752122797
0.752002458
0.751851327
0.751729178
0.751580323
0.751453273
0.751313562
0.751185025
0.751039589
0.750911774
0.75076434
0.75063271
0.75049445
0.750362033
0.750220332
0.750091223
0.749945356
0.749813742
0.749665798
0.749533188
0.749363142
0.749238766
0.749062459
0.748928047
0.748786454
0.748659857
0.748512633
0.748387704
0.748197421
0.748070206
0.747890552
0.747760298
0.747601902
0.74746442
0.747306344
0.747164562
0.74702053
0.746879001
0.746725921
0.746589565
0.746455411
0.746315231
0.746145626
0.746013412
0.745842381
0.745743286
0.74556505
0.745458036
0.745326609
0.745178523
0.745035939
0.744885253
0.744737436
0.744576163
0.744406189
0.744313651
0.744161227
0.744040424
0.743883224
0.743759062
0.743592281
0.743464581
0.743283726
0.743154082
0.742992312
0.74286066
0.742716676
0.742586393
0.742450614
0.74232869
0.742159952
0.742030131
0.741871126
0.741740973
0.74160258
0.741471597
0.741337664
0.741213352
0.741064518
0.740936942
0.740777187
0.740643793
0.740500819
0.740376157
0.74020803
0.740055779
0.739914347
0.739796845
0.739651509
0.739501299
0.739346518
0.739210793
0.73905047
0.73890015
0.738743783
0.738605352
0.7384384
0.738293388
0.738106485
0.737968119
0.737796987
0.737666321
0.737470681
0.737320528
0.737189866
0.737071461
0.73689955
0.736770377
0.736597277
0.736467052
0.736302953
0.736147916
0.735969133
0.735836337
0.735700341
0.735551745
0.735373116
0.735229264
0.735041695
0.734911169
0.734727108
0.734590295
0.734438343
0.734268248
0.734134079
0.734014888
0.733838507
0.733706026
0.733534556
0.733397895
0.733246923
0.733095205
0.732944861
0.732818988
0.732671127
0.732512245
0.732343252
0.732216843
0.732060198
0.731936092
0.73175625
0.73161293
0.731440944
0.731330259
0.731193793
0.731068558
0.730892671
0.730755179
0.730622025
0.73046171
0.730319174
0.730169646
0.730014847
0.729865281
0.729729353
0.72960755
0.72946318
0.729291898
0.729127538
0.729014321
0.728849205
0.72869757
0.728542173
0.728381718
0.728206142
0.728087659
0.727892596
0.727803947
0.72758477
0.72732326
0.727144877
0.727087244
0.727086827
0.726271997
0.726225006
0.726036222
0.726030757
0.72517525
0.72531809
0.725086537