% Model:              CMSL_AJB_O2_20210227_AdptLKR.mph
% Version:            COMSOL 5.5.0.359
% Date:               Feb 28 2021, 01:01
% Dimension:          1
% Nodes:              1208
% Expressions:        1
% Description:        Line graph
% cln1x                   Height
0                         0.8225261354325878
0.07644537880878488       0.8225261353847715
0.8127602615697924        0.8225261349439997
1.5333611862234306        0.8225261347662283
1.691313091440577         0.8225261346707293
1.8429681349171005        0.8225261345848774
2.5419370262270036        0.8225261301497988
3.2174618005118987        0.8225261330604599
3.274558342129012         0.8225261304478466
3.404895743775228         0.8225261293505775
3.955876995275162         0.8225261161367907
4.140306653069729         0.8225261120107421
4.689754130582742         0.8225260791158464
4.9906938820326445        0.822526095792051
5.457047219396202         0.8225260768013184
5.655585384957362         0.8225260433730731
6.129825952080182         0.8225260155357081
6.526795916652645         0.8225259621674692
7.013540003992716         0.8225258555836982
7.396171616410868         0.8225256054686854
7.98464101751739          0.8225253767485048
8.354363779026244         0.8225252003417178
9.000420925930882         0.8225245758754735
9.443002490288109         0.8225241801982666
9.998298162578806         0.8225235240630703
10.467453214465024        0.8225228824982607
10.997184887368007        0.8225222564164982
11.423543391872272        0.8225214934757703
11.99901420936078         0.8225201540445555
12.474907543775771        0.8225190718549145
12.9889728045693          0.8225173237340726
13.468372678326318        0.8225157175933084
14.0151494739913          0.8225139316032383
14.464274135202345        0.8225118103184195
15.011120710228454        0.8225091648950904
15.462006218028478        0.8225064416457064
15.996249183457735        0.8225026782106771
16.45760037942813         0.8224995170540778
16.991022358406894        0.8224962229875818
17.387868124577608        0.8224927003044398
17.97390812048758         0.8224877999324123
18.459738787339063        0.8224849210030512
19.015126087754936        0.8224806596814281
19.456953417825503        0.8224766986578587
19.99122301803868         0.8224707569790881
20.457522880578153        0.8224656243969419
20.991816970559114        0.8224592179525659
21.456958540726703        0.8224537791777777
21.992082734458506        0.8224469655777319
22.465177304545932        0.8224410876800268
22.99468565551541         0.8224329883965933
23.45601706578134         0.8224252900644483
23.991781244174263        0.822416841878138
24.45108715582711         0.8224086035343019
24.987735683116284        0.8223974178509688
25.45481915394157         0.8223877405337272
25.989499946149294        0.8223775243921325
26.454353436130077        0.8223665697206162
26.987305351910095        0.8223553061810285
27.455936879918227        0.8223430174075886
27.98371566160165         0.8223306806234185
28.460673446828764        0.8223200708788478
28.986459129118657        0.8223072998312064
29.434175488268124        0.8222951721077671
29.98234061628682         0.8222788131665898
30.45698550812233         0.8222662971726991
30.98872887234228         0.8222517080089429
31.466293792747194        0.8222380981027635
31.985726064324012        0.822222425612126
32.460581488074354        0.8222067861478897
32.98845594957436         0.8221881482731904
33.499963982363624        0.8221735917828326
33.98755619883059         0.8221559238671308
34.4508611474314          0.8221370788399921
34.97375599796976         0.8221198391722573
35.433523469263946        0.8220978600326287
36.030909973715666        0.8220753701053122
36.49141286615696         0.822060654284909
37.01697752822918         0.8220335991204825
37.48871948917213         0.8220117483774143
37.99714710422535         0.8219907317411214
38.46562238389396         0.8219710359906266
38.995657682003184        0.8219478319101097
39.4594829601063          0.8219294353598461
39.97535304896587         0.8219055190672574
40.447898666307765        0.8218804498878937
40.94794976231981         0.8218496808933281
41.45269734102067         0.8218219935610018
41.98986735275395         0.8217982585620848
42.450082874653674        0.8217729174328876
42.9890934352357          0.821737002446333
43.45798373806025         0.8217058565797591
44.014493317146815        0.821682564690903
44.41013465787515         0.8216437039492029
45.039189791509386        0.8216019470969922
45.419577315822835        0.8215919933012558
45.9517836630215          0.8215572616015745
46.430818837314405        0.8215258664913843
46.98057737818172         0.8214884177291283
47.43891133224773         0.8214534998874983
47.98868472333177         0.8214094357605348
48.483664945387005        0.8213805753164777
48.96861828489892         0.8213544961535697
49.44980538344299         0.8213151335112057
49.99164740172577         0.8212775896614138
50.44263051062799         0.8212479256898251
50.993197390963616        0.8212057019439607
51.45691129547126         0.821173534361278
51.991035510655394        0.8211333077510853
52.45760323359596         0.8210988019996397
52.99103794092318         0.8210592552549022
53.46998176026338         0.821025789266632
53.98965312332709         0.8209863912133473
54.46449569876623         0.8209446284477886
54.98873717373891         0.8209022992114593
55.46071529750509         0.8208590455005953
55.97994557701398         0.8208147075068823
56.5014107003019          0.82077950299276
56.98917752660276         0.82073640754689
57.45927018372345         0.8206904885468913
57.96441676910541         0.8206442541019968
58.45811119115052         0.8205929553697546
58.97699945457083         0.8205421172984435
59.461074000348844        0.8204867670372816
59.98269371781589         0.8204368404935455
60.52304041236175         0.8203959302136941
60.99924531228811         0.8203508043481479
61.459346302326026        0.8203004065230397
61.96819794805447         0.8202497313657712
62.47341238404846         0.8202016256757634
62.98622994912057         0.820148499293182
63.457682705356206        0.8200979698628148
63.99105189502359         0.8200380928412546
64.45768715615668         0.8199938111279339
65.00329127792327         0.8199358407138088
65.45890950807319         0.8198887325854521
66.04322665172725         0.8198309056880481
66.46288717513107         0.8197865793170607
66.99105464832667         0.8197125695519871
67.45631318986682         0.8196577373914753
67.98378545437663         0.8195899755031514
68.44829493470456         0.8195206263369298
68.99859810087469         0.8194679415171978
69.42946540451305         0.8194287340805437
69.99352637339246         0.8193574770911151
70.42626308437178         0.8193054446300827
70.99151590523553         0.8192255948561323
71.45771301639945         0.8191634840958733
71.97241865834104         0.8190829456163659
72.42126092465628         0.8190044587717962
73.02958623085601         0.818943434165221
73.44704349161344         0.818904003092894
73.9993910656134          0.818840676653922
74.42935210695066         0.8187888400549762
74.9882889069367          0.8187152380786856
75.43677127134242         0.8186568045120499
75.98666799450729         0.818589609000964
76.42782936332429         0.8185289739147259
77.02135639867714         0.8184488008299478
77.46056789808563         0.8183852288962362
78.02338308213194         0.8182952831359621
78.46075874005152         0.8182418674162519
78.99498492127509         0.818177581730272
79.39112415035277         0.8181260273995046
79.99273073616695         0.818031294952305
80.45086680501265         0.8179699871382277
81.02224203457922         0.81789814809836
81.46065278567045         0.8178390294072804
82.02085216524421         0.8177531186926806
82.46052223059792         0.8176882552237834
82.99366190831842         0.8176282707611257
83.39156668705658         0.8175693761626321
83.99137135937207         0.8174764795168327
84.44276629072874         0.8174030932511331
84.99105836031458         0.8173166684897334
85.46060442619762         0.8172493125181552
86.00955454147282         0.8171661793760318
86.45267276390007         0.8170879264895017
87.03934353718859         0.8170092305271788
87.44926522137337         0.8169359369289714
87.97237324519335         0.8168276174367581
88.54438952961164         0.8167519241325218
89.0270039971989          0.8166968334032081
89.43604602990285         0.8166123372746137
90.05287370054725         0.8165243164570576
90.44075791480816         0.8164734351221432
90.98361585740713         0.8163748422100401
91.45561317221859         0.8163034228935722
91.9615635584542          0.81623092145227
92.43944086785154         0.8161631215995682
92.97457731108403         0.8160744858902546
93.45204878335767         0.8160076683490226
93.98494554759816         0.8159211825761743
94.43810425388483         0.8158450253777465
94.97841903163771         0.8157700743169534
95.39639384410799         0.8157147794548014
95.99400128187733         0.8156113747358534
96.44287873649739         0.815539316113754
97.02248489452461         0.8154556934676978
97.4233900579751          0.8153828534444438
98.05526000890058         0.8152862097788495
98.46066129239352         0.8152146379415157
99.01587840049876         0.8151112631878249
99.43062801729718         0.815061959397553
99.98622496287459         0.8149703574228149
100.42366595032638        0.8149036622826706
101.02421174210622        0.8147976686181533
101.46084539255543        0.8147284071016592
102.02330385825758        0.8146164807914502
102.46075987428901        0.814542526902575
102.99485024070498        0.8144654963267178
103.3934355389132         0.8144004323034923
103.99273229019082        0.8142864077881671
104.45087309134544        0.8142100076727907
105.02421174116279        0.8141209950269571
105.46084539342212        0.8140437622006511
106.02330385772586        0.8139394958905621
106.46075987478451        0.8138576649067244
106.99393287741202        0.8137807776761443
107.40918929553163        0.8137021925675529
107.99418481503687        0.8135928911111635
108.44575184396928        0.8135164009052864
109.01961021913735        0.8134301076270549
109.45545478936049        0.8133566123570432
110.02161344345745        0.8132512798759414
110.4621978411709         0.8131740244308818
110.99139295335698        0.8130719799620137
111.43340506813934        0.8129935134283106
111.99138826141376        0.8129009960289579
112.43374698520773        0.8128262224802201
112.99217091170277        0.8127371241279074
113.43013755660166        0.8126649695241118
113.99105925744198        0.8125625430232729
114.45772257328576        0.812481305563385
114.98838571323938        0.8123965769340532
115.42840765913456        0.8123213066087243
116.00746049229139        0.8122183342781734
116.45185533674328        0.8121410161564604
116.99726481429946        0.8120490219923875
117.45598356572953        0.8119656185369455
118.01019579787373        0.8118806680785356
118.46057008740331        0.8117968499346508
119.01227208302055        0.8116983575305896
119.47612937348174        0.8116248851910097
119.98891412817238        0.811528400783015
120.49045264078632        0.8114457703806961
120.98912886755318        0.8113611325097887
121.48652322026771        0.8112733576017374
121.99489805281843        0.8111774695537094
122.45772257328571        0.8110856772394819
122.99105925744135        0.810991866814297
123.45772257328565        0.8109118356742614
124.00748512454527        0.810806743758906
124.47607161348935        0.8107215688035669
125.00567693365804        0.8106329166330236
125.45998221559773        0.8105502280734167
125.9910592574413         0.8104535501950243
126.45772257328565        0.8103675620293019
126.9910592574413         0.8102757669123432
127.45772257328565        0.810190175272492
127.99030536194857        0.8100943488321972
128.44570676630042        0.810008586900975
129.00359566118823        0.809908808562084
129.4534121257425         0.809825058585717
129.99105925744124        0.8097229694424929
130.45772257328548        0.8096386468289328
130.99105925744118        0.8095429054165849
131.45772257328542        0.8094608746672568
131.99039214618801        0.8093622572010425
132.447089958908          0.8092816736241863
133.00419098270714        0.8091811037211885
133.45320743369268        0.8090958108927186
133.99105925744118        0.8089927049215514
134.45772257328537        0.8089008223635497
134.99105925744112        0.8088030069064104
135.46522164713684        0.8087172296190235
135.99073749441231        0.8086193152861985
136.47410927773865        0.8085321974206381
137.003622882777          0.808433579684527
137.46154853982273        0.8083355895280533
137.9918567732954         0.8082316797471205
138.4929752989221         0.80814912629188
138.99473745423546        0.8080551889211958
139.4538146761625         0.8079698228376495
139.95386387732805        0.8078643543551677
140.46656081234835        0.8077592561298034
141.003001476465          0.807661664480717
141.46185398637033        0.8075621042548312
141.99105925744084        0.8074416034593371
142.433384920952          0.8073370142620884
142.98390762666043        0.8072457846021958
143.42077785782863        0.8071732113615866
143.98618879583415        0.8070471679731993
144.44013027163578        0.8069456248411939
145.0074783973099         0.8068290148920422
145.46396865669317        0.8067259698392484
146.0481212198714         0.8066201661456847
146.47718696501317        0.8065472528133841
146.98998992116333        0.8064339558309942
147.47711543361504        0.80634256333147
147.98568980092773        0.806249855550835
148.44719763956607        0.806145271339049
149.00338368812606        0.8060358210176134
149.45348500938383        0.8059481716469272
149.9910592574406         0.8058372803637389
150.45772257328497        0.8057440695789325
150.99105925744055        0.8056376488782794
151.45772257328497        0.8055439645666891
151.9903054387746         0.8054371136944031
152.44341216667215        0.8053460608532726
152.97399827626413        0.8052148458499403
153.4517395999476         0.8050801457326635
154.07351456049605        0.8049717589721771
154.46654445683254        0.8049165832373641
154.98833881835577        0.8047786216359429
155.46544857437812        0.8046893638609569
155.96456428769648        0.804619560599269
156.43842820470445        0.8045239596589886
156.99171105567615        0.8044100384394977
157.45464434529367        0.8043179147967853
158.00808025352183        0.8042000857326088
158.46393085365105        0.8040978050064256
158.98120587921227        0.8040017988170329
159.40950158234313        0.8039163635942571
159.9953750601752         0.8037738799725452
160.4564808099567         0.8036803478934634
161.00554060410195        0.8035757346005785
161.45669490125243        0.8034798737477773
161.99105925744027        0.8033642519549332
162.45399018518253        0.803271924396405
162.9712311137667         0.8031709537686447
163.44379740666716        0.8030485383210577
163.9938815939754         0.8029376308557091
164.4474124167793         0.8028621181452835
164.99105925744027        0.8027470442225616
165.4577225732845         0.8026503939268403
165.99105925744016        0.802546599935436
166.4577225732845         0.8024521094523023
166.99105925744016        0.8023466420644549
167.45772257328446        0.8022519305546152
167.99771248721186        0.8021333861423017
168.46717196567005        0.8020402823480619
169.00887885421923        0.8019318768433382
169.46106783299285        0.8018395863177428
169.99105925744004        0.8017211568420294
170.45772257328434        0.8016181347786536
170.99105925744004        0.801505975861646
171.4577225732843         0.8014054094809155
171.99105925743999        0.801289119135081
172.4577225732843         0.8011843663575526
172.99105925744004        0.8010634839025558
173.45772257328417        0.8009610851574576
174.03122583178572        0.8008633399262702
174.4607388097162         0.8007704148562351
174.9910592574402         0.8006213577092866
175.45772257328395        0.800515501745554
175.99105925744067        0.8004077201242304
176.47448715894006        0.8003110491922691
176.98860683610928        0.8002109825629984
177.44593867996826        0.8001012499160576
177.9888905438661         0.7999826794113872
178.4453295897589         0.7998906695462134
178.99105925744556        0.7997649496687184
179.4577225732869         0.799667569489964
179.99105925744846        0.7995546472318917
180.45772257328952        0.7994593218533557
180.99105925745158        0.7993501165721407
181.45772257329259        0.7992502980449503
181.99105925745414        0.7991373533250913
182.45772257329554        0.7990312092234702
182.99105925745573        0.7989149665108807
183.46302576151322        0.7988260038928476
183.9764598930695         0.7987134495214054
184.4750327674921         0.7985960752072088
184.98961512787236        0.7984778850407231
185.4651441120498         0.7983751433826305
185.9984698620296         0.7982835260655781
186.4631048655463         0.7981545809999597
186.9917973327489         0.7980256789951116
187.43600850353096        0.7979376991365041
187.99105925745567        0.7977866305678514
188.45772257329946        0.797687852722943
189.00838984652927        0.79758129058859
189.45227993333896        0.7974897040343549
189.99105925745545        0.797347597647902
190.4577225732993         0.7972416122896716
191.0115867829914         0.7971304642769443
191.46180899975622        0.7970259907025343
191.99105925745533        0.7968965143209605
192.45772257329912        0.796778515605256
192.99105925745528        0.7966599883815126
193.44700099454377        0.7965922571553588
193.94364894125948        0.7964800374283332
194.47100401505998        0.7963407136965666
194.98968217794413        0.796246484303155
195.44115139780592        0.7961286826750376
195.99207127962995        0.7960014853156544
196.43781283168147        0.7959045176010585
196.99105925745488        0.7957488121721805
197.45772257329878        0.7956360037016932
197.99446407745103        0.7955304824384697
198.44731104626146        0.7954354044655751
198.9859779688257         0.795301559489934
199.4666256207592         0.7952042249524047
199.9700837088966         0.7950809548893519
200.47902008678284        0.7949525468132101
200.97605275799407        0.7947919688100017
201.4895841536494         0.7946253571978559
201.99105925745448        0.7945408754143539
202.45867568399456        0.7944509547060892
202.95700099290866        0.7942922151373634
203.46417292875935        0.7941726122020496
203.96624947013623        0.7941077345125847
204.4516156497309         0.7939911281034322
205.00794527596656        0.793868427041044
205.46200164815673        0.7937515737648815
206.01248896032837        0.7936356148238394
206.45626590927992        0.7935407550269638
206.99060430399345        0.793413563776102
207.43406960082638        0.7933068626063772
207.9910592574539         0.7931615599773556
208.447892207201          0.7930680010012215
208.9438795819492         0.7929638865911479
209.45772257329764        0.7928265921383724
209.9910592574538         0.7927034874870887
210.45772257329753        0.7926092255370407
210.99105925745368        0.7924809189165426
211.45772257329747        0.792381436081296
211.99105925745368        0.7922487142479163
212.45772257329742        0.7921392944484664
212.9632528388849         0.7919805519917762
213.46088137311563        0.7918493934934903
213.99105925745351        0.7917492471735627
214.42231066866992        0.7916065532282376
214.9909850166482         0.7914142971328929
215.51155582076774        0.7913462174159784
215.99265942463416        0.7912437888629488
216.4577225732972         0.7911171085174038
216.9865679625787         0.7910220698458396
217.41935107964173        0.7909276224157726
217.99046857204758        0.7907709086584439
218.45079875281192        0.7906721968813841
218.9777774542353         0.7905640119368585
219.44265340149815        0.7904476592866125
219.991059257453          0.7903063671249269
220.45772257329685        0.7901964071133193
221.01496010875155        0.7900806724169542
221.45505326387877        0.7899817056239478
222.03345849573827        0.7898486443930375
222.46276088654417        0.7897537870012045
222.99105925745272        0.7895985037174243
223.45772257329656        0.7894890206624445
223.99105925745266        0.7893733221781264
224.45772257329645        0.7892629146528638
224.99105925745255        0.7891446163024504
225.4577225732964         0.7890351062150911
225.9910592574525         0.7889040387260572
226.45772257329634        0.7887959814141867
227.02336440600004        0.7886944409675887
227.4546591042003         0.7885931985825333
228.02251197131994        0.7884529843361666
228.4547399398383         0.7883536632829379
228.9910592574522         0.7881971499249697
229.45772257329605        0.7880854083428859
229.99105925745215        0.7879691035742169
230.45772257329594        0.7878472790490634
230.99105925745204        0.7877289068621454
231.45772257329588        0.7876192393498459
231.99105925745198        0.7874963629710586
232.4577225732957         0.7873807776592854
232.99105925745192        0.7872546581020949
233.45772257329565        0.7871427092884002
233.9910592574518         0.7870085564346021
234.4577225732956         0.7868934798591727
234.9974074555343         0.7867928943895618
235.43766135995128        0.7866910977453889
236.01199700805358        0.7865498817686648
236.4592353722133         0.7864400614421002
237.00929284268585        0.7863094255778756
237.47202384467852        0.7862095404349216
237.9939420934283         0.7860678884513004
238.45436517661375        0.7859578969898607
238.9651077283189         0.7858384158891213
239.45772257329526        0.7856947915085128
239.99105925745135        0.7855532686813201
240.45772257329514        0.7854416194488837
240.99294687599627        0.7853247711556507
241.4324283799067         0.785215728567489
241.99262298011558        0.7850187438207566
242.4747744573756         0.7849235188317545
242.98836463649786        0.7848408816378988
243.47438469276665        0.7847200171369575
243.98165764849432        0.7845854723645538
244.46182300211086        0.7844617565203594
244.97630314021956        0.7843479147407637
245.4692694250262         0.7842148784348382
245.99224363718412        0.7840957580332645
246.4577225732947         0.7839727470560809
246.9910592574508         0.7838439670690878
247.46180157999743        0.7837354814711415
247.9913594618289         0.7836001643230706
248.45570697095985        0.7834967208871847
248.97298907946043        0.783395099028846
249.42430534973084        0.7832742279842816
249.9946918769271         0.7831237767847058
250.44387092555377        0.7830297193314146
250.9786997520049         0.7828762980545502
251.45519099118206        0.7827458261103599
252.0145895053069         0.782638187739887
252.4392189753837         0.7825367435290691
253.0304734451194         0.7824011331214157
253.43750032824164        0.7823036743430107
253.98105226352862        0.7821639286563207
254.3892581371278         0.7820777697903408
255.0208399425647         0.7818948350750731
255.45984561686288        0.7817880913886531
256.01426794908036        0.7816502430016466
256.4468072729809         0.7815419316963159
256.99105925744993        0.7813781570352244
257.4577225732937         0.7812544654955105
257.9910592574498         0.7811390072185143
258.45772257329367        0.7810120690483342
258.99105925744976        0.7808896568549029
259.4585808880951         0.7807898319131765
259.9714129590841         0.780671950059589
260.45857231981216        0.7805452808006759
260.9716090818108         0.7804278938063023
261.4575577015956         0.7802809158497173
261.9826835761355         0.7801457771147399
262.4908140280381         0.7800377907218665
262.99644904316625        0.7798986930819994
263.45772257329327        0.7797569811485003
263.99979064141326        0.7796473421944982
264.43412043941134        0.7795414694228331
265.0240396718987         0.779390347628305
265.454575855097          0.7792745439798983
266.0198130263592         0.7791254840267559
266.44574995121263        0.779027210846415
266.97913889320245        0.7788486715499535
267.4612459913644         0.7787372109166207
267.95689404330346        0.7786266971505296
268.46214912426115        0.7784652396186857
268.9920472986279         0.778339074404872
269.47794933283456        0.7782366877017253
269.9934642826674         0.7781132942777287
270.4739816458317         0.7780073699508983
270.9859611045398         0.777888404705967
271.46928539052755        0.777770406348501
271.98770219302406        0.777642346412387
272.46720541803217        0.7775289717497119
272.98830607714024        0.7773887019406022
273.46460430096806        0.7772640304202624
273.98937596095834        0.7771596686696799
274.41941806726777        0.7770391604056915
274.99075825615466        0.7768827646141253
275.4258111724729         0.7767859770979288
275.9915306070181         0.7766083791301386
276.45772257329224        0.7764960995637553
276.9910592574483         0.7763742588603271
277.4577225732922         0.7762538541167363
277.9910592574482         0.7761261740286389
278.4610583858416         0.7760192867720989
278.98010666417184        0.775893931569835
279.457722573292          0.7757537872820623
279.99105925744806        0.7756215427592948
280.4647938937066         0.775504138321519
280.9905504202415         0.7753686843504511
281.47253981505463        0.7752571772799733
281.99522034247263        0.7751521387269644
282.4388457864437         0.7750242308601183
282.9977811690259         0.7748787504876756
283.44661478442447        0.7747526280413586
283.99937025258373        0.7745735707661235
284.4763659372411         0.7744650182263706
284.9844434674851         0.7743111988231207
285.4304424613059         0.7741516465315239
286.0493244917489         0.7739823701155426
286.44310990957894        0.7739126200428371
287.07463431354967        0.7737651665292984
287.4650703742021         0.7736696059130057
287.9910592574473         0.7734819283683309
288.4577225732912         0.7733493610200319
288.9910592574473         0.7732213437487011
289.4577225732911         0.7730954456785593
289.9966710511189         0.7729615181255376
290.4581459756832         0.7728627255185276
290.95768295384295        0.772742661253899
291.45772257329094        0.7725759289191192
292.00869750939194        0.7724653799999905
292.4479931365202         0.7723375505196992
293.0029759079294         0.7721745806490754
293.43529195345303        0.7720214424800207
293.9979358145842         0.7718681826910194
294.45499909808956        0.7717882902653102
294.96463319854547        0.7716486640626045
295.4577225732906         0.7714909190410559
295.9910592574467         0.7713243537558033
296.4848415986596         0.7712306713159387
296.9792025527129         0.7710630704123275
297.4586411147657         0.7708976633747113
298.02668634685006        0.7707107190798598
298.4608835739945         0.7705604028491939
299.0303906282406         0.770437205056458
299.35883617978624        0.7703908287926116
299.9842771216024         0.7701919203403504
300.4578936986619         0.7700481011410886
301.0087384945772         0.7699217125449566
301.45238161911163        0.7698091451943213
301.99105925744624        0.769661861120203
302.45772257329           0.7695457032181732
303.0040480719222         0.7694273914009039
303.4565260077548         0.7693143349653281
303.9979239795891         0.7691904931647913
304.44060533042955        0.7690801465212689
304.991059257446          0.7689302065059244
305.4577225732898         0.7688133796440962
305.9910592574459         0.7686864361986944
306.4577225732897         0.7685616442544252
306.9910592574458         0.768434584836585
307.4408088423372         0.7683042773396639
307.9790944593595         0.768179491753228
308.4521856405023         0.7680722242672684
308.96699296960446        0.7679538750533267
309.47071683735925        0.7678375017372437
309.98484663986574        0.767716793703936
310.47902221163355        0.7676015624948017
310.9868070265863         0.7674802047390341
311.46993506811333        0.7673576852326167
311.9865458035148         0.767230256554906
312.4692323356454         0.767111996802488
312.9868055170839         0.7669866025277075
313.4577225732892         0.7668583690088864
313.9910592574453         0.7667240710515527
314.45772257328906        0.7666094357634425
314.9910592574453         0.7664711494423306
315.45772257328895        0.7663579066439752
315.99105925744516        0.766216052025641
316.45772257328895        0.7661000011329804
316.99105925744504        0.7659512846132831
317.45772257328883        0.7658313378347985
318.0009116562678         0.7656916890650914
318.4588644918367         0.7655764458639582
319.00449973144976        0.7654045319373834
319.4766655013185         0.7652730807262919
320.0079042678617         0.7651842104049432
320.45084971710116        0.7650669203148378
320.99223324379284        0.7649323673841744
321.44077913579906        0.7648052316197135
322.00331080666535        0.764662069207092
322.4672152142314         0.764561487896893
323.00690887768485        0.764426538136997
323.46007892098453        0.7643006319510922
323.9959541102045         0.7641404998708736
324.4571360174866         0.7640275309026203
324.9803575170125         0.7638561344223532
325.482501646512          0.7637335835050139
325.9814232662693         0.7636025909631221
326.47157611034595        0.7634546452242352
326.999995050042          0.7633227484198202
327.45912571218037        0.7632052805047569
327.99105925744414        0.7630612977172161
328.4577225732879         0.7629357515390123
328.99105925744414        0.7627931479736536
329.4577225732879         0.7626694937690998
329.9910592574439         0.7625033033227482
330.4577225732878         0.7623740327675741
331.05333850886484        0.7622746952756644
331.4573060403469         0.7621700557119813
331.9870181967533         0.7620087078292885
332.4198834826253         0.761889910286956
333.0311769609357         0.761739368479376
333.45198950045767        0.7616144214775518
333.99105925744357        0.7614199465794053
334.4723372471417         0.7613023908067249
335.0055770635339         0.7611424012503618
335.48446140085673        0.7610126147223311
335.9913263919607         0.7608685501261714
336.45772257328724        0.7607396464441468
336.98778661102426        0.7606368743033519
337.4234049714215         0.7605223531852534
338.0096142068319         0.7603709667793519
338.45207146280075        0.7602431406790549
338.99105925744334        0.7600761628454741
339.4596408488402         0.7599612562191472
339.96929497301653        0.7598283562737713
340.46133390753585        0.7596704896843445
340.95223093950926        0.7595022913329682
341.47959471655577        0.7593266575485274
341.9946787733917         0.7591735416939619
342.5083359866695         0.7590427119608715
342.99702217867457        0.7589416683771681
343.4485840732167         0.7588204388197497
343.96655951802074        0.7586663514271461
344.46533037658287        0.7585269143594908
344.9633002821947         0.7583939571316949
345.41366165772183        0.7582234156284515
345.9845343403092         0.7580353323988155
346.4334669288729         0.757917310936664
347.00908091343683        0.7577720730557728
347.4497909496889         0.7576357921410781
347.9942221912702         0.757456028512594
348.4764824758065         0.75733182408648
349.0118031666832         0.7572210630867007
349.4554819918566         0.757111606464477
349.99105925744254        0.7569470630037111
350.45772257328633        0.756821185773804
350.9853641050586         0.756697108451639
351.4235578115067         0.7565746221499539
351.99105925744243        0.7563914202705615
352.4577225732862         0.7562716809009186
352.99043790015673        0.7561345470016861
353.4387778602012         0.7560158255643008
353.9910592574423         0.7558343864613601
354.457722573286          0.7556941228211427
354.9880207349303         0.75550435500439
355.45547532505464        0.7553602306001528
355.9771236623783         0.7552492923974053
356.4338411566307         0.7551301268281023
356.9748366531687         0.7549883423417251
357.4299511681928         0.754849638944763
357.99105925744186        0.7546747514537431
358.45772257328554        0.7545452190366039
358.9763357280294         0.7543995803579523
359.4598342149309         0.7542684176605552
359.99153452517555        0.7541283951264299
360.4577225732854         0.7539727469422272
360.99105925744163        0.7538320141424454
361.4949515279427         0.7537272486449043
361.99385611164075        0.7535992076708673
362.4582392226023         0.753463506555874
362.9746451544254         0.7533219790339327
363.4690464427531         0.7531831618319449
363.98829201850674        0.7530368496513274
364.4577225732851         0.7529039056582789
364.9910592574413         0.7527615150567931
365.4577225732851         0.752640492646784
365.9910592574412         0.7524947920612067
366.45772257328497        0.7523662413362942
366.99105925744107        0.7522134419041903
367.45772257328485        0.7520812335501226
367.9888616641156         0.75193494139172
368.43223795045344        0.7518122703516615
369.0159065640655         0.7516554707607096
369.4551975251758         0.7515389607695018
369.99502927809556        0.7513654591891289
370.45626504833535        0.7512364837882908
370.9964539798316         0.751084465463576
371.43391700985137        0.7509551553461615
372.01744828586163        0.7507857044591912
372.4766193873602         0.7506731688094511
372.9922011700578         0.7505093633939038
373.4431211701974         0.7503479049552073
373.99987295483663        0.7502043067872435
374.45463222134515        0.7500651955909354
375.00470639668674        0.7499231003700436
375.43260538587003        0.7498013999976543
375.9920638680485         0.7496323684389097
376.4447363033495         0.749506740476988
376.99138746544315        0.7493452304631774
377.45772257328406        0.7492143299621603
377.99105925744027        0.749069455069815
378.45772257328406        0.7489400113788476
378.99105925744016        0.7487907258347241
379.45772257328395        0.7486626088152157
379.9935554320575         0.7485320883128076
380.4350863636929         0.7484142421672733
380.9928203511531         0.748256632196713
381.4290748150669         0.7481379896959184
382.0167845895862         0.7479755712430485
382.44533098677573        0.7478610830304291
382.9910592574398         0.7476810031311817
383.4577225732835         0.7475583229811227
383.99696692987675        0.7474256355511679
384.43765111043706        0.7473047207715504
385.02544920580226        0.7471410113600063
385.46102171364873        0.7470200073182112
386.01773089666995        0.7468643432236934
386.4462144373746         0.7467448911241301
386.9910592574395         0.7465591473017998
387.45772257328326        0.7464209810140368
387.9910592574395         0.7462805622017683
388.45772257328326        0.7461315862623986
388.99105925743936        0.74598762492215
389.43974678311645        0.7458080080795302
390.01005075167086        0.7456502654461115
390.45305276523413        0.7455346255287456
390.95840610166886        0.7453508868762654
391.48230994664755        0.7451931282722207
391.96792328608706        0.7450603516119287
392.484753473889          0.7449099828268648
392.9784838838407         0.7447642510581765
393.48122303584137        0.7446098057660788
393.98012632180667        0.7444540281828432
394.45120253292134        0.7442975526913536
394.9517344793104         0.7441254550094457
395.4577225732827         0.7439638491710605
395.9856969630432         0.7438182168213735
396.431104183602          0.7436951382910201
396.98650438586776        0.7435051121623936
397.45954995870056        0.7433757258204733
398.0210422293195         0.7432489633694901
398.4608475887601         0.7431257896373803
398.99659286597546        0.7429554353596823
399.47282285220774        0.7428342440140923
399.99342745566696        0.7426829413237926
400.45542570115026        0.7425385596107847
400.99158663769606        0.742368579061793
401.45772257328224        0.7422322776041113
401.99105925743834        0.7420730796924008
402.4577225732821         0.7419368311538317
402.99105925743834        0.7417722795057089
403.457722573282          0.7416381213585008
404.0209709349833         0.7414637600880656
404.4568632700325         0.74131880318512
405.06223071113163        0.7411528890932237
405.4561259021058         0.7410465614055277
405.9910592574379         0.7408662135809856
406.45772257328167        0.7407308892484183
406.9910592574379         0.7405894555242917
407.45772257328167        0.7404527758674442
407.9910592574379         0.7403164770866112
408.45772257328156        0.7401765129540143
408.99105925743777        0.7400322333572481
409.45772257328156        0.7398905676504222
409.99105925743777        0.7397405470199119
410.45772257328144        0.7396033521070124
410.99105925743766        0.7394516854935803
411.494990641952          0.7393243217954147
411.994046187762          0.7391875184188593
412.4764221009774         0.7390403533039278
412.9840888523345         0.738894516627526
413.4552285117287         0.7387431187970135
413.9890955308707         0.7385811634217281
414.45772257328144        0.7384476071046009
414.9910592574372         0.7382846460401451
415.4512035323081         0.7381604420493739
415.95738008429487        0.737979840177634
416.48911318952116        0.7378026735158568
416.9559897582109         0.7376095487324473
417.43319929391964        0.7374104184248473
417.9783523656099         0.737276736350293
418.44182908607877        0.7371475849591489
418.98668918309295        0.7370149776875685
419.4078077431692         0.7368887687460068
420.01491353441713        0.7366979179167759
420.44112385142716        0.7365451442988775
421.03763277655275        0.7363598419675416
421.434004901776          0.7362289826536423
421.99618762903765        0.7360224578172727
422.4577225732935         0.7359039337569659
422.98797036034057        0.7356701893657724
423.4986856615151         0.7355023610622403
423.99120145630366        0.7353639262399103
424.43106287470687        0.7352032259048047
424.97216214586194        0.7350606726820442
425.4499756834417         0.7348851395492805
426.00051121723914        0.7347154923733326
426.4588213605523         0.7345944201306257
426.9721343995059         0.734421748400673
427.4605332436655         0.7342872560527722
427.97963269519823        0.7341255840784305
428.43195022803377        0.7339784517409909
428.983750907992          0.7338093543260961
429.4408724664461         0.7336500120715421
429.9952584579994         0.7334684892388633
430.46494785813206        0.7333582676078829
430.9915957280506         0.7331837277321769
431.4579158931439         0.7330472737458121
431.9829480678993         0.7329302513578813
432.40704806437475        0.7328060272276986
432.9883850539354         0.7326352409623382
433.4266347020923         0.7325058122019164
434.0103865582016         0.7323358186155162
434.4572261648053         0.7322164099514077
434.9905767433388         0.7320449442345213
435.458702733634          0.7319116237695822
435.9859972493299         0.7317547476190813
436.45078245306934        0.731629472236484
436.97630133460177        0.7315009821106155
437.4615946974051         0.7313441348291821
437.99105925744993        0.7311919408202159
438.4577225732934         0.7310571128278315
438.99105925744993        0.7309126319730249
439.4577225732934         0.7307804446629503
439.99105925744993        0.730634298880931
440.45772257329327        0.7304984066049272
440.9910592574498         0.730349547072106
441.45772257329327        0.7302092289633331
441.9931477094408         0.7300499749751
442.46557166363425        0.7299188377192967
442.9713073530504         0.7297782460220413
443.48021739393596        0.7296295631219986
444.01196163234715        0.7294863501329928
444.46295071686336        0.7293380866943855
444.9901830886389         0.7291750497279013
445.4583522396928         0.7290487557390686
445.97873801601054        0.7289009582542584
446.45772257329304        0.7287571058174673
446.9910592574497         0.7286017925110883
447.4440071966976         0.7284682888783969
447.9958703380822         0.7283197007006114
448.4395379118132         0.7281851653306941
448.97491747029983        0.7280199549779631
449.4560161927013         0.7278816156638236
449.99541194157837        0.7277229719845705
450.4676477385498         0.7275857198089637
450.9919838360721         0.7274164666151209
451.4762819686416         0.7272837994613572
451.9929359850029         0.7271278940751058
452.4577225732928         0.7269756315545927
452.9910592574495         0.72680188367365
453.4577225732928         0.7266483024212057
453.99105925744936        0.7264904369220166
454.4577225732928         0.726352908531996
454.99105925744936        0.7261729948097349
455.4577225732928         0.7260381473253752
455.9705545001889         0.7258494811332331
456.44152705683746        0.7257065131066837
457.0172127602103         0.7255504685869024
457.4612337644886         0.7254216365118957
457.99105925744925        0.725243449104833
458.4577225732926         0.7250976700055491
458.99105925744925        0.7249469791981993
459.4577225732926         0.7247999430832652
459.99105925744914        0.724635821219244
460.4577225732926         0.724492799092388
460.99105925744914        0.7243252738508221
461.4577225732926         0.7241842103569958
461.991059257449          0.7240008233851621
462.45498487885175        0.7238682645674641
462.98531758692366        0.7237297402755782
463.4471077381529         0.7235935867643839
463.9958965077352         0.7234240332491877
464.4506931626938         0.7232882230281217
464.9846106508503         0.7231005865764739
465.4591747517733         0.7229272463238918
465.9908082409962         0.7227296798195262
466.45763768756535        0.7225874516243728
466.97061977168664        0.7224363542024207
467.4529163667679         0.7222586235803963
467.9892242457008         0.7220917188176738
468.45308229799593        0.7219294111186216
468.99249897338746        0.7217602346505221
469.48311749895356        0.721613318898286
469.98487496756013        0.7214557646688343
470.4740958001712         0.7212753796731334
470.9910592574487         0.7211302518547832
471.457722573292          0.7209946603211093
471.9910592574487         0.7208229197679785
472.457722573292          0.7206818223200321
472.99105925744857        0.7204975719010692
473.457722573292          0.7203465353117684
473.99105925744846        0.7201632337813154
474.457722573292          0.720020108243652
474.99105925744857        0.7198182378551238
475.457722573292          0.7196719181504256
476.0123217841858         0.7195277754433785
476.45671961248433        0.7193871719335225
476.9944201730825         0.7192206479829513
477.46263751494007        0.719066137466116
477.99105925744857        0.718915999513464
478.4577225732918         0.7187782491693397
478.99687793717953        0.7186249153773908
479.45716980558007        0.718484068061968
479.99105925744846        0.7183372433825665
480.4577225732918         0.7181938936797319
480.99105925744834        0.7180329100984929
481.4577225732919         0.7178868852161802
481.99105925744834        0.7177250054185236
482.4577225732918         0.7175833029196128
482.99105925744834        0.7174263778661155
483.4577225732918         0.717286425766693
483.99105925744834        0.7171178657901044
484.4577225732917         0.7169714702993915
484.99105925744834        0.7168111763468457
485.4577225732917         0.7166502590685457
485.9910592574482         0.7164882055339941
486.4577225732917         0.7163323446270715
486.9910592574482         0.7161693004025542
487.4577225732917         0.7160416579188287
487.9910592574482         0.7158723106419805
488.4577225732917         0.7157396949437645
488.9910592574482         0.7155731962672593
489.46144892169104        0.7154481960498638
489.9780721937566         0.7152903869113909
490.4876783722236         0.715143823270285
490.9942777863696         0.7149968651508902
491.4823244265332         0.7148503061999698
491.9937025445246         0.7146952108919659
492.45772257329145        0.714539422717843
492.991059257448          0.7143652065325556
493.45772257329145        0.7142053562669628
493.9910592574479         0.7140201404819071
494.45772257329145        0.7138383590343063
494.9987126098729         0.713630951663985
495.48126206609527        0.7134743898871877
496.00308000833616        0.7133223307951028
496.47824939247255        0.7131842284931649
497.0083874643361         0.7130284660173138
497.45873403029816        0.7128999908862044
497.9716619153571         0.7127379417483102
498.4607039710685         0.7125833898068872
498.9814094217264         0.7124303426512154
499.4667573387568         0.7122896913222541
499.9681441425232         0.7121415440811547
500.4577225732912         0.7119775502871077
501.00078831845565        0.7118327441409685
501.45239774033007        0.711718416201569
502.00763660773055        0.7115434873948762
502.46134217384963        0.7113988680510825
503.01144574127807        0.7112173322614338
503.4609830196056         0.7110883267980515
503.99105925744766        0.7109169465411037
504.4577225732911         0.7107763728126328
504.99021170544734        0.7106222613021649
505.4312813211973         0.7104817216181802
505.99018003405706        0.7103106536442169
506.4302932624039         0.710159995715585
507.04416159733           0.7099846531388588
507.45405137617115        0.7098342094248518
507.99105925744755        0.7096272995316454
508.45772257329077        0.70948333888468
508.9969164934639         0.7093139779828873
509.4661551879208         0.7091664351762303
509.9993867760834         0.7089997062146788
510.45829763851543        0.7088668960620776
510.9806417274251         0.7086782147266721
511.46148106531996        0.7085303624410031
511.9902689465622         0.7083723017004275
512.4467872645657         0.7082325452523435
512.9910592574472         0.7080613997753751
513.4577225732907         0.7079184292172088
513.9910592574472         0.7077488849112918
514.4577225732905         0.7076098684644491
514.9910592574472         0.7074495675890429
515.4577225732905         0.7073016873327966
515.9910592574471         0.7071341437671517
516.4577225732905         0.7069954263580158
516.9910592574471         0.7068261394107306
517.4577225732907         0.7066823275319281
517.991059257447          0.7065257700842688
518.4577225732908         0.706376955619824
518.9910592574468         0.7062196889773478
519.4577225732912         0.7060711404489511
519.9910592574462         0.7059060008678071
520.4577225732921         0.705752181664633
520.9956348543578         0.7055872423932534
521.4437325956216         0.7054361760463317
521.99176886079           0.7052406820937117
522.4494855150317         0.7051006036152292
522.9910592574354         0.7048994208861404
523.4577225733119         0.7047462789931203
524.0311494115952         0.7045889555145322
524.4622917347563         0.7044468157372896
524.9925515436234         0.7042781307082844
525.4196617199929         0.7041343829222675
525.9887840144338         0.7039174239858244
526.4426016151193         0.7037735518495896
526.9892434113901         0.7035699149711746
527.4456965688737         0.7034217049746441
527.991059257063          0.7032427969288023
528.4577225740385         0.7030850343263682
528.9910592567771         0.7029044011533218
529.4577225747737         0.7027410349169683
529.9910592563687         0.7025757815781428
530.457722576392          0.7024136968371
530.9910592559526         0.7022349058817372
531.4577225803705         0.7020750792598898
531.9984203774009         0.7019238580060035
532.4111727582616         0.7017586496143002
533.0338876746773         0.7015608651314064
533.4364504774302         0.7014075286862693
534.0701004673995         0.7012072891054477
534.4685379573033         0.7010928234200096
534.9887058904123         0.7008838335236338
535.4540477904868         0.7007591832387448
535.9516761181507         0.7006042498223228
536.4583759440968         0.7004329742042368
536.9676175214072         0.7002650444919241
537.4577244228374         0.7000838936780505
537.9910598664987         0.699911742248495
538.4196476755858         0.6997215529407247
538.9854066497752         0.6995191944676935
539.4577285366526         0.6994152543840695
539.991060897198          0.6992371865459777
540.4577313063279         0.6990989371760092
540.9910614719724         0.6989178279900676
541.45773406881           0.6987775393427533
541.9910620125181         0.6985858651563845
542.4577367051224         0.6984424333037521
542.9910625427842         0.6982342501439291
543.457739312311          0.6980863975286745
543.9910630701147         0.6979032812349397
544.457741839117          0.6977560937004403
544.9910635420827         0.6975892606507612
545.4577440573742         0.6974421617323929
545.989767116746          0.6972903782669567
546.4305201374336         0.6971528473259359
546.9910643764684         0.6969642529748347
547.4577484054481         0.696818867288403
548.0023922292677         0.6966399957452524
548.4599249542327         0.6964922364603714
548.9910658955234         0.6963363225005912
549.4577563480341         0.6961858980694565
549.9919366573951         0.6960390158666866
550.4356561807231         0.6958977542902057
550.9903303054085         0.6957319196663752
551.438851318575          0.6955872586629811
551.9961878650195         0.6954081653357871
552.456495205387          0.6952553555543848
553.0423324488709         0.695090229439214
553.469073818188          0.6949463367907371
554.0087399154105         0.6947534464308284
554.4795775399766         0.6945800115463885
554.9910685328197         0.6944270434508343
555.4529513396915         0.6942937791192498
555.9582965890979         0.6941241127782356
556.4767285144405         0.6939519106905414
556.9899068596818         0.6937776980791251
557.474603929211          0.6936262200368956
557.9851343413543         0.6934423822083721
558.4413800050716         0.6932721153248822
558.9897334737741         0.693092117080173
559.4390115966843         0.6929362040100476
560.0151426835221         0.6927467999145352
560.4444382031877         0.6925816692136448
561.0034667304111         0.692370736131597
561.4633524678923         0.6922192724337799
561.9917328171359         0.6920253751765745
562.4578094394791         0.6918722333143434
562.9910768523647         0.69164857501088
563.4467217046349         0.6914789954024774
564.0453614615795         0.691324450680674
564.4506636167316         0.6911859860767553
565.0036333204607         0.6909920903578888
565.4257578266034         0.6908453187810448
566.0098826621257         0.6906524038223386
566.4448772143933         0.6905034459926078
567.0121429089144         0.6903180151502956
567.4416161670313         0.6901425469522442
567.9836508918469         0.6899412236308011
568.4756980633715         0.6897951584192201
569.0123968663258         0.6896442416229541
569.4632119275623         0.6894752449376409
570.0055476913071         0.6892766892196646
570.4455594101527         0.68911681363821
570.9909476198893         0.6889059562044243
571.4545469750566         0.6887573935532023
571.9970045256962         0.6885521836443058
572.457497945152          0.6883993755004713
572.9868486833246         0.6882279423058248
573.4501166369712         0.6880307564480255
574.005266511833          0.6878794079534735
574.4064999724906         0.6877467677044151
574.9788234787009         0.6875449050350655
575.4319620593694         0.6873992108885982
575.98494969788           0.6872053542416189
576.457795492538          0.6870538815672051
576.9835683502274         0.6868900106373662
577.4584842524241         0.6867268860921152
577.9832401999163         0.6865584675139716
578.479364770782          0.6864154081172584
578.9788398000652         0.6862519603163696
579.4572477627056         0.6860735119832215
579.9805126381489         0.6858839669597513
580.4500438865483         0.6857452247891568
580.9691444885541         0.6855704660850171
581.4303123808617         0.6854299260341341
581.9765240954404         0.6852264729752127
582.4581063196042         0.6850660900884088
583.0155245033968         0.6848772669711397
583.4670027994371         0.6847506632997181
583.9738356593684         0.6845954197672119
584.3979218590408         0.6844526849222878
584.9760088976125         0.6842494729153062
585.4569913065037         0.6840913341160406
585.9700095300987         0.6839383854541771
586.4564919980884         0.6837551682999514
586.983344936607          0.6835901734245012
587.4580066666514         0.6834196589605357
587.9798510402017         0.6832419274833486
588.4718567742776         0.6830698053073685
588.9868070622176         0.6829182892903111
589.4555148372322         0.682780203822122
589.963476451297          0.6826156497670274
590.4573921978158         0.6824129049773522
591.0226538964513         0.6822223934391648
591.4725609571437         0.6820942369940226
591.9837448047282         0.6819039822398651
592.4857333386318         0.6817278136277675
592.9688109239257         0.6815482301517903
593.3987814543907         0.6813550878701522
593.8978544789409         0.6811503757683653
594.3913505793045         0.6810177885509839
594.7513375917949         0.6807890268576735
595.044785577671          0.6806862569500467
595.5244451849285         0.6804332142976611
595.864499952195          0.6801270211915739
596.6434387703108         0.6799210909802629
596.7031293030346         0.679851949153175
596.7408948606328         0.6798517192266763
597.5202287523113         0.6788832985843762
598.1918919646375         0.6788283257132828
598.3360141741744         0.6786091037783943
598.4713862626388         0.6786035516519059
599.1240553110965         0.6776127321530601
599.7263648476633         0.6777768918894246
600                       0.6775091815116571
