0.416309844
0.416525774
0.418590946
0.420565505
0.421018749
0.421427242
0.423401428
0.42516194
0.425323648
0.42566541
0.427220944
0.427698243
0.429200235
0.430018884
0.431236707
0.431772227
0.433058741
0.434095649
0.435370627
0.436393775
0.4379478
0.43888373
0.440594449
0.441728473
0.443175109
0.444367989
0.445704859
0.44677563
0.448240385
0.449428229
0.45071174
0.451898297
0.453216046
0.454314058
0.455658789
0.456755916
0.458061598
0.459189481
0.460434591
0.461406528
0.462822665
0.463906355
0.465182771
0.466205173
0.467452914
0.468523286
0.469731642
0.470788599
0.471980102
0.473038596
0.474219812
0.475250578
0.476431686
0.477443624
0.478624394
0.479640719
0.480797164
0.481807003
0.48294569
0.483962022
0.485083149
0.486071707
0.487164948
0.488100777
0.489266867
0.49024568
0.491336555
0.492318238
0.493375663
0.494354834
0.495451033
0.496408626
0.497388446
0.49832916
0.499350923
0.50029955
0.501466505
0.50230714
0.503369131
0.504275074
0.505249821
0.506121819
0.507106347
0.507930919
0.508882481
0.509753047
0.510687254
0.511620358
0.512553799
0.513388269
0.514373701
0.515246102
0.51613507
0.516931597
0.518023409
0.518599969
0.51951729
0.520332016
0.521264821
0.522051437
0.523002223
0.523785924
0.524527935
0.525332223
0.526197853
0.526912679
0.527803485
0.528528076
0.529371681
0.530099276
0.530913456
0.53163618
0.532421721
0.533152863
0.53394126
0.534657037
0.535426147
0.536145366
0.536850191
0.537557645
0.538281223
0.539024116
0.539763844
0.540497734
0.541240497
0.541944411
0.54260458
0.543267595
0.543968704
0.544652528
0.545351127
0.546000736
0.546726807
0.547334765
0.548057564
0.548646944
0.549392037
0.549921989
0.55067063
0.551267746
0.551975157
0.5526108
0.553261014
0.553760726
0.554474662
0.555012262
0.555747934
0.556326553
0.55698341
0.557585777
0.55826693
0.558715631
0.559361483
0.559855474
0.560522622
0.561035869
0.561670063
0.562172068
0.562859851
0.563363247
0.564033875
0.564504845
0.565067723
0.565487674
0.566185771
0.566676874
0.567278501
0.5677467
0.568363641
0.568831294
0.569348825
0.569768028
0.570410016
0.57089665
0.57147124
0.571942038
0.57248778
0.572961944
0.573526706
0.573958102
0.574529113
0.57505431
0.575466478
0.575909625
0.576471377
0.576823011
0.57736344
0.577804705
0.578257454
0.578680009
0.579183614
0.579592805
0.580066166
0.580470957
0.580922763
0.581265798
0.581794279
0.582177739
0.582651658
0.58300107
0.583515987
0.583852389
0.584326515
0.584622143
0.585066504
0.585401332
0.58588449
0.586213775
0.586674578
0.587003553
0.587390921
0.587687541
0.588159476
0.588501896
0.588911692
0.589236778
0.589653387
0.589977415
0.590333544
0.590636699
0.591058472
0.591365389
0.591747406
0.592043874
0.592433677
0.592732588
0.593100037
0.593389008
0.593743885
0.594026671
0.594374475
0.594648595
0.595009838
0.595302676
0.595614128
0.595886304
0.596236766
0.596507442
0.596834058
0.597110629
0.597426078
0.597698312
0.598015856
0.598275619
0.598577585
0.598855718
0.599133188
0.599409261
0.599688667
0.599948942
0.600236015
0.600485585
0.600778551
0.601022126
0.601281166
0.60150944
0.601786389
0.602020601
0.602290848
0.602524719
0.602787428
0.603015146
0.603288689
0.603509805
0.603770241
0.603985534
0.604235628
0.604449221
0.60469636
0.604901587
0.605155113
0.605353033
0.605591507
0.605797295
0.606026978
0.606229404
0.606452748
0.606651569
0.606870086
0.607068863
0.607285461
0.607477774
0.607675727
0.607856612
0.608059377
0.608265019
0.60845995
0.60864041
0.608849302
0.609023635
0.609209942
0.609362209
0.609576958
0.609747947
0.609948556
0.610115355
0.610311782
0.610443675
0.610623968
0.610788505
0.610950671
0.611114703
0.611287654
0.611434291
0.611610492
0.611761338
0.611928195
0.612077754
0.612238418
0.612375382
0.612543683
0.612707032
0.612879126
0.612979779
0.613156374
0.613286224
0.613410323
0.613546542
0.613705197
0.613828655
0.613976988
0.614106608
0.614243989
0.614357821
0.61453681
0.614659398
0.61479113
0.614909767
0.615050174
0.615168746
0.61530078
0.61543048
0.615571119
0.61567655
0.615799792
0.615909174
0.616027303
0.616128405
0.616242332
0.616340501
0.616450493
0.616546977
0.616647843
0.616735733
0.61683255
0.616918108
0.617013904
0.617095006
0.61718567
0.617262543
0.617351678
0.617425783
0.617517512
0.617583672
0.617660499
0.617728759
0.617805805
0.617876476
0.617948894
0.618010221
0.618086218
0.618147293
0.618216548
0.618275351
0.618341458
0.618395022
0.618461709
0.618512463
0.618575243
0.618625043
0.618682903
0.618736587
0.618790463
0.618842701
0.618890735
0.618938749
0.618996024
0.619033814
0.61907717
0.619119277
0.619156502
0.619195694
0.619244782
0.619281263
0.619313853
0.619347379
0.619388993
0.619421296
0.619451163
0.619479729
0.619510374
0.619546818
0.619578965
0.619601872
0.619636903
0.619655199
0.619682279
0.619706454
0.619725387
0.619741815
0.619767057
0.619788247
0.619802786
0.61982774
0.61984068
0.61985611
0.61985096
0.619845323
0.619864265
0.619881026
0.619870987
0.619874542
0.61989689
0.619899049
0.619907881
0.619903951
0.619911017
0.619914027
0.619919095
0.619915186
0.619909133
0.61991008
0.619910031
0.619900227
0.619895719
0.619895
0.619889507
0.619885283
0.619875773
0.619866075
0.619840066
0.619822539
0.6198156
0.619787275
0.619754551
0.61976093
0.619751656
0.619729658
0.619722086
0.619709599
0.619680992
0.619670147
0.61965667
0.619635357
0.6196036
0.61957883
0.619560558
0.619535902
0.619510959
0.619494801
0.619459211
0.619436814
0.619411479
0.619387024
0.619358446
0.619328758
0.619294596
0.619264597
0.619240166
0.619213755
0.619169568
0.619141299
0.619091527
0.619058012
0.619023739
0.618988288
0.618953395
0.618915555
0.61887515
0.618838146
0.618796565
0.618756373
0.618711482
0.618670983
0.618639064
0.618603734
0.618550961
0.618512327
0.618463806
0.618428436
0.618372656
0.61832571
0.61827367
0.618212498
0.618151207
0.618103146
0.618050869
0.61800392
0.617914055
0.617875417
0.617844591
0.6177885
0.61772585
0.617668692
0.617616627
0.617548468
0.617489131
0.617415314
0.617346682
0.617292537
0.617215915
0.617164382
0.617109911
0.617043848
0.616959483
0.61690908
0.616817448
0.616742042
0.616663862
0.616600335
0.616516237
0.616461646
0.616383815
0.616335744
0.616235711
0.616171488
0.616090907
0.616028174
0.615930593
0.615858479
0.615780871
0.615707445
0.615628102
0.615564449
0.615490319
0.615405776
0.615334662
0.615229397
0.615144735
0.615077715
0.614995899
0.614902503
0.614825467
0.614753145
0.614652956
0.614570462
0.61446691
0.614406987
0.614285526
0.614214603
0.614120217
0.614007081
0.613912717
0.613832195
0.613740654
0.613663668
0.613580068
0.613496847
0.613407301
0.613323235
0.613231831
0.613143954
0.613063211
0.612971787
0.612856957
0.6127747
0.612636658
0.612551285
0.612461479
0.612370852
0.612271088
0.612190413
0.612088422
0.611977001
0.611860582
0.611753229
0.611651367
0.611560303
0.611470374
0.611363076
0.6112443
0.611128813
0.610986375
0.610899352
0.610778312
0.61065695
0.610530185
0.610470217
0.610343048
0.610260714
0.610109446
0.609998371
0.609875097
0.609769755
0.609633564
0.609549542
0.609457798
0.609317625
0.609219683
0.609108415
0.608977189
0.608855665
0.608729313
0.608657277
0.608540066
0.608400248
0.608265413
0.608175499
0.608037915
0.607901601
0.607731372
0.607601627
0.607480219
0.60743604
0.607267855
0.607136884
0.607018255
0.606917999
0.60679008
0.60668764
0.606576254
0.606474202
0.606356824
0.606257883
0.606125036
0.606018118
0.605900519
0.60578592
0.605655583
0.605536847
0.605422302
0.605315093
0.605202807
0.605090581
0.604974047
0.604866683
0.604749962
0.604633767
0.604511859
0.604400671
0.604280497
0.604157829
0.604033342
0.603925941
0.603795217
0.603689566
0.603554671
0.603446886
0.603309984
0.603196788
0.603060925
0.602948234
0.602784613
0.602658168
0.602557644
0.6024331
0.602297292
0.602162806
0.602018131
0.601915466
0.601777591
0.601647341
0.601493427
0.601367493
0.601182919
0.601052943
0.600922321
0.600768339
0.600632217
0.600509872
0.600365717
0.600235893
0.600086492
0.599956238
0.599794768
0.599671671
0.599556245
0.59944599
0.599280018
0.599154075
0.598993297
0.598855037
0.598669929
0.598539378
0.598383754
0.598249273
0.598089707
0.597959181
0.597846008
0.597734739
0.597568492
0.597448606
0.597278323
0.597160395
0.59702501
0.596861479
0.596686996
0.596493775
0.596334024
0.59619231
0.59607787
0.595962993
0.595797861
0.595646195
0.59550755
0.595335151
0.595134796
0.594999223
0.594837441
0.594673957
0.594475142
0.594338885
0.594218532
0.594099178
0.593915886
0.593776056
0.593634676
0.593506309
0.593303479
0.593176395
0.593030407
0.592906692
0.592707036
0.592562139
0.592359783
0.592210722
0.592096101
0.591968254
0.591813839
0.591668306
0.591475196
0.591333173
0.591179429
0.591038395
0.590893467
0.590725499
0.590564888
0.590449237
0.590300221
0.590151661
0.589999642
0.58985001
0.589702546
0.589554992
0.589400312
0.589266629
0.589101137
0.588961007
0.588785408
0.588640656
0.588480922
0.58834552
0.588164124
0.588034265
0.587841774
0.587699987
0.587543524
0.587396373
0.587205014
0.587078224
0.586893286
0.586721997
0.586568189
0.586418942
0.586265348
0.586139342
0.58594974
0.585813482
0.585633546
0.585491998
0.585333066
0.585193218
0.585028437
0.584880732
0.584735473
0.584602918
0.584426992
0.58429451
0.584105187
0.583977627
0.583770108
0.583624515
0.583486308
0.583351644
0.583173694
0.58303736
0.582861269
0.582725167
0.582500757
0.582341521
0.582176194
0.582009339
0.581840341
0.581632526
0.581435557
0.58131025
0.581095098
0.580914013
0.580780473
0.58061441
0.580455808
0.580269871
0.580093624
0.57990698
0.579703665
0.579511603
0.579353523
0.579218076
0.578991821
0.578827799
0.57868048
0.578532306
0.578336223
0.578202964
0.578035283
0.577867039
0.577686443
0.577538004
0.577349733
0.577196629
0.57699727
0.576836003
0.576638714
0.576471163
0.57628187
0.576166685
0.575947583
0.575776888
0.575613457
0.575457342
0.575286236
0.57512154
0.574949693
0.574773252
0.57459379
0.574432364
0.574256602
0.574119524
0.573957687
0.573784901
0.573622876
0.573431939
0.573246358
0.573093506
0.572900595
0.572764451
0.572548195
0.572342563
0.572113904
0.571871989
0.571726139
0.571575076
0.571416396
0.571273023
0.571042774
0.570838118
0.570613897
0.570459076
0.570204179
0.570066933
0.569771471
0.569563602
0.569409193
0.569216099
0.569048656
0.568838817
0.568631385
0.568485822
0.568274637
0.568118629
0.567924135
0.567736296
0.567524243
0.567326099
0.567071591
0.566945708
0.566737784
0.566563663
0.566425767
0.566270959
0.56606722
0.56589708
0.565695232
0.565549753
0.565340884
0.565169379
0.56496273
0.564808314
0.564654822
0.564451769
0.564268011
0.564099185
0.563925767
0.563761976
0.563584091
0.563422802
0.563238895
0.563071556
0.562876206
0.562719932
0.562546409
0.562365635
0.562187396
0.56200947
0.561808747
0.561654353
0.56147052
0.561296342
0.561106578
0.56094878
0.560767666
0.560616747
0.560418594
0.560258128
0.560068809
0.559905984
0.559718337
0.559554761
0.559370524
0.559184765
0.558985951
0.55882268
0.558628869
0.558467788
0.558265059
0.558102513
0.557873622
0.557702801
0.557537484
0.557382311
0.557173293
0.5570014
0.55681275
0.556645699
0.556447646
0.556282941
0.55607714
0.555901986
0.55567852
0.555512447
0.555359453
0.555189069
0.55498722
0.554824319
0.554582756
0.554366737
0.554120415
0.553964522
0.553783523
0.553563465
0.553360594
0.553183835
0.552981843
0.552804795
0.552607057
0.552378341
0.552208575
0.552049454
0.551843823
0.551667531
0.551456095
0.551283093
0.551068937
0.550893951
0.550655949
0.550456353
0.550285705
0.550112203
0.549891031
0.549716999
0.549525359
0.549356307
0.549167616
0.548995763
0.548808136
0.54863938
0.548457386
0.548283655
0.548096171
0.547933224
0.547743042
0.547577731
0.547371703
0.547209139
0.547027512
0.546841432
0.546648763
0.54646777
0.54626844
0.546095414
0.545893315
0.545718701
0.545515274
0.545368929
0.545184535
0.545009527
0.544827359
0.544635307
0.544444249
0.544229723
0.54402222
0.543843171
0.543623459
0.543433701
0.543197413
0.543051102
0.542863042
0.542682602
0.542495182
0.542318234
0.542101227
0.541872336
0.54165495
0.541487155
0.541285095
0.541000416
0.540826622
0.540699464
0.540469363
0.540253633
0.540025177
0.539860294
0.53962975
0.539443471
0.539246522
0.539074255
0.538835624
0.538646789
0.538413609
0.538254883
0.537966682
0.5377777
0.537556511
0.537381776
0.537174411
0.537001217
0.536758834
0.53656425
0.536418613
0.536238689
0.536023241
0.535836464
0.535641342
0.535472835
0.535276906
0.535103894
0.53490825
0.534731302
0.53454142
0.534358671
0.534164048
0.533990635
0.533792286
0.533620051
0.533412589
0.533239739
0.53304944
0.532884252
0.53263028
0.53244951
0.532186164
0.531997325
0.531834576
0.531658682
0.531450708
0.531289466
0.531003149
0.530819683
0.530582832
0.530396299
0.530170834
0.529975607
0.529746354
0.529533564
0.529316538
0.529115617
0.528860339
0.528654145
0.528448826
0.528165231
0.527836916
0.527615192
0.527348902
0.527208802
0.526910235
0.526767688
0.52656427
0.526317982
0.526092009
0.52581173
0.525590743
0.525320076
0.525053605
0.524937732
0.524701184
0.524509578
0.524274881
0.524073205
0.523824786
0.523618146
0.523343052
0.523138606
0.522909308
0.522717459
0.522508407
0.522327371
0.522133726
0.521973259
0.521725641
0.521547796
0.521325073
0.521148573
0.520943574
0.52076572
0.520577122
0.520409189
0.520194648
0.52001875
0.519804784
0.519612605
0.519416643
0.51924241
0.519008368
0.518805247
0.518611802
0.518459287
0.518261816
0.51803007
0.517810341
0.517596522
0.517362035
0.517090589
0.516855739
0.516614858
0.516373006
0.516140893
0.515865793
0.51569576
0.515449137
0.515264907
0.514976158
0.51475854
0.514571685
0.514394096
0.514138806
0.513945737
0.513690055
0.513496651
0.513260887
0.513050742
0.51279681
0.512619403
0.512424262
0.512196335
0.511934524
0.511741308
0.511467957
0.511282263
0.511020788
0.510818812
0.510606753
0.51033409
0.510143299
0.509986961
0.509734971
0.509550071
0.509306741
0.509107011
0.508883788
0.508653582
0.50842335
0.508244487
0.50803197
0.507764725
0.507524517
0.507344572
0.507135934
0.506956824
0.50669259
0.506494553
0.50627039
0.506125961
0.505934146
0.505759847
0.505493353
0.505297316
0.505100994
0.504852502
0.504634839
0.504429091
0.504198121
0.503973619
0.503760944
0.503565894
0.503348414
0.503100717
0.502874591
0.502747302
0.502518841
0.502321345
0.502104788
0.501872502
0.501627425
0.501450609
0.501171
0.501047744
0.500726674
0.500356391
0.500127325
0.500047991
0.500049372
0.49886498
0.498805867
0.498506203
0.498501867
0.497213436
0.497439341
0.497110694