0.932661657
0.932782997
0.933943764
0.934993192
0.935234723
0.93544086
0.936436845
0.937285148
0.93736273
0.937520872
0.938239661
0.938450435
0.939112505
0.939463541
0.939973601
0.940192707
0.940711301
0.941111421
0.94159858
0.941976436
0.942531728
0.942857426
0.943435654
0.943805161
0.944262476
0.944628259
0.94502333
0.94533188
0.945744312
0.946066893
0.9464059
0.946707788
0.947035542
0.947298867
0.947609064
0.947853995
0.948141527
0.948377074
0.948633393
0.948826706
0.949099879
0.949305785
0.949536757
0.949715574
0.949928024
0.950103537
0.95029714
0.950459714
0.950639998
0.950792057
0.950957539
0.951096627
0.95125211
0.951379913
0.951524021
0.951644471
0.95177779
0.951889734
0.952013621
0.95211661
0.952230013
0.952326997
0.9524306
0.952517527
0.952622419
0.952706493
0.952797534
0.952874323
0.952954586
0.953023751
0.953098807
0.95316634
0.953226332
0.953283203
0.953343267
0.953391077
0.953451658
0.953495835
0.953544507
0.953584552
0.953626029
0.953662415
0.953701713
0.953734152
0.953769229
0.95379711
0.953824954
0.953851317
0.953878763
0.953901287
0.953924634
0.953942722
0.953967217
0.953976842
0.953996794
0.954012045
0.954026992
0.954039753
0.954052717
0.95406212
0.954068906
0.954079968
0.954089487
0.954093643
0.954099515
0.954104484
0.954106903
0.954109617
0.954111043
0.954111416
0.954111944
0.954112376
0.954111268
0.954107883
0.954105043
0.954099388
0.954094563
0.954091835
0.954086652
0.954080084
0.954073075
0.954064196
0.954056207
0.954046636
0.954036939
0.954030594
0.954021643
0.954010267
0.953998966
0.953987902
0.953975159
0.953962197
0.953945772
0.953932919
0.953914177
0.953900927
0.953886629
0.953873468
0.953853717
0.953837309
0.95381729
0.953794995
0.953779335
0.953766646
0.953746591
0.953732705
0.95370884
0.953691552
0.953669798
0.953648757
0.953631332
0.953620007
0.953601358
0.953586818
0.953565455
0.953548666
0.953529615
0.95351169
0.953488063
0.95346853
0.953440753
0.953425377
0.953406239
0.953391873
0.95336387
0.95334561
0.953324619
0.953306992
0.953281277
0.953262088
0.953243248
0.953226018
0.95319823
0.95317674
0.953151555
0.953130962
0.953107161
0.953083902
0.953059816
0.95303807
0.953004855
0.952982384
0.95296591
0.952938395
0.952910086
0.952895421
0.952863844
0.952842975
0.952821687
0.952799503
0.952773503
0.952754352
0.952729247
0.952705699
0.952682906
0.952666597
0.952635843
0.952613733
0.952588794
0.952566722
0.952536734
0.952515994
0.952485414
0.952471957
0.952445604
0.952425809
0.952396373
0.952375759
0.952343815
0.952322866
0.952300327
0.95228086
0.95224845
0.952224942
0.952199926
0.952177869
0.952147933
0.952124512
0.95209971
0.952077757
0.952045311
0.952023375
0.951999081
0.951978118
0.951951478
0.951929296
0.951901325
0.951880324
0.951854269
0.951833089
0.951807662
0.951786238
0.951758019
0.951734984
0.951713485
0.951692767
0.951663726
0.951642594
0.951615793
0.951592823
0.951568109
0.951544939
0.951517554
0.951496651
0.951468482
0.951445874
0.951421038
0.951394406
0.951368568
0.951341881
0.951315122
0.951292341
0.951263115
0.951239207
0.951212659
0.951188658
0.951160169
0.951135492
0.951108536
0.951083844
0.951055864
0.951031445
0.95100032
0.950976036
0.95094582
0.950922061
0.950894548
0.950870141
0.950842378
0.950817556
0.950787467
0.950763048
0.950733178
0.950707801
0.950679337
0.950654805
0.950627114
0.95060281
0.950574101
0.950545166
0.950516067
0.95049359
0.950467189
0.950442396
0.950412433
0.950382255
0.950354134
0.950327112
0.950294822
0.950265601
0.950240121
0.950219556
0.950184656
0.950155945
0.950124012
0.950095534
0.95006613
0.950046985
0.950015878
0.949989255
0.949962191
0.949932579
0.94990216
0.9498783
0.949847896
0.949822879
0.949794351
0.94976851
0.949738872
0.949714805
0.949681133
0.949645525
0.94961585
0.94959971
0.949561927
0.949537851
0.94951814
0.949491936
0.949461597
0.94943725
0.949405937
0.94937868
0.949352143
0.949329257
0.949290837
0.949265492
0.949235541
0.949209773
0.94917995
0.949155285
0.949127874
0.949096322
0.949065026
0.949042529
0.949008547
0.948983182
0.948954847
0.948930007
0.948901262
0.948876241
0.948845126
0.948819564
0.948791035
0.948766342
0.948735381
0.948709429
0.948681218
0.948656154
0.948626911
0.948601129
0.948569005
0.948542276
0.948516328
0.94849154
0.94845708
0.948428638
0.948399944
0.94837232
0.948345791
0.948319065
0.94828865
0.948264772
0.948231921
0.948206986
0.948173247
0.948147034
0.948119428
0.948093087
0.948064746
0.948037647
0.948008824
0.947985155
0.94795668
0.947927779
0.947899584
0.947872658
0.947848398
0.947817863
0.947786693
0.947761708
0.947726028
0.947698786
0.947669654
0.947644453
0.947609089
0.947580301
0.947550067
0.947522877
0.947487679
0.947460073
0.94742594
0.947402952
0.947375172
0.947340994
0.947314342
0.947285382
0.947253069
0.947227327
0.947192215
0.947162762
0.947131967
0.947108326
0.947074245
0.94705113
0.947020002
0.94698932
0.946953125
0.946913725
0.946886991
0.946861995
0.946822832
0.946791122
0.946770052
0.946739367
0.94670748
0.946678264
0.946647785
0.946622798
0.946592529
0.946565332
0.946530643
0.94650419
0.946475976
0.946442947
0.946411814
0.946386331
0.946355182
0.946329598
0.946296703
0.946269353
0.94623233
0.946199284
0.946169283
0.94613159
0.946089117
0.946063316
0.946035814
0.946006671
0.945979671
0.945955291
0.945918146
0.945893275
0.945864423
0.945836247
0.945800604
0.945770875
0.945739843
0.945712592
0.945679727
0.945656248
0.945621371
0.945595335
0.945564008
0.945538571
0.945506903
0.94548025
0.945448029
0.94542099
0.945391871
0.945365994
0.945331914
0.945306155
0.945270835
0.945243288
0.945212535
0.945185112
0.945154746
0.945126822
0.945096087
0.9450687
0.945037726
0.945010007
0.944977369
0.944948506
0.944920879
0.944894854
0.944859779
0.944833136
0.944801062
0.944776825
0.944742336
0.944715634
0.944685131
0.944651719
0.944618631
0.944589725
0.944558954
0.944531523
0.944488873
0.944462221
0.944438363
0.94440908
0.944375662
0.944345028
0.944314578
0.944282055
0.944249627
0.944218391
0.944184041
0.944154666
0.944118735
0.9440903
0.944062191
0.944030989
0.943993537
0.943968163
0.943930906
0.943899129
0.943868445
0.943842667
0.943808228
0.943783925
0.943749793
0.943727035
0.943685738
0.943658825
0.943625737
0.943599665
0.943560977
0.943531145
0.943498575
0.943469232
0.943437506
0.943411789
0.943381883
0.943349208
0.943317825
0.943280368
0.943245864
0.943217641
0.943185084
0.943150903
0.943122038
0.943093783
0.94305601
0.943025084
0.942988405
0.942964334
0.942921775
0.94289411
0.942860374
0.94282258
0.942788339
0.942757964
0.942723979
0.942695346
0.942664332
0.9426345
0.942601754
0.942571905
0.942538098
0.942506558
0.942476353
0.9424459
0.942406784
0.942379156
0.942338467
0.942309695
0.942276454
0.942246812
0.942212869
0.942185883
0.942153302
0.942119622
0.942082455
0.942051269
0.94201867
0.941988381
0.941959144
0.941927518
0.94189154
0.941859753
0.941818732
0.941789657
0.941755974
0.94172008
0.941681045
0.941661415
0.941622233
0.941597949
0.941552552
0.941520087
0.941484729
0.941453488
0.941416024
0.941390585
0.941361188
0.941320432
0.941289078
0.941256664
0.94121781
0.941182829
0.941145281
0.941123751
0.941089863
0.94105041
0.941011821
0.94098497
0.940947824
0.940909522
0.940866007
0.940832056
0.940798787
0.940786402
0.940737859
0.940702799
0.940670291
0.940642384
0.940605911
0.940576694
0.940543724
0.940514786
0.940482754
0.940454748
0.940417797
0.940386988
0.940354378
0.940322866
0.940288175
0.940256219
0.940223697
0.940196323
0.940164524
0.940133362
0.940101247
0.94007008
0.940038723
0.940005163
0.93997342
0.939942887
0.939911458
0.939878654
0.939845106
0.939815532
0.939779935
0.939751307
0.939714895
0.93968511
0.939647979
0.939617806
0.93958058
0.939551171
0.939507449
0.939473917
0.939445804
0.939415657
0.939378958
0.939346838
0.939308445
0.939280244
0.939244634
0.93921133
0.939170471
0.939137426
0.939091601
0.939051686
0.93901512
0.938975393
0.938937135
0.938906456
0.938869076
0.938835525
0.938797969
0.938762989
0.938721538
0.938686982
0.938655252
0.938624366
0.938581362
0.938545939
0.938502697
0.938465936
0.938414287
0.938380867
0.938336257
0.938303632
0.938263456
0.938229588
0.938199029
0.93816791
0.938128016
0.938095421
0.938053393
0.938020186
0.937984366
0.937943036
0.937899249
0.937849031
0.937804287
0.93776827
0.937732848
0.937701499
0.937663142
0.937627446
0.937591239
0.937552602
0.937505436
0.937473307
0.937436813
0.937398441
0.937356754
0.937326462
0.937294075
0.937266023
0.937225317
0.937194354
0.937160145
0.937130319
0.937086177
0.937057754
0.937021452
0.936992419
0.936949734
0.936916245
0.93687163
0.936837036
0.936807229
0.936777752
0.936741835
0.936710353
0.936667055
0.93663545
0.936593368
0.936560145
0.936523628
0.936486222
0.936452401
0.936422321
0.93639072
0.936356152
0.936322037
0.9362874
0.93625263
0.936219433
0.936184696
0.936153589
0.936117315
0.936085444
0.936047809
0.936015163
0.935979219
0.935949246
0.935911366
0.935882749
0.935840872
0.935808827
0.935769638
0.935738339
0.935695904
0.935667254
0.935627826
0.935589778
0.935554671
0.935520238
0.935484995
0.935453059
0.935411313
0.935381007
0.935339152
0.935307682
0.935272626
0.935240903
0.935205185
0.935172124
0.935139454
0.935109451
0.935071005
0.935042405
0.93500202
0.934973439
0.934929824
0.934897913
0.934865018
0.934835321
0.934795085
0.934765321
0.934725479
0.934694232
0.934649311
0.934614212
0.93457843
0.934542776
0.934506717
0.934464221
0.934422602
0.934394894
0.934349065
0.934310551
0.934278593
0.934242478
0.93420749
0.934167627
0.934129586
0.934089616
0.934047053
0.934003834
0.933966716
0.933933636
0.933884071
0.933849056
0.933814397
0.933779696
0.933735316
0.933702973
0.933661544
0.933620285
0.933574649
0.933532258
0.933485656
0.933448169
0.933396344
0.933358267
0.93331173
0.933271027
0.933230612
0.933195554
0.933145672
0.933104915
0.933060954
0.933026439
0.932979981
0.932941918
0.932895489
0.932858122
0.93281638
0.9327799
0.932742059
0.932705102
0.932668979
0.93263126
0.932594758
0.932555054
0.932513575
0.932476302
0.932432099
0.932397962
0.932353018
0.932311958
0.932266469
0.932222304
0.932189583
0.932158502
0.93212361
0.932094714
0.932049572
0.932013142
0.931967393
0.931939829
0.931892852
0.931863729
0.931816069
0.931775488
0.931744393
0.931707003
0.931672921
0.931632495
0.931591257
0.931561553
0.931519596
0.931487842
0.931449377
0.931412648
0.931370076
0.93133295
0.931287263
0.931260943
0.931219274
0.931185078
0.931155254
0.931125024
0.931081382
0.931050717
0.931009479
0.930977553
0.930934868
0.930898522
0.93085786
0.930825282
0.930792683
0.930751566
0.930711499
0.930677856
0.930640188
0.930606086
0.930568034
0.930535021
0.930495574
0.930460115
0.930418504
0.930387713
0.93035092
0.930313285
0.930277507
0.930239269
0.930197919
0.930165583
0.930126876
0.930088794
0.930050115
0.930014931
0.929975549
0.92994231
0.929899704
0.929863737
0.929823071
0.929785894
0.929744832
0.929710196
0.929668834
0.929628678
0.929585998
0.929547854
0.929506022
0.929471593
0.92942928
0.929393533
0.929346885
0.929310076
0.929272353
0.929239821
0.929194278
0.929158199
0.929117828
0.929081248
0.929036854
0.929000999
0.928955256
0.9289171
0.928867989
0.928832434
0.928798677
0.928762759
0.928717448
0.928681485
0.928633021
0.928585195
0.928539423
0.92850357
0.928464103
0.92841873
0.928376077
0.92833937
0.928293864
0.928255745
0.928213025
0.928165375
0.92812855
0.92809318
0.928049354
0.928012929
0.927965931
0.927927058
0.927879924
0.927840649
0.927788343
0.927749088
0.927710422
0.927673865
0.927624606
0.927585898
0.927539873
0.927501564
0.927458783
0.927419925
0.927378818
0.927338768
0.927297808
0.927257083
0.92721467
0.92717734
0.927134563
0.927095256
0.927050081
0.927007744
0.926964554
0.92691838
0.926873146
0.926831587
0.926786942
0.926750931
0.926705117
0.926667281
0.9266205
0.926584878
0.926541938
0.926503388
0.926462628
0.926423025
0.926381109
0.926335618
0.926289405
0.926244643
0.926194504
0.926146565
0.926092953
0.92605164
0.9260104
0.925974681
0.925931883
0.925897937
0.925851944
0.92580981
0.925766107
0.925728756
0.925687477
0.925638858
0.925599108
0.925566857
0.925518121
0.92547674
0.925428884
0.925393128
0.925345228
0.925305377
0.925264127
0.925225275
0.925175155
0.925131756
0.92508205
0.925040449
0.924981789
0.92494221
0.924894405
0.924852796
0.924806936
0.924769445
0.924716922
0.924676996
0.924637102
0.924599664
0.924553237
0.924516065
0.924473913
0.924436845
0.924393571
0.92435598
0.924312664
0.924275206
0.924231608
0.924194279
0.924150991
0.924113864
0.924070601
0.924031367
0.923986392
0.923946414
0.923902839
0.923865373
0.923812875
0.923775481
0.923722102
0.923681468
0.923643429
0.923606891
0.923562867
0.923527955
0.923470852
0.923432296
0.923381846
0.923342821
0.923296294
0.923254574
0.923209982
0.923166623
0.923121628
0.923078748
0.923027685
0.922982695
0.92294229
0.922896472
0.922840278
0.922798158
0.92274096
0.922709239
0.92264838
0.922613657
0.92257118
0.922523643
0.922480033
0.922430782
0.92238452
0.922334981
0.922281331
0.922255141
0.922208774
0.922171597
0.922125475
0.922088553
0.922040171
0.922002423
0.921954655
0.921916431
0.921868287
0.921829244
0.921783198
0.921743143
0.921703236
0.92166641
0.921612926
0.921572923
0.921526369
0.921486444
0.921440177
0.921399489
0.92135923
0.921321114
0.921271795
0.921232016
0.921176897
0.921133131
0.921087247
0.921045298
0.920988515
0.920941009
0.920896911
0.920862656
0.920818091
0.920769701
0.920723401
0.920680894
0.920635068
0.920587527
0.920537157
0.920495429
0.920446741
0.920401427
0.920343208
0.9203061
0.92025452
0.920211693
0.920150641
0.920103893
0.920064398
0.920026139
0.919971076
0.919929807
0.91987645
0.919832945
0.919780849
0.91973077
0.919671644
0.919633737
0.919592811
0.919545621
0.919492144
0.919451504
0.919395852
0.919355472
0.919300389
0.919257812
0.919207846
0.91915135
0.919110866
0.919078401
0.919019962
0.918979089
0.918923417
0.918877179
0.918830254
0.918780814
0.918732614
0.918695549
0.918648994
0.91859834
0.918547103
0.91850734
0.918457612
0.918417225
0.918357843
0.918311811
0.918257776
0.91822242
0.918180568
0.91814037
0.918080138
0.918035593
0.917991928
0.917941443
0.917893055
0.917845146
0.917793361
0.917744357
0.917698461
0.917657492
0.917609284
0.917550228
0.917496637
0.917460795
0.917410728
0.917363379
0.917316512
0.917265189
0.91721036
0.917173517
0.917111161
0.917084241
0.917015706
0.916935107
0.916881956
0.916864396
0.916864283
0.9166122
0.916599291
0.916541294
0.916539997
0.916276836
0.916321036
0.916249931