0.94127082
0.94138555
0.942483239
0.943467529
0.94369414
0.943886027
0.944813135
0.945597307
0.945669002
0.94581436
0.946475024
0.946667416
0.947271576
0.9475906
0.948052438
0.948250115
0.948717546
0.949075517
0.949510849
0.949846904
0.950338864
0.950625833
0.951133205
0.951455805
0.951853284
0.952169571
0.952509809
0.952774375
0.953126519
0.953400402
0.953687213
0.953941167
0.954216289
0.95443594
0.954693062
0.954895117
0.955131282
0.955323606
0.955532255
0.955688607
0.955908788
0.956073214
0.956256845
0.956399049
0.956567168
0.956705499
0.956857502
0.956984542
0.957124788
0.957242369
0.957369855
0.957476564
0.957595237
0.957692677
0.957801621
0.957893251
0.957993603
0.958078749
0.958171917
0.958247551
0.958331639
0.958402589
0.958477233
0.958538125
0.95861063
0.958667773
0.958729012
0.958780098
0.958833134
0.958877926
0.95892649
0.9589703
0.959009584
0.959044193
0.959083254
0.959112086
0.959151126
0.959178885
0.959206496
0.959229722
0.959254539
0.959275538
0.959297765
0.959317021
0.959336579
0.959353608
0.959367568
0.959381113
0.959396598
0.95940772
0.959417419
0.959425953
0.959438678
0.959439206
0.959445319
0.959453473
0.959456965
0.95946069
0.959462669
0.959461958
0.959460409
0.959462508
0.959464149
0.959461306
0.959459622
0.959458726
0.959454218
0.959450709
0.959446333
0.959440419
0.959435444
0.959430788
0.959424603
0.959417609
0.959410192
0.959403205
0.95939496
0.95938992
0.959381951
0.959373573
0.959364271
0.959353465
0.959343254
0.959330947
0.959319492
0.959310129
0.959299626
0.95928601
0.959272331
0.95926006
0.959245791
0.959231378
0.959214345
0.959201373
0.959185368
0.959172532
0.959157071
0.959144339
0.959123366
0.959107426
0.95908789
0.959067444
0.95905266
0.959041603
0.959022321
0.959006251
0.958981778
0.958964054
0.95894058
0.958915664
0.958896943
0.958884556
0.95886497
0.958850156
0.958828399
0.958811615
0.958792086
0.958773803
0.958750989
0.958730842
0.958706164
0.958690876
0.958673322
0.958659841
0.958632605
0.958615732
0.958595038
0.958578426
0.95855374
0.958536736
0.958518934
0.958502687
0.958476738
0.958456594
0.958434138
0.958414997
0.958393632
0.958371811
0.958349139
0.958328852
0.958298246
0.958277676
0.958262726
0.958238094
0.9582122
0.958198597
0.958170296
0.958151132
0.958133106
0.958114735
0.958091591
0.958074499
0.958053277
0.958031262
0.958010613
0.957994422
0.957965749
0.957945787
0.957924858
0.957906136
0.957881167
0.95786485
0.957836446
0.957824067
0.957799913
0.957782272
0.9577569
0.957739225
0.957710889
0.957692323
0.95767323
0.957656836
0.957626301
0.957606126
0.957582766
0.957563065
0.957534354
0.957513538
0.957493045
0.957471898
0.95744308
0.957423862
0.957400783
0.957380817
0.957353894
0.957332951
0.957306217
0.95728694
0.957264144
0.957245164
0.957222169
0.957203575
0.957176205
0.957154919
0.957133166
0.957112153
0.957082378
0.957060386
0.957033983
0.957011146
0.956985575
0.956962782
0.956935668
0.956915176
0.95688823
0.95686455
0.956834969
0.956811485
0.956785934
0.956761447
0.95673796
0.956716589
0.95669113
0.956669449
0.956645423
0.956624566
0.956602397
0.956582115
0.956558967
0.95653796
0.956514335
0.95649313
0.956467646
0.95644644
0.956423038
0.956402242
0.956378503
0.956357838
0.956333584
0.956313237
0.95628773
0.95626705
0.956242616
0.956221249
0.956197871
0.956176872
0.956154132
0.956134031
0.956113224
0.956089297
0.956064655
0.956044598
0.956021885
0.956000502
0.955974936
0.955948458
0.95592706
0.955903518
0.955874708
0.955850301
0.955828661
0.955812506
0.95578256
0.955757706
0.955731164
0.955706606
0.955680735
0.955664174
0.955638029
0.955616699
0.95559275
0.955568408
0.955541656
0.95552077
0.955493699
0.955472193
0.955446896
0.955424334
0.955396936
0.955375853
0.955344398
0.955310168
0.955283646
0.95526598
0.955234331
0.955213262
0.955194554
0.955172082
0.955146475
0.955124909
0.955096992
0.955074856
0.955050105
0.955030632
0.954997592
0.95497553
0.954948979
0.954926938
0.954902434
0.954881466
0.954858516
0.954831338
0.95480495
0.954784645
0.954756076
0.954733208
0.954709434
0.954686567
0.954662633
0.954640365
0.954614941
0.954592561
0.95456998
0.954549533
0.954522067
0.954500597
0.954475859
0.95445538
0.95442908
0.954407644
0.954380052
0.954357834
0.954333811
0.95431286
0.954282989
0.954257874
0.954232713
0.954210279
0.954186883
0.954163422
0.954137909
0.954116899
0.954088085
0.954066604
0.954039198
0.954016872
0.953992559
0.953970031
0.953945546
0.953922789
0.953897784
0.95387708
0.953852143
0.953826332
0.953801522
0.953777782
0.953756474
0.953729808
0.953703201
0.953683686
0.953651858
0.953629333
0.953605407
0.95358372
0.953551997
0.953528148
0.953500368
0.953475859
0.953439578
0.953413662
0.953380311
0.953358581
0.953333107
0.953301642
0.953277757
0.953249298
0.953220681
0.953196407
0.953163772
0.953136702
0.95311067
0.953088958
0.953060919
0.953038553
0.953013492
0.952987475
0.952956464
0.952922049
0.95289927
0.952877902
0.952841871
0.952816434
0.952796965
0.95277141
0.952743918
0.952717894
0.952691565
0.952668686
0.952641826
0.952617653
0.952587305
0.952564118
0.952538919
0.952511381
0.952484727
0.95246269
0.95243474
0.952412645
0.952383966
0.952359713
0.952327704
0.952300718
0.952274683
0.952246734
0.952213179
0.952195662
0.952173343
0.952146734
0.952124357
0.952102049
0.952071241
0.952049644
0.952024849
0.951999684
0.951968465
0.951942897
0.951915014
0.951888243
0.951858032
0.951837371
0.951806459
0.951783475
0.951757404
0.951734204
0.951707215
0.95168375
0.951655491
0.951632455
0.951606429
0.951584018
0.951555374
0.95153258
0.951501686
0.951474918
0.951446193
0.951418543
0.951386034
0.95136167
0.951334359
0.951310085
0.951282028
0.951257333
0.95122744
0.951200694
0.951173822
0.951145899
0.951112044
0.951087014
0.951054535
0.951032895
0.950998971
0.950975671
0.950945626
0.950916027
0.950888341
0.950862497
0.950834429
0.950810452
0.950775109
0.950751148
0.95072729
0.950700133
0.950673226
0.950645829
0.950620412
0.950590918
0.95056382
0.950535696
0.950505327
0.950481865
0.95044953
0.950425183
0.950399132
0.950371678
0.950339397
0.950316764
0.95028498
0.950257717
0.950228532
0.950205941
0.950175592
0.950155156
0.950127445
0.950108319
0.950074551
0.950051822
0.950024106
0.950001734
0.949970737
0.949946592
0.949918537
0.949892822
0.949864848
0.949840973
0.949814403
0.94978598
0.949761379
0.949730192
0.949702034
0.94967704
0.949650128
0.949621343
0.949595402
0.949571258
0.949538595
0.949512829
0.9494808
0.949460854
0.949425502
0.949402721
0.949374891
0.949342827
0.949313935
0.949289406
0.949260923
0.949235988
0.949209064
0.949182954
0.949155111
0.949129669
0.949100526
0.949073583
0.949048074
0.94902074
0.948988224
0.948962702
0.948927427
0.948902148
0.94887323
0.948845757
0.948815572
0.948786765
0.948756125
0.948725704
0.948690451
0.948659597
0.948628341
0.948601885
0.948574637
0.948545267
0.948511924
0.948481326
0.948442783
0.948418898
0.94838836
0.948358926
0.948326278
0.948307507
0.948273507
0.948253031
0.948213454
0.948186244
0.948155178
0.948129476
0.948098217
0.948076452
0.948051604
0.948017371
0.947991499
0.94796454
0.947931374
0.947904359
0.947872702
0.947854898
0.947825433
0.947792974
0.947760492
0.947736344
0.947704961
0.947672332
0.947635126
0.947606024
0.947577416
0.947566335
0.947524842
0.947494985
0.947467063
0.947443252
0.947412145
0.947387095
0.947360495
0.947336339
0.947307959
0.947283528
0.947251733
0.947225153
0.947196204
0.947168101
0.947136508
0.947108074
0.947078965
0.947052864
0.947024494
0.946998121
0.946969686
0.946943454
0.946915931
0.946888185
0.946859233
0.946832742
0.946802277
0.946773342
0.946742409
0.946716706
0.946685239
0.946658354
0.946626063
0.946598909
0.94656349
0.946535169
0.946502197
0.946472891
0.946434137
0.946403249
0.946377275
0.946348182
0.946316184
0.946284139
0.946248696
0.94622425
0.946192005
0.946161521
0.94612408
0.946092544
0.946050295
0.94601366
0.945979663
0.94594604
0.945911654
0.945884223
0.945852975
0.945824268
0.945791734
0.945762134
0.94572777
0.945700717
0.945672601
0.945648848
0.945614568
0.945587732
0.94555267
0.945524277
0.94548282
0.945453357
0.945415834
0.945388084
0.945357673
0.945330561
0.945305743
0.945280256
0.945247529
0.945221562
0.945188354
0.945162585
0.945132872
0.945099976
0.945064024
0.945029041
0.944991064
0.944961891
0.944932854
0.944906791
0.944874692
0.944844331
0.944813191
0.944779215
0.94473828
0.944711532
0.944681335
0.944650343
0.944615728
0.944588214
0.944561298
0.944534868
0.94449896
0.944471299
0.944440626
0.944414606
0.944376318
0.944350333
0.944320151
0.944294996
0.944259196
0.944231255
0.944194874
0.944168575
0.944145178
0.944118702
0.944088786
0.944057418
0.944021301
0.943991754
0.943960547
0.943933544
0.943903937
0.943872951
0.943842721
0.943816655
0.943788739
0.943756527
0.943725035
0.943693472
0.943661954
0.943626136
0.943592605
0.943561628
0.943526151
0.94349431
0.943458023
0.94342544
0.943388902
0.943359238
0.943322797
0.943290546
0.943248431
0.943220864
0.943182383
0.943155157
0.943115358
0.943088854
0.943051839
0.943016826
0.942985816
0.94295391
0.942922212
0.942893413
0.942855479
0.942828358
0.942792878
0.942765163
0.942734414
0.942706222
0.942674221
0.942644849
0.942615644
0.942588023
0.942554259
0.942526825
0.942490456
0.942466128
0.942426982
0.94240115
0.942371731
0.942346774
0.942310518
0.942285426
0.942251276
0.942225571
0.942186122
0.942155997
0.942125045
0.942094862
0.942061561
0.942027365
0.941990307
0.941969792
0.941931781
0.941901081
0.941876571
0.941846561
0.941816026
0.941782481
0.941751306
0.941718586
0.941682824
0.941646839
0.941614757
0.941588936
0.941548216
0.941518578
0.941489753
0.941461359
0.941424952
0.941397726
0.941363931
0.941332231
0.941298023
0.941269913
0.941232463
0.94120173
0.941159057
0.941129222
0.941090306
0.941058592
0.941023441
0.94100028
0.940961178
0.940929968
0.940898984
0.940869524
0.940839312
0.940808337
0.94077703
0.940746411
0.940713234
0.940681047
0.940649302
0.940623207
0.940592845
0.940558602
0.940526173
0.940489848
0.940452737
0.940421513
0.940382426
0.940353783
0.940313247
0.94027341
0.940232881
0.940187682
0.940157285
0.94012704
0.940095877
0.940068649
0.940026183
0.9399906
0.939947757
0.939915857
0.939868312
0.939841491
0.939791065
0.939754265
0.939722575
0.939687892
0.939656672
0.939617094
0.939580446
0.939553902
0.939516608
0.939487988
0.9394542
0.939421392
0.939382441
0.939349266
0.939306225
0.939282855
0.939245052
0.939213198
0.939185738
0.939157081
0.939119875
0.93909182
0.939055076
0.939027765
0.938990036
0.93895862
0.93892075
0.938893344
0.93886355
0.938826224
0.938792637
0.938761272
0.938728136
0.938697753
0.938662386
0.938632776
0.938596562
0.938564194
0.938526058
0.9384961
0.938461308
0.938426853
0.938395388
0.938363433
0.938326565
0.938299126
0.938264503
0.938231011
0.938197257
0.938165756
0.938131212
0.93810043
0.938062211
0.938030261
0.937992896
0.937959824
0.937923569
0.937893719
0.937857096
0.937821573
0.93778577
0.937750444
0.937716276
0.937684766
0.937646729
0.937613735
0.937572484
0.937540551
0.937504911
0.937474657
0.937430992
0.937395553
0.937351213
0.937313564
0.937269775
0.937234545
0.937191135
0.937152433
0.937107909
0.937069711
0.937035062
0.93699927
0.936957605
0.936922113
0.936875127
0.93683346
0.93678535
0.936751461
0.936714751
0.93667487
0.936630485
0.936597277
0.936559374
0.936527012
0.936490099
0.936450541
0.936417952
0.936387183
0.936348474
0.936316926
0.93627369
0.936238415
0.936196554
0.936163137
0.936119398
0.936085115
0.936049996
0.936018949
0.93597759
0.935944351
0.935907692
0.935875661
0.935843527
0.935812955
0.93577903
0.935745783
0.935712952
0.935679345
0.93564318
0.935611946
0.935574713
0.935542921
0.935508699
0.935473455
0.935436951
0.935401574
0.935364589
0.935332997
0.935294779
0.935263489
0.935225892
0.935193659
0.935157244
0.935126519
0.935092068
0.935058388
0.935023351
0.934989687
0.934954083
0.934918982
0.934878594
0.934845349
0.934806795
0.934772184
0.934734327
0.934703846
0.934668961
0.934636648
0.934600503
0.934569771
0.934529243
0.934491516
0.934451427
0.934418165
0.934379508
0.934334968
0.934301041
0.934275155
0.934234719
0.934197344
0.934157847
0.934126333
0.934084957
0.934052776
0.934017994
0.933987233
0.933947
0.933914482
0.933873285
0.933842566
0.933793984
0.933760634
0.933721277
0.933686379
0.93364785
0.933617372
0.93357168
0.933537281
0.933503825
0.933471019
0.933429567
0.933394075
0.93335534
0.933319134
0.933281204
0.93324517
0.933203674
0.93316685
0.933124027
0.933084425
0.933044758
0.933005907
0.932965263
0.932926355
0.932882961
0.932838865
0.932795657
0.932754695
0.932701958
0.932667982
0.93261188
0.932573786
0.932534601
0.932497024
0.932455511
0.932417211
0.932362861
0.932325962
0.932272183
0.932230608
0.932186526
0.932147451
0.932101025
0.932061862
0.932019586
0.931976924
0.931928919
0.931890612
0.931850958
0.931814386
0.931768096
0.931734412
0.931690389
0.93166204
0.931615302
0.931583981
0.931546751
0.931508527
0.931468662
0.931430606
0.931391643
0.931350538
0.931306122
0.931280699
0.931243075
0.931212724
0.931173133
0.93114212
0.931103588
0.931071825
0.931032703
0.931000506
0.930961011
0.930928551
0.930889688
0.930856828
0.930820539
0.930789299
0.930745917
0.930712418
0.930675584
0.930642535
0.930604753
0.93057073
0.930536424
0.930504533
0.930461146
0.930427984
0.930384889
0.930349499
0.930312367
0.93027779
0.930231178
0.930190527
0.930153984
0.930122849
0.930086454
0.930046338
0.930006405
0.929969097
0.929929375
0.929887201
0.92984415
0.929807391
0.929761423
0.929725021
0.929673447
0.929642524
0.929596331
0.929559887
0.929507745
0.929467686
0.929433361
0.929399633
0.929355467
0.929319314
0.929273176
0.929238184
0.929192495
0.929152111
0.929103587
0.929067671
0.929031578
0.928985786
0.928937571
0.928897684
0.928847843
0.928811854
0.928765479
0.928729877
0.928685298
0.928634983
0.928596846
0.928562995
0.928512042
0.928476813
0.928426598
0.928388198
0.928345887
0.928304768
0.928261953
0.928229904
0.92819074
0.928148553
0.928105997
0.928071303
0.928035999
0.92800404
0.927953845
0.927914818
0.927872543
0.927843719
0.92780444
0.927771337
0.927718104
0.927680744
0.927643007
0.92759901
0.927557926
0.927517811
0.927472769
0.92743152
0.927390837
0.927356358
0.927313052
0.927265337
0.927219774
0.927190214
0.927147455
0.927107692
0.927067318
0.927023415
0.926975323
0.926938329
0.926883843
0.926859583
0.926799297
0.926719567
0.926668229
0.926652038
0.926652147
0.926429291
0.926413143
0.926361805
0.926360482
0.926150841
0.926182033
0.926132106