0.948474892
0.948474892
0.948474891
0.948474891
0.948474891
0.948474892
0.948474889
0.948474891
0.948474889
0.948474888
0.948474878
0.948474876
0.948474849
0.948474858
0.948474844
0.948474816
0.948474785
0.948474735
0.948474651
0.948474446
0.948474243
0.948474099
0.948473585
0.948473259
0.948472742
0.948472237
0.948471744
0.948471174
0.948470077
0.948469256
0.948468173
0.948467032
0.948465746
0.948464264
0.948462486
0.948460584
0.948458035
0.948455784
0.94845361
0.948451331
0.948447919
0.948446022
0.948443283
0.948440612
0.948436622
0.948433173
0.948429017
0.948425244
0.948420265
0.948416397
0.948411122
0.948406525
0.948401351
0.948396219
0.948390157
0.948384103
0.948377222
0.948370642
0.948363246
0.948355978
0.948348191
0.948341484
0.948333541
0.948325945
0.948315629
0.948307423
0.948298529
0.94828932
0.948278738
0.948268284
0.948255734
0.948246569
0.948235406
0.948223598
0.948213229
0.948199389
0.948185155
0.948176308
0.948160738
0.948147719
0.948134867
0.948122999
0.94810947
0.948097914
0.948084164
0.948070019
0.948053014
0.948037823
0.948024159
0.948010298
0.947990648
0.947973737
0.94796059
0.947939496
0.947916831
0.947910755
0.947891889
0.947875586
0.947856144
0.947837731
0.947814331
0.947799203
0.947785441
0.947765541
0.947745806
0.947730533
0.947708266
0.947692263
0.947671783
0.947654253
0.947634713
0.947617959
0.947597511
0.947577543
0.947557101
0.947535488
0.947514033
0.947495703
0.947475478
0.947452744
0.94743044
0.947406737
0.947384098
0.947359242
0.947334605
0.947315517
0.947294482
0.947271382
0.947247362
0.947224767
0.947199837
0.947177288
0.947149703
0.947128485
0.947100852
0.947079539
0.947053646
0.947033558
0.947001617
0.946977776
0.946949302
0.946921615
0.946899621
0.946882722
0.946854003
0.946831041
0.946797042
0.946770747
0.946737528
0.946705005
0.946679941
0.946663879
0.946637099
0.946616286
0.94658585
0.946562021
0.946533618
0.946509687
0.946478341
0.946452928
0.94641801
0.946395811
0.946370856
0.946351233
0.94631346
0.946288817
0.946260132
0.946236623
0.946201235
0.946177127
0.94615457
0.946132062
0.946094624
0.9460667
0.946034877
0.946009587
0.945978965
0.945948128
0.945918228
0.945889686
0.945847752
0.945818287
0.945798514
0.94576428
0.945731493
0.945713658
0.945674365
0.945649514
0.945622914
0.945595429
0.945561311
0.945537292
0.945505801
0.945476689
0.945448461
0.945427815
0.945390167
0.945362846
0.945332529
0.945305853
0.945271543
0.945247385
0.945210485
0.945194061
0.945162092
0.945138445
0.945103764
0.945078824
0.945041776
0.945016839
0.9449905
0.944967399
0.944927101
0.94489854
0.944868032
0.944842173
0.944806032
0.944778602
0.944751863
0.944726302
0.944688861
0.944663443
0.944634068
0.944608889
0.944574644
0.944548103
0.944513879
0.944487749
0.944457507
0.944432388
0.944400746
0.944376099
0.944339401
0.944312247
0.944284058
0.944257918
0.944223453
0.944196428
0.944164827
0.944136729
0.944106351
0.944077754
0.944043679
0.944018813
0.943985838
0.943958248
0.943931086
0.943898829
0.9438693
0.943837865
0.943805098
0.943778414
0.94374376
0.943715438
0.943685639
0.943658704
0.943624613
0.943596487
0.943564609
0.943536556
0.94350467
0.943476276
0.94344225
0.943414207
0.943379527
0.943352147
0.943319408
0.943291875
0.943260782
0.943233008
0.943199261
0.94317054
0.943135205
0.943105501
0.943073216
0.943044539
0.943014848
0.942987186
0.942956281
0.942921954
0.942886279
0.942861096
0.942830325
0.942801526
0.942767199
0.942731238
0.942702349
0.942670763
0.94263012
0.942596706
0.942567821
0.942544143
0.94250244
0.942470506
0.942433643
0.942399844
0.942364208
0.942341005
0.942303817
0.942274358
0.942244673
0.942212084
0.94217754
0.942150154
0.942112612
0.942081751
0.942045695
0.942015289
0.941980903
0.94195165
0.941909247
0.941864221
0.941828561
0.941808121
0.941761136
0.941730682
0.941706404
0.941674761
0.941637653
0.941608313
0.941569047
0.941537076
0.941505864
0.941478827
0.941434539
0.941405324
0.941372703
0.941341468
0.941306072
0.941277143
0.94124527
0.941207823
0.941172946
0.941147242
0.941108518
0.941078334
0.941045214
0.941016587
0.940981634
0.940952297
0.940916881
0.940886038
0.940854972
0.940827819
0.940789994
0.940759266
0.940725954
0.940695917
0.940659928
0.94062941
0.940589659
0.940557833
0.940522885
0.940493598
0.94045225
0.940418641
0.940383133
0.94035113
0.940319579
0.940287243
0.940250258
0.940222607
0.940182899
0.940153047
0.940113289
0.940082214
0.940050264
0.940019275
0.93998603
0.939954617
0.939919927
0.939891072
0.939858816
0.939824446
0.939790889
0.939759339
0.939731453
0.939695724
0.939658316
0.939630789
0.939588822
0.939558219
0.939525872
0.93949658
0.93945605
0.939424113
0.93938982
0.939358155
0.939317931
0.939284446
0.939245308
0.939218813
0.939185974
0.939146316
0.93911502
0.939081601
0.939043144
0.939012903
0.938970187
0.93893478
0.938898938
0.938869519
0.938830447
0.938800583
0.938763956
0.938728217
0.938685031
0.938639103
0.938608484
0.938579896
0.938533487
0.938499014
0.938474646
0.938439846
0.938402798
0.938366313
0.938329519
0.938299332
0.938262541
0.938229827
0.938189494
0.938157466
0.938125683
0.938087519
0.938051482
0.938022774
0.937984236
0.937954044
0.937915282
0.93788232
0.937838643
0.937800956
0.937765338
0.937726097
0.937675818
0.9376528
0.937620954
0.937585037
0.937554281
0.937524443
0.937482008
0.937452462
0.937419473
0.937386167
0.937345911
0.937312427
0.937277143
0.937248072
0.937208203
0.937180201
0.937139556
0.937107446
0.937072008
0.937040011
0.937003837
0.936971337
0.936933549
0.936901079
0.93686834
0.936838849
0.936798204
0.936768319
0.936726134
0.936693283
0.936656679
0.936623103
0.936586732
0.936553074
0.936517017
0.936483629
0.936445857
0.936412682
0.936372926
0.936338369
0.936306937
0.936275032
0.936233803
0.936202154
0.936162151
0.936133392
0.936092433
0.9360595
0.936021661
0.935980917
0.935940953
0.935906698
0.935869983
0.935836208
0.935786007
0.935755668
0.935727843
0.935692681
0.935654649
0.935618925
0.935584181
0.93554539
0.93550859
0.935468727
0.935429257
0.935395191
0.935354083
0.935322414
0.935289309
0.935253831
0.935208288
0.935179111
0.935133243
0.935096255
0.935055554
0.93502535
0.934983092
0.934953916
0.934913415
0.934886445
0.934837159
0.93480492
0.934764808
0.934733946
0.934689274
0.934652308
0.934613918
0.934576859
0.9345381
0.934506217
0.934468532
0.93442855
0.934394691
0.934349624
0.93431135
0.93427889
0.934240727
0.934201562
0.934166828
0.93413379
0.934090742
0.934055434
0.934010267
0.933982656
0.933932595
0.933899828
0.933860564
0.93381569
0.933775979
0.933741532
0.933701464
0.933667442
0.933631933
0.933596957
0.933559751
0.93352532
0.933485857
0.933450233
0.933414577
0.933378806
0.933333796
0.933301638
0.933249103
0.93321524
0.93317732
0.933141838
0.933102363
0.93306975
0.933030901
0.932989923
0.932946699
0.932908813
0.932870252
0.932835236
0.932799441
0.932761143
0.932718112
0.93267899
0.932629284
0.932594969
0.932553359
0.932511357
0.932465257
0.932441696
0.93239506
0.932366355
0.932314489
0.932277283
0.932235544
0.932198787
0.932154255
0.932124024
0.932089553
0.932042183
0.932006301
0.93196821
0.931922778
0.931879192
0.931835409
0.931808489
0.931768113
0.931723279
0.931678448
0.931648201
0.931603606
0.931558049
0.931503521
0.931462738
0.931422836
0.931406993
0.931351575
0.931310726
0.931271238
0.931237574
0.931195465
0.931160217
0.931123133
0.931089735
0.93105159
0.931018875
0.930975001
0.930940333
0.930900875
0.930863738
0.930821072
0.930783513
0.930745352
0.930710112
0.930672686
0.930635992
0.930598534
0.930563406
0.930526281
0.930489084
0.930450452
0.930414227
0.930375714
0.930337655
0.930295766
0.930261664
0.930219769
0.930186003
0.930144944
0.930109892
0.930064445
0.930028111
0.929985931
0.929949495
0.929898312
0.929859572
0.929828676
0.929791739
0.929750649
0.929711386
0.929666684
0.929633978
0.929592116
0.929552784
0.929506068
0.929470059
0.929418967
0.929379615
0.929338269
0.929294837
0.929254298
0.929218074
0.929173785
0.929136372
0.929092629
0.92905399
0.929005646
0.92896816
0.928934963
0.928902524
0.928855495
0.928820232
0.928772117
0.928734314
0.928679228
0.928642677
0.928596401
0.92855847
0.928514166
0.928476255
0.928442714
0.928407236
0.928361854
0.928324495
0.928277404
0.928242453
0.928200697
0.928154463
0.928106322
0.928054855
0.928011176
0.927970976
0.927937306
0.927901208
0.927855951
0.927813012
0.927772264
0.92772435
0.927668974
0.927633265
0.927587601
0.927546529
0.927493545
0.927456527
0.927420891
0.927387587
0.92733945
0.927301722
0.927264165
0.927229087
0.927175082
0.927139238
0.927097466
0.927061606
0.927008742
0.926967917
0.926913394
0.926872393
0.926839066
0.926801649
0.926758349
0.926717983
0.926667243
0.926628717
0.926588198
0.926550018
0.926510634
0.926466559
0.926423667
0.926390622
0.926351076
0.92631017
0.926268862
0.926228273
0.926187657
0.926147718
0.92610499
0.926069052
0.926024377
0.925986637
0.925939359
0.925900685
0.925857706
0.925821553
0.92577311
0.925737645
0.925686195
0.925646954
0.925603811
0.925565373
0.92551505
0.925480866
0.92543277
0.925386967
0.925344676
0.92530433
0.925262148
0.925227827
0.925176913
0.925140275
0.925092958
0.925053931
0.925010028
0.924971561
0.924926653
0.924886875
0.924848468
0.924811877
0.924765745
0.924729426
0.924680147
0.92464613
0.924591046
0.924552514
0.924512843
0.924476579
0.924426864
0.924390465
0.924343145
0.924305668
0.924249083
0.924206471
0.924162759
0.924117996
0.924073554
0.924020565
0.923969625
0.923934739
0.923878457
0.923831246
0.923792184
0.923747147
0.923703999
0.923656441
0.92361014
0.923562803
0.923510798
0.923460924
0.92341687
0.923380007
0.923322555
0.923282155
0.923242837
0.923204275
0.923152476
0.923116744
0.923071287
0.923027756
0.922978287
0.922940081
0.922892817
0.922853038
0.922803349
0.922762139
0.922711577
0.922669423
0.922618694
0.922589704
0.922535226
0.922493764
0.922453451
0.92241211
0.922370419
0.92232784
0.922284066
0.922241823
0.922195924
0.922153224
0.922109047
0.922071471
0.922030441
0.921983933
0.92194125
0.921894069
0.921845989
0.921806508
0.921755887
0.921721647
0.921668092
0.921615646
0.921560379
0.921502888
0.921464983
0.92142505
0.921385226
0.921347012
0.921290571
0.921243051
0.921185128
0.921147433
0.921082445
0.921048224
0.920978372
0.920927703
0.920889907
0.920843328
0.920801639
0.920750537
0.920700298
0.920663257
0.920611405
0.920571185
0.920523157
0.92047738
0.92042506
0.920375632
0.920318308
0.920286197
0.920231908
0.920188692
0.920153883
0.920115615
0.920061766
0.920019994
0.919967795
0.919930019
0.919876121
0.919832841
0.919784349
0.919745511
0.919704083
0.919654377
0.919606186
0.919565392
0.919521171
0.919479993
0.91943471
0.91939334
0.919346569
0.919303193
0.919253898
0.919213685
0.919168293
0.91912343
0.9190772
0.919032155
0.918982292
0.918943699
0.918897053
0.918851059
0.918804023
0.918760744
0.918714503
0.918671091
0.918619726
0.918576405
0.918528433
0.91848533
0.918436729
0.91839508
0.918346954
0.918299596
0.918246751
0.918201655
0.918148184
0.918107856
0.918054149
0.918012029
0.917955475
0.91791233
0.917865878
0.917826316
0.917771989
0.917728357
0.917679801
0.91763632
0.917583933
0.917540699
0.917486354
0.917440261
0.917384276
0.91734207
0.917302518
0.917259262
0.917207834
0.917165217
0.917105783
0.917050514
0.916992731
0.916951448
0.916904515
0.916849937
0.916798244
0.916750865
0.916698435
0.91665405
0.916603493
0.916547958
0.91650533
0.916463518
0.916411636
0.916369045
0.916314252
0.916269579
0.916212856
0.916168873
0.916107043
0.916061861
0.916016269
0.915973617
0.915919653
0.915873842
0.915827697
0.91578272
0.915736005
0.91569188
0.915641487
0.915595462
0.915547595
0.915501173
0.915450766
0.915407487
0.91535815
0.91531447
0.915263524
0.915217816
0.915167605
0.915121384
0.915071256
0.915023886
0.914973018
0.914930983
0.914878524
0.914835016
0.914783292
0.914743017
0.914693935
0.914646188
0.914600028
0.914551767
0.914501796
0.914450433
0.914395134
0.914345723
0.914287305
0.914231979
0.914169461
0.914124557
0.914074724
0.91402963
0.913981133
0.913939956
0.913886426
0.913833411
0.913783659
0.913739424
0.913689832
0.913631587
0.913586222
0.913551299
0.913493743
0.913443548
0.913386158
0.913345397
0.913287668
0.913242222
0.913193366
0.913149588
0.913092685
0.913045313
0.912988204
0.912944856
0.912875017
0.912828224
0.912774916
0.912728092
0.912675877
0.912632712
0.91257206
0.91252469
0.912478864
0.912434183
0.912379288
0.912333928
0.912282278
0.912234588
0.912183543
0.912139035
0.912087333
0.912039964
0.911987245
0.911941261
0.911890845
0.911843006
0.911791647
0.911744889
0.911690316
0.911641435
0.911590998
0.911543572
0.911481229
0.911436059
0.911371874
0.911323882
0.911278136
0.911235082
0.911179948
0.911137508
0.911068969
0.911021388
0.910959687
0.910911745
0.910854775
0.910805149
0.910750095
0.910699035
0.91064395
0.910592313
0.910531333
0.910477912
0.910429488
0.910374256
0.910307882
0.910256194
0.910189099
0.91015163
0.91007943
0.910040906
0.90999268
0.909936051
0.909883793
0.909823144
0.90976871
0.90970741
0.909643334
0.90961246
0.909556453
0.909513329
0.909455994
0.909412156
0.909352941
0.909308434
0.909246937
0.909201272
0.909144289
0.909098203
0.909044608
0.908998309
0.908950055
0.908906555
0.908843617
0.908796521
0.908741906
0.908695497
0.908641361
0.908592771
0.90854687
0.908500784
0.908444592
0.908396407
0.90833382
0.908282232
0.908230176
0.908181802
0.908116453
0.908060452
0.908008793
0.907968658
0.907915632
0.907861
0.90780461
0.907751766
0.9076954
0.907639449
0.907578678
0.907528656
0.907465439
0.907410739
0.907342203
0.907293022
0.907229865
0.907181365
0.907110436
0.90705549
0.907009703
0.906965986
0.906903087
0.906856467
0.906795239
0.906748677
0.906689711
0.906631886
0.906564694
0.906517337
0.906470522
0.906415809
0.906352817
0.906305113
0.906238493
0.90618957
0.906126867
0.906077891
0.906018952
0.905954009
0.905907625
0.905869162
0.905800049
0.905752966
0.905689812
0.905637735
0.905584858
0.905528981
0.905473397
0.9054292
0.905376232
0.90531677
0.90525739
0.905211252
0.905157831
0.905113011
0.905044082
0.90499041
0.904929413
0.904890223
0.904838747
0.904792626
0.904721866
0.904669987
0.904619648
0.904558833
0.90450527
0.90444845
0.904388593
0.904331401
0.904282067
0.904233593
0.904179014
0.90411632
0.904056505
0.904021973
0.903961966
0.903905485
0.903848332
0.903788486
0.903721617
0.90367715
0.903599387
0.903566963
0.903482772
0.903375366
0.903310227
0.903287346
0.903287353
0.902974233
0.902959329
0.902888598
0.902887209
0.902571939
0.902624912
0.902542554