% Model:              CMSL_AJB_O2_20210227_AdptLKR.mph
% Version:            COMSOL 5.5.0.359
% Date:               Feb 28 2021, 00:57
% Dimension:          1
% Nodes:              1208
% Expressions:        1
% Description:        Line graph
% cln1x                   Height
0                         0.8754208774600998
0.07644537880878488       0.8755749269334883
0.8127602615697924        0.8770482687130923
1.5333611862234306        0.8784168806020062
1.691313091440577         0.8787315446005763
1.8429681349171005        0.8790070269134446
2.5419370262270036        0.8803385357621989
3.2174618005118987        0.8814974781233048
3.274558342129012         0.8816037185430792
3.404895743775228         0.881823977903003
3.955876995275162         0.8828268009083228
4.140306653069729         0.8831275626504889
4.689754130582742         0.8840723731446987
4.9906938820326445        0.884579588344661
5.457047219396202         0.8853261979435687
5.655585384957362         0.8856501889979379
6.129825952080182         0.8864247295113004
6.526795916652645         0.8870322186823849
7.013540003992716         0.8877780470410479
7.396171616410868         0.8883656237937443
7.98464101751739          0.8892428508038968
8.354363779026244         0.8897649762085988
9.000420925930882         0.8907011577922603
9.443002490288109         0.8913135327708697
9.998298162578806         0.8920802490879075
10.467453214465024        0.8927024550771079
10.997184887368007        0.8933853974143263
11.423543391872272        0.8939259645345765
11.99901420936078         0.8946595380348087
12.474907543775771        0.895238005353004
12.9889728045693          0.895857574543716
13.468372678326318        0.8964182547609436
14.0151494739913          0.8970356235243947
14.464274135202345        0.8975400712686836
15.011120710228454        0.8981373063953333
15.462006218028478        0.8986225575822501
15.996249183457735        0.8991954021491692
16.45760037942813         0.8996768772100547
16.991022358406894        0.9002018878562204
17.387868124577608        0.9006075628143966
17.97390812048758         0.901188618886833
18.459738787339063        0.9016354403650612
19.015126087754936        0.9021383261828335
19.456953417825503        0.9025395668657372
19.99122301803868         0.9030223566483616
20.457522880578153        0.9034262738536114
20.991816970559114        0.9038782266647472
21.456958540726703        0.9042649497381668
21.992082734458506        0.9046966559346372
22.465177304545932        0.9050748353639356
22.99468565551541         0.9054869255182525
23.45601706578134         0.9058364314219731
23.991781244174263        0.9062374369565742
24.45108715582711         0.9065720651547404
24.987735683116284        0.9069571523059193
25.45481915394157         0.9072791260633177
25.989499946149294        0.9076477102399199
26.454353436130077        0.90795715559615
26.987305351910095        0.9083064863748207
27.455936879918227        0.9086044314149286
27.98371566160165         0.9089306009975979
28.460673446828764        0.9092180160895208
28.986459129118657        0.9095272242699707
29.434175488268124        0.9097905702199465
29.98234061628682         0.9101098864858641
30.45698550812233         0.9103737108990834
30.98872887234228         0.9106636174962665
31.466293792747194        0.9109173500247774
31.985726064324012        0.9111903998422153
32.460581488074354        0.9114317717132877
32.98845594957436         0.9116960932959743
33.499963982363624        0.911926516925324
33.98755619883059         0.912155597155094
34.4508611474314          0.9123698675763443
34.97375599796976         0.9126005833458816
35.433523469263946        0.9128079292059804
36.030909973715666        0.9130616444044157
36.49141286615696         0.9132450201524184
37.01697752822918         0.9134636131974898
37.48871948917213         0.9136570691394352
37.99714710422535         0.9138514705413197
38.46562238389396         0.9140293258790841
38.995657682003184        0.9142235399112493
39.4594829601063          0.9143876157926216
39.97535304896587         0.914568220778312
40.447898666307765        0.91473412682167
40.94794976231981         0.9149099572814988
41.45269734102067         0.9150778775277948
41.98986735275395         0.9152424340759067
42.450082874653674        0.9153867916460918
42.9890934352357          0.9155536378505139
43.45798373806025         0.9156992434113067
44.014493317146815        0.9158552196502487
44.41013465787515         0.9159766008970676
45.039189791509386        0.9161514374518017
45.419577315822835        0.9162499653831908
45.9517836630215          0.916392998774632
46.430818837314405        0.9165157959845611
46.98057737818172         0.9166553502973068
47.43891133224773         0.9167625303900752
47.98868472333177         0.9168988087044314
48.483664945387005        0.9170082644823765
48.96861828489892         0.9171137648967946
49.44980538344299         0.9172170978767692
49.99164740172577         0.917329446614504
50.44263051062799         0.9174168433856813
50.993197390963616        0.9175223416915548
51.45691129547126         0.9176062894927579
51.991035510655394        0.9177005001954412
52.45760323359596         0.9177797470327662
52.99103794092318         0.91786838738964
53.46998176026338         0.9179441435482727
53.98965312332709         0.9180251609771279
54.46449569876623         0.918095161972665
54.98873717373891         0.9181714931207545
55.46071529750509         0.9182350458008368
55.97994557701398         0.9183035913898383
56.5014107003019          0.9183713614601456
56.98917752660276         0.9184320447343858
57.45927018372345         0.9184847286245479
57.96441676910541         0.9185411534608073
58.45811119115052         0.9185902421906254
58.97699945457083         0.9186440068865588
59.461074000348844        0.9186890420775435
59.98269371781589         0.918738680142714
60.52304041236175         0.9187915454380458
60.99924531228811         0.9188329759491354
61.459346302326026        0.9188703076184903
61.96819794805447         0.9189113355694974
62.47341238404846         0.9189514908586679
62.98622994912057         0.9189900017988744
63.457682705356206        0.919021669822808
63.99105189502359         0.9190552022097507
64.45768715615668         0.9190872373402793
65.00329127792327         0.9191154039004918
65.45890950807319         0.9191430553451219
66.04322665172725         0.919177679173531
66.46288717513107         0.9192005252390785
66.99105464832667         0.9192235278668767
67.45631318986682         0.9192464956333644
67.98378545437663         0.9192715489951799
68.44829493470456         0.9192832233651755
68.99859810087469         0.9193101231926042
69.42946540451305         0.9193298541697613
69.99352637339246         0.9193479607049685
70.42626308437178         0.9193583083533573
70.99151590523553         0.9193753586966251
71.45771301639945         0.9193840762031504
71.97241865834104         0.9193939188122382
72.42126092465628         0.9193854073993681
73.02958623085601         0.9194004488782133
73.44704349161344         0.919410492051232
73.9993910656134          0.9194107034651431
74.42935210695066         0.9194108873527553
74.9882889069367          0.9194091769082169
75.43677127134242         0.9194097060089059
75.98666799450729         0.9194080647536558
76.42782936332429         0.9194073459113871
77.02135639867714         0.9194050338518085
77.46056789808563         0.919400899100768
78.02338308213194         0.9193917453854179
78.46075874005152         0.9193916126680646
78.99498492127509         0.9193950159306538
79.39112415035277         0.9193953772327709
79.99273073616695         0.9193738740146911
80.45086680501265         0.9193675658283762
81.02224203457922         0.9193625383417507
81.46065278567045         0.9193545260748391
82.02085216524421         0.9193406243856143
82.46052223059792         0.9193288670431539
82.99366190831842         0.9193228782397157
83.39156668705658         0.9193115809726903
83.99137135937207         0.9192791810843575
84.44276629072874         0.919261074582128
84.99105836031458         0.919234564898842
85.46060442619762         0.9192162629854825
86.00955454147282         0.9191979520156823
86.45267276390007         0.9191751287633898
87.03934353718859         0.9191589274691737
87.44926522137337         0.9191396514564698
87.97237324519335         0.9190970997122362
88.54438952961164         0.9190771509658475
89.0270039971989          0.9190730238847913
89.43604602990285         0.9190417517152042
90.05287370054725         0.9190212785732351
90.44075791480816         0.919010336862931
90.98361585740713         0.9189652573055218
91.45561317221859         0.9189449685167361
91.9615635584542          0.9189212943399164
92.43944086785154         0.9189019947617754
92.97457731108403         0.9188737645431779
93.45204878335767         0.9188518846326335
93.98494554759816         0.9188300728808525
94.43810425388483         0.9187994415688692
94.97841903163771         0.9187757242492912
95.39639384410799         0.9187556434884554
95.99400128187733         0.9187086626824579
96.44287873649739         0.9186841320483954
97.02248489452461         0.9186560556374727
97.4233900579751          0.9186308792585949
98.05526000890058         0.9185987845687643
98.46066129239352         0.9185793301512915
99.01587840049876         0.9185317402028584
99.43062801729718         0.9185169179918953
99.98622496287459         0.9184834124169736
100.42366595032638        0.9184595238812804
101.02421174210622        0.9184268782667527
101.46084539255543        0.918402118746189
102.02330385825758        0.9183716938713102
102.46075987428901        0.9183455235433867
102.99485024070498        0.9183251556273502
103.3934355389132         0.9183003240371015
103.99273229019082        0.9182568864464011
104.45087309134544        0.9182275114300631
105.02421174116279        0.9181991804687931
105.46084539342212        0.9181701736147769
106.02330385772586        0.9181369996222125
106.46075987478451        0.9181077771119202
106.99393287741202        0.9180767321871652
107.40918929553163        0.9180486598816351
107.99418481503687        0.9180025356421048
108.44575184396928        0.9179681909622108
109.01961021913735        0.9179306505809643
109.45545478936049        0.9178959530401385
110.02161344345745        0.9178573221755555
110.4621978411709         0.9178211501993737
110.99139295335698        0.9177793093059236
111.43340506813934        0.9177507083727294
111.99138826141376        0.9177118873600502
112.43374698520773        0.9176793624450652
112.99217091170277        0.9176416570203431
113.43013755660166        0.9176128344758625
113.99105925744198        0.9175676481979181
114.45772257328576        0.9175347350290642
114.98838571323938        0.9174980911501333
115.42840765913456        0.9174663059803674
116.00746049229139        0.9174160750209246
116.45185533674328        0.9173799473965207
116.99726481429946        0.9173268378537256
117.45598356572953        0.9172813711392225
118.01019579787373        0.9172327375540693
118.46057008740331        0.9171845082510997
119.01227208302055        0.9171344640888668
119.47612937348174        0.9170888385893085
119.98891412817238        0.917042284493276
120.49045264078632        0.9169964700981968
120.98912886755318        0.9169589126596128
121.48652322026771        0.9169145255213982
121.99489805281843        0.9168755242283941
122.45772257328571        0.9168326726087374
122.99105925744135        0.916787922208057
123.45772257328565        0.9167513999514597
124.00748512454527        0.916701918375042
124.47607161348935        0.9166691196794152
125.00567693365804        0.9166282486088256
125.45998221559773        0.916594994624909
125.9910592574413         0.9165538655500549
126.45772257328565        0.9165168465984501
126.9910592574413         0.9164793393433613
127.45772257328565        0.9164399865542645
127.99030536194857        0.9164013112140187
128.44570676630042        0.9163658065653408
129.00359566118823        0.9163214743448125
129.4534121257425         0.9162896628368673
129.99105925744124        0.9162444907422248
130.45772257328548        0.9162110162825355
130.99105925744118        0.9161688823709488
131.45772257328542        0.9161365762037247
131.99039214618801        0.9160944959294847
132.447089958908          0.9160611213273457
133.00419098270714        0.9160180603577086
133.45320743369268        0.915985823718889
133.99105925744118        0.9159448202415373
134.45772257328537        0.9159095636085246
134.99105925744112        0.9158713961929402
135.46522164713684        0.9158377943283105
135.99073749441231        0.9157965624782358
136.47410927773865        0.9157656611809528
137.003622882777          0.9157250042405308
137.46154853982273        0.9156839652200999
137.9918567732954         0.9156408543924307
138.4929752989221         0.9156131946860482
138.99473745423546        0.9155755298933262
139.4538146761625         0.915539467155974
139.95386387732805        0.915498190269745
140.46656081234835        0.9154519250918615
141.003001476465          0.9154167443176408
141.46185398637033        0.9153751828127279
141.99105925744084        0.91532369695053
142.433384920952          0.9152782712359744
142.98390762666043        0.9152376637523432
143.42077785782863        0.9152115056886487
143.98618879583415        0.9151611017113459
144.44013027163578        0.9151172311120266
145.0074783973099         0.9150714720201751
145.46396865669317        0.9150267223801537
146.0481212198714         0.9149728779357558
146.47718696501317        0.9149480694102832
146.98998992116333        0.914895930453994
147.47711543361504        0.914853718130058
147.98568980092773        0.9148172781620256
148.44719763956607        0.9147671943343344
149.00338368812606        0.9147229088154912
149.45348500938383        0.9146820262801607
149.9910592574406         0.9146302304839429
150.45772257328497        0.9145911544958065
150.99105925744055        0.9145450109710626
151.45772257328497        0.9145004973824953
151.9903054387746         0.9144588727367408
152.44341216667215        0.9144196905878319
152.97399827626413        0.9143627618954583
153.4517395999476         0.9142942091918517
154.07351456049605        0.9142373174714292
154.46654445683254        0.9142096171831335
154.98833881835577        0.91413475584506
155.46544857437812        0.9140979175194952
155.96456428769648        0.9140549719842729
156.43842820470445        0.9140108681017858
156.99171105567615        0.9139552066494202
157.45464434529367        0.9139161147685333
158.00808025352183        0.9138585996909877
158.46393085365105        0.9138095285445945
158.98120587921227        0.9137635837772796
159.40950158234313        0.9137194772129149
159.9953750601752         0.9136610020746121
160.4564808099567         0.9136158649295467
161.00554060410195        0.9135641195274555
161.45669490125243        0.9135180442188182
161.99105925744027        0.9134680939140375
162.45399018518253        0.913428648503497
162.9712311137667         0.9133841108795206
163.44379740666716        0.9133276830293819
163.9938815939754         0.9132787281824566
164.4474124167793         0.913241170640843
164.99105925744027        0.913184630645387
165.4577225732845         0.9131387413149081
165.99105925744016        0.9130862916359306
166.4577225732845         0.913035600992238
166.99105925744016        0.9129828916276532
167.45772257328446        0.9129356019449679
167.99771248721186        0.912876589927428
168.46717196567005        0.9128296234532177
169.00887885421923        0.9127713395028201
169.46106783299285        0.9127244638782714
169.99105925744004        0.9126657412291028
170.45772257328434        0.9126177295434096
170.99105925744004        0.9125625627783462
171.4577225732843         0.9125155629879611
171.99105925743999        0.9124573824558451
172.4577225732843         0.9124098431606733
172.99105925744004        0.9123487167063342
173.45772257328417        0.9122996105640067
174.03122583178572        0.9122362840205653
174.4607388097162         0.9121893316855468
174.9910592574402         0.9121253242690841
175.45772257328395        0.9120738005187186
175.99105925744067        0.9120166464150844
176.47448715894006        0.9119635179330934
176.98860683610928        0.9119085462719235
177.44593867996826        0.9118569384470454
177.9888905438661         0.9118027418459608
178.4453295897589         0.9117558697796451
178.99105925744556        0.9117007313125767
179.4577225732869         0.9116507863546468
179.99105925744846        0.9115946675210667
180.45772257328952        0.9115452663979251
180.99105925745158        0.9114976084462246
181.45772257329259        0.9114490149149075
181.99105925745414        0.9114012442653434
182.45772257329554        0.9113520188717876
182.99105925745573        0.9113006536465911
183.46302576151322        0.9112529614890241
183.9764598930695         0.9112030259923817
184.4750327674921         0.911146379071556
184.98961512787236        0.9110944695478597
185.4651441120498         0.911044058676737
185.9984698620296         0.9109963535609442
186.4631048655463         0.9109476533982661
186.9917973327489         0.910889103020401
187.43600850353096        0.9108456131023549
187.99105925745567        0.9107829412191714
188.45772257329946        0.910734204769031
189.00838984652927        0.9106789531229755
189.45227993333896        0.91063414505156
189.99105925745545        0.9105759005874746
190.4577225732993         0.9105306107774642
191.0115867829914         0.9104814078754041
191.46180899975622        0.9104428336354891
191.99105925745533        0.9103874037496377
192.45772257329912        0.910344097229815
192.99105925745528        0.9102871606910894
193.44700099454377        0.9102524190070296
193.94364894125948        0.9102052675192275
194.47100401505998        0.910150877846334
194.98968217794413        0.9101023966671441
195.44115139780592        0.9100537872912591
195.99207127962995        0.9100006233299062
196.43781283168147        0.909958101134771
196.99105925745488        0.9099014274613134
197.45772257329878        0.9098530863547043
197.99446407745103        0.9098040292245517
198.44731104626146        0.9097606999424335
198.9859779688257         0.9097044830842443
199.4666256207592         0.9096596315993256
199.9700837088966         0.909606400076654
200.47902008678284        0.9095533901763282
200.97605275799407        0.909494433070331
201.4895841536494         0.9094315311618659
201.99105925745448        0.9093838940781717
202.45867568399456        0.9093388098241912
202.95700099290866        0.9092782558300241
203.46417292875935        0.9092234522642573
203.96624947013623        0.9091811516800452
204.4516156497309         0.9091283685032123
205.00794527596656        0.9090747350689818
205.46200164815673        0.909017447188792
206.01248896032837        0.9089670211472328
206.45626590927992        0.9089149213349289
206.99060430399345        0.9088618755591028
207.43406960082638        0.9088146584489128
207.9910592574539         0.9087543824842337
208.447892207201          0.9087078059937994
208.9438795819492         0.9086566391884942
209.45772257329764        0.9086025224491997
209.9910592574538         0.9085465315961345
210.45772257329753        0.9084984914736086
210.99105925745368        0.9084468497555424
211.45772257329747        0.908399379693462
211.99105925745368        0.9083448720162339
212.45772257329742        0.9082932739422283
212.9632528388849         0.9082289070995659
213.46088137311563        0.9081659158411187
213.99105925745351        0.9081198795202358
214.42231066866992        0.9080496885645499
214.9909850166482         0.9079761507739815
215.51155582076774        0.907917035655867
215.99265942463416        0.9078719988302063
216.4577225732972         0.9078252397175481
216.9865679625787         0.9077783617379552
217.41935107964173        0.9077374120317232
217.99046857204758        0.9076670669208393
218.45079875281192        0.9076209843400884
218.9777774542353         0.907566643865423
219.44265340149815        0.9075131923765101
219.991059257453          0.9074483510990913
220.45772257329685        0.9073952052064385
221.01496010875155        0.907340003969694
221.45505326387877        0.9072902661574895
222.03345849573827        0.9072327254314869
222.46276088654417        0.907193723737163
222.99105925745272        0.9071290502480546
223.45772257329656        0.9070881598928023
223.99105925745266        0.9070325438039722
224.45772257329645        0.9069930567419038
224.99105925745255        0.9069376676537816
225.4577225732964         0.9068901542405662
225.9910592574525         0.906835064866678
226.45772257329634        0.9067845311817326
227.02336440600004        0.906731925725194
227.4546591042003         0.9066870296361815
228.02251197131994        0.9066300628629227
228.4547399398383         0.906592004481583
228.9910592574522         0.9065299350409268
229.45772257329605        0.9064848721697658
229.99105925745215        0.9064301626690816
230.45772257329594        0.9063811577753944
230.99105925745204        0.9063205365429462
231.45772257329588        0.9062708275343945
231.99105925745198        0.9062111072700125
232.4577225732957         0.9061586517832381
232.99105925745192        0.9061018762205412
233.45772257329565        0.9060504632049358
233.9910592574518         0.9059915690422219
234.4577225732956         0.9059443054124148
234.9974074555343         0.9058909387055629
235.43766135995128        0.9058452306717166
236.01199700805358        0.9057787440851219
236.4592353722133         0.9057306861769212
237.00929284268585        0.9056680704831772
237.47202384467852        0.9056228427990771
237.9939420934283         0.9055608060434248
238.45436517661375        0.9055160961773436
238.9651077283189         0.9054620626567148
239.45772257329526        0.9054053126392683
239.99105925745135        0.9053516984852361
240.45772257329514        0.9053061032494566
240.99294687599627        0.9052539704438897
241.4324283799067         0.9052087327285098
241.99262298011558        0.9051414616348211
242.4747744573756         0.9050971583882053
242.98836463649786        0.905051179111545
243.47438469276665        0.9049999038136622
243.98165764849432        0.904948171214301
244.46182300211086        0.9048975338940226
244.97630314021956        0.9048495189161108
245.4692694250262         0.9047936442014826
245.99224363718412        0.9047401998440606
246.4577225732947         0.904691031660364
246.9910592574508         0.9046343626782831
247.46180157999743        0.9045902686547289
247.9913594618289         0.9045334338431291
248.45570697095985        0.9044894556189809
248.97298907946043        0.904443864135843
249.42430534973084        0.9043916972808549
249.9946918769271         0.9043318306381494
250.44387092555377        0.9042910885005162
250.9786997520049         0.9042277146795545
251.45519099118206        0.9041691729339238
252.0145895053069         0.9041103281838275
252.4392189753837         0.9040602551727066
253.0304734451194         0.9039997319936344
253.43750032824164        0.9039515254833923
253.98105226352862        0.903891849545961
254.3892581371278         0.9038514734425562
255.0208399425647         0.9037767252405547
255.45984561686288        0.9037321699513208
256.01426794908036        0.9036716284392519
256.4468072729809         0.9036233962325572
256.99105925744993        0.9035535837503939
257.4577225732937         0.9035014144554625
257.9910592574498         0.9034365233851928
258.45772257329367        0.9033826074872493
258.99105925744976        0.9033239894120633
259.4585808880951         0.903281465087832
259.9714129590841         0.903224114704901
260.45857231981216        0.9031706553041634
260.9716090818108         0.9031168193399911
261.4575577015956         0.9030530354666846
261.9826835761355         0.9029899205474077
262.4908140280381         0.902942122953736
262.99644904316625        0.9028841570312685
263.45772257329327        0.9028181274320539
263.99979064141326        0.9027579810746408
264.43412043941134        0.9027109925756648
265.0240396718987         0.9026415217218702
265.454575855097          0.902588292417962
266.0198130263592         0.9025204419334798
266.44574995121263        0.9024712640571314
266.97913889320245        0.9024001446631968
267.4612459913644         0.9023560773883282
267.95689404330346        0.9022994423239843
268.46214912426115        0.9022208058288452
268.9920472986279         0.9021609053675643
269.47794933283456        0.9021152605941394
269.9934642826674         0.9020532132042786
270.4739816458317         0.9020056744320565
270.9859611045398         0.9019502442663486
271.46928539052755        0.9018937326401084
271.98770219302406        0.9018372505718655
272.46720541803217        0.9017825153891901
272.98830607714024        0.9017270913119876
273.46460430096806        0.9016675875662767
273.98937596095834        0.9016070749043515
274.41941806726777        0.9015403121800394
274.99075825615466        0.9014714541626666
275.4258111724729         0.9014195849537079
275.9915306070181         0.90134646429111
276.45772257329224        0.9012928859552105
276.9910592574483         0.9012348145236834
277.4577225732922         0.9011763713725252
277.9910592574482         0.9011150071533279
278.4610583858416         0.9010605727461733
278.98010666417184        0.9010025989242721
279.457722573292          0.9009367445989701
279.99105925744806        0.9008697880638739
280.4647938937066         0.9008116006794797
280.9905504202415         0.9007411554899953
281.47253981505463        0.9006829825978471
281.99522034247263        0.9006219474561863
282.4388457864437         0.9005566675659094
282.9977811690259         0.9004872686798111
283.44661478442447        0.9004330098306528
283.99937025258373        0.900360052018538
284.4763659372411         0.9003100341875716
284.9844434674851         0.9002503285943401
285.4304424613059         0.9001776061085267
286.0493244917489         0.9000977995765608
286.44310990957894        0.9000541403381703
287.07463431354967        0.8999812824032545
287.4650703742021         0.8999365982492018
287.9910592574473         0.8998392775228989
288.4577225732912         0.8997824219279245
288.9910592574473         0.8997193153170029
289.4577225732911         0.8996609266447988
289.9966710511189         0.8996005913004711
290.4581459756832         0.8995442705579404
290.95768295384295        0.8994798260841887
291.45772257329094        0.8994064660385359
292.00869750939194        0.89934377502135
292.4479931365202         0.899278726431486
293.0029759079294         0.8991879186888698
293.43529195345303        0.8991155294531767
293.9979358145842         0.8990308848962248
294.45499909808956        0.8989747142268405
294.96463319854547        0.8989068192470725
295.4577225732906         0.8988465316291643
295.9910592574467         0.8987740869237723
296.4848415986596         0.8987235976421541
296.9792025527129         0.8986620350520527
297.4586411147657         0.8986039171486904
298.02668634685006        0.898532621612973
298.4608835739945         0.8984796736332655
299.0303906282406         0.8984331251955349
299.35883617978624        0.8984004038001796
299.9842771216024         0.8983048062811201
300.4578936986619         0.8982424136444199
301.0087384945772         0.8981904373067986
301.45238161911163        0.8981418864870456
301.99105925744624        0.8980786315522178
302.45772257329           0.8980246524056819
303.0040480719222         0.8979710602053973
303.4565260077548         0.8979192291498497
303.9979239795891         0.8978573738429169
304.44060533042955        0.8978094150370766
304.991059257446          0.8977295972997502
305.4577225732898         0.8976778957159088
305.9910592574459         0.8976001747173424
306.4577225732897         0.8975458412242847
306.9910592574458         0.8974727177625027
307.4408088423372         0.8974149468140867
307.9790944593595         0.8973437110168653
308.4521856405023         0.89729116442794
308.96699296960446        0.8972249447135432
309.47071683735925        0.8971697661276561
309.98484663986574        0.8971096349238659
310.47902221163355        0.8970551402190134
310.9868070265863         0.8970028503216461
311.46993506811333        0.8969489670605053
311.9865458035148         0.8968988315935488
312.4692323356454         0.8968478393695025
312.9868055170839         0.8967971702915847
313.4577225732892         0.8967447431677422
313.9910592574453         0.8966903556736779
314.45772257328906        0.8966422712106892
314.9910592574453         0.8965832620692445
315.45772257328895        0.8965330244502101
315.99105925744516        0.8964728478036208
316.45772257328895        0.8964214621331763
316.99105925744504        0.8963622143330724
317.45772257328883        0.8963092239808097
318.0009116562678         0.8962531391780947
318.4588644918367         0.8962009052135552
319.00449973144976        0.8961330342762801
319.4766655013185         0.8960761640647996
320.0079042678617         0.8960243190027539
320.45084971710116        0.8959737156682166
320.99223324379284        0.8959136563719312
321.44077913579906        0.8958594433850717
322.00331080666535        0.8958022803769211
322.4672152142314         0.8957551048041605
323.00690887768485        0.8956992444806285
323.46007892098453        0.8956464633917799
323.9959541102045         0.8955794393316623
324.4571360174866         0.8955302715920808
324.9803575170125         0.8954622793519419
325.482501646512          0.8954064432782176
325.9814232662693         0.895353134412918
326.47157611034595        0.8952944113904318
326.999995050042          0.8952428490787637
327.45912571218037        0.8951949794741081
327.99105925744414        0.8951367476565066
328.4577225732879         0.895085270946254
328.99105925744414        0.8950258802233316
329.4577225732879         0.8949731884308756
329.9910592574439         0.8949092320765611
330.4577225732878         0.8948590203413225
331.05333850886484        0.8948097936358925
331.4573060403469         0.8947647038990096
331.9870181967533         0.8946906952353726
332.4198834826253         0.894640457235244
333.0311769609357         0.8945681544979748
333.45198950045767        0.8945154927078065
333.99105925744357        0.8944360923412839
334.4723372471417         0.8943824936724624
335.0055770635339         0.894318707149467
335.48446140085673        0.8942592107868007
335.9913263919607         0.8942038619956527
336.45772257328724        0.8941425283275763
336.98778661102426        0.8941010240753842
337.4234049714215         0.8940480976118829
338.0096142068319         0.8939789042856271
338.45207146280075        0.8939227330675401
338.99105925744334        0.8938481043355128
339.4596408488402         0.8937960145656133
339.96929497301653        0.8937389774524725
340.46133390753585        0.8936704576715048
340.95223093950926        0.8935876073222145
341.47959471655577        0.8935053175028487
341.9946787733917         0.8934440312123684
342.5083359866695         0.8933849979058894
342.99702217867457        0.893346303571609
343.4485840732167         0.8932956760505991
343.96655951802074        0.8932222535949502
344.46533037658287        0.8931576471218512
344.9633002821947         0.8931041763347828
345.41366165772183        0.8930333858929815
345.9845343403092         0.8929580607207412
346.4334669288729         0.8928989267997666
347.00908091343683        0.8928278138748688
347.4497909496889         0.8927531219956778
347.9942221912702         0.8926508641348437
348.4764824758065         0.8925891631579634
349.0118031666832         0.892540083867125
349.4554819918566         0.8924870423294936
349.99105925744254        0.8923981906315355
350.45772257328633        0.8923341302913586
350.9853641050586         0.892280427670513
351.4235578115067         0.8922230366007143
351.99105925744243        0.8921343815200999
352.4577225732862         0.8920827748433742
352.99043790015673        0.8920193263143484
353.4387778602012         0.8919668844813138
353.9910592574423         0.8918880228905094
354.457722573286          0.8918276674615675
354.9880207349303         0.89175620415817
355.45547532505464        0.891694351835794
355.9771236623783         0.891643384998144
356.4338411566307         0.8915876730014686
356.9748366531687         0.8915239545781772
357.4299511681928         0.8914600523295153
357.99105925744186        0.8913766717400647
358.45772257328554        0.8913164211331258
358.9763357280294         0.8912546180003424
359.4598342149309         0.8911904804379729
359.99153452517555        0.89113531291375
360.4577225732854         0.8910754003598309
360.99105925744163        0.8910107302122718
361.4949515279427         0.8909576381383333
361.99385611164075        0.890898948242869
362.4582392226023         0.8908359279017535
362.9746451544254         0.8907703456871288
363.4690464427531         0.8907161887875936
363.98829201850674        0.8906473397915893
364.4577225732851         0.890589600441519
364.9910592574413         0.8905217178184457
365.4577225732851         0.8904715893795645
365.9910592574412         0.8904009854760552
366.45772257328497        0.8903466824195763
366.99105925744107        0.8902789356759259
367.45772257328485        0.8902218527030021
367.9888616641156         0.8901637834190883
368.43223795045344        0.8901133809865465
369.0159065640655         0.890050646372276
369.4551975251758         0.8899987760217978
369.99502927809556        0.8899250406708357
370.45626504833535        0.8898676894555531
370.9964539798316         0.8898137353885383
371.43391700985137        0.889758082114213
372.01744828586163        0.8896862751342127
372.4766193873602         0.8896372088688773
372.9922011700578         0.8895640105665615
373.4431211701974         0.889491710758479
373.99987295483663        0.889420941626637
374.45463222134515        0.8893622437263605
375.00470639668674        0.8892949636982785
375.43260538587003        0.8892468044452551
375.9920638680485         0.8891723990985135
376.4447363033495         0.8891128161313222
376.99138746544315        0.889037853403565
377.45772257328406        0.8889751900237159
377.99105925744027        0.888901364621649
378.45772257328406        0.8888344016079408
378.99105925744016        0.8887596453554809
379.45772257328395        0.8886831143681053
379.9935554320575         0.8886214844929753
380.4350863636929         0.8885558917778836
380.9928203511531         0.8884852130109155
381.4290748150669         0.8884281840468489
382.0167845895862         0.8883552650421755
382.44533098677573        0.888295981668438
382.9910592574398         0.8882045912914268
383.4577225732835         0.8881351064280234
383.99696692987675        0.8880681052269855
384.43765111043706        0.8880084886882914
385.02544920580226        0.8879365235113428
385.46102171364873        0.8878796818924501
386.01773089666995        0.887810603870871
386.4462144373746         0.887757686258482
386.9910592574395         0.8876701346131469
387.45772257328326        0.8876119089696792
387.9910592574395         0.8875408497041054
388.45772257328326        0.8874772678881748
388.99105925743936        0.8874057826553318
389.43974678311645        0.8873254857530734
390.01005075167086        0.88725047118092
390.45305276523413        0.8872051308687849
390.95840610166886        0.8871221544029687
391.48230994664755        0.887050608456094
391.96792328608706        0.886992775944048
392.484753473889          0.886930160564585
392.9784838838407         0.8868621577328818
393.48122303584137        0.8867898403735284
393.98012632180667        0.8867213481617354
394.45120253292134        0.8866517870081327
394.9517344793104         0.8865830326831119
395.4577225732827         0.8865092243419688
395.9856969630432         0.8864475216640672
396.431104183602          0.8863825387378251
396.98650438586776        0.8862912583072422
397.45954995870056        0.8862165502772098
398.0210422293195         0.8861499429675219
398.4608475887601         0.8860783300217233
398.99659286597546        0.8859926136891306
399.47282285220774        0.8859189701139396
399.99342745566696        0.8858513510695594
400.45542570115026        0.8857750380641878
400.99158663769606        0.8856986837188675
401.45772257328224        0.8856264239150262
401.99105925743834        0.8855525104416073
402.4577225732821         0.8854959178762662
402.99105925743834        0.885417064751838
403.457722573282          0.8853587933021423
404.0209709349833         0.8852938409280845
404.4568632700325         0.8852397992147703
405.06223071113163        0.8851685197856262
405.4561259021058         0.8851211432051143
405.9910592574379         0.8850246602408941
406.45772257328167        0.8849636168775997
406.9910592574379         0.8848941150025542
407.45772257328167        0.8848415226830009
407.9910592574379         0.8847692771702094
408.45772257328156        0.8847150754280129
408.99105925743777        0.8846396043022609
409.45772257328156        0.8845841320652118
409.99105925743777        0.8845158345155286
410.45772257328144        0.8844582176097016
410.99105925743766        0.8843863452635002
411.494990641952          0.8843320788029208
411.994046187762          0.884267374403782
412.4764221009774         0.8842075766689328
412.9840888523345         0.8841432661086821
413.4552285117287         0.8840825922342346
413.9890955308707         0.8840077001609727
414.45772257328144        0.8839486751885894
414.9910592574372         0.8838811055924681
415.4512035323081         0.8838243743763513
415.95738008429487        0.8837388485062446
416.48911318952116        0.8836638613325472
416.9559897582109         0.8835853776356483
417.43319929391964        0.8835004981744006
417.9783523656099         0.8834401508991429
418.44182908607877        0.8833831407447178
418.98668918309295        0.8833280708695654
419.4078077431692         0.8832735339177672
420.01491353441713        0.8831775049560666
420.44112385142716        0.8831087318895995
421.03763277655275        0.8830013831687498
421.434004901776          0.8829372096804908
421.99618762903765        0.8828026413599512
422.4577225732935         0.8827390000693196
422.98797036034057        0.8826330474739185
423.4986856615151         0.8825533536041694
423.99120145630366        0.8824905539913666
424.43106287470687        0.8824146819754092
424.97216214586194        0.8823380036041589
425.4499756834417         0.8822613033888803
426.00051121723914        0.8821860256235943
426.4588213605523         0.8821285957464159
426.9721343995059         0.8820530317896735
427.4605332436655         0.8819916910235015
427.97963269519823        0.8819171977100398
428.43195022803377        0.8818491391717223
428.983750907992          0.8817767823656629
429.4408724664461         0.8817079661952565
429.9952584579994         0.8816326035830057
430.46494785813206        0.8815777286361928
430.9915957280506         0.8815096250058789
431.4579158931439         0.8814424180334188
431.9829480678993         0.8813949017906656
432.40704806437475        0.8813348007280075
432.9883850539354         0.8812626482514315
433.4266347020923         0.8812026349601512
434.0103865582016         0.8811297124553137
434.4572261648053         0.8810759141908852
434.9905767433388         0.8810014032541641
435.458702733634          0.8809411051143943
435.9859972493299         0.8808657012547874
436.45078245306934        0.8808066705264499
436.97630133460177        0.8807441053853698
437.4615946974051         0.8806745642020644
437.99105925744993        0.8806011807268208
438.4577225732934         0.8805416735496809
438.99105925744993        0.8804765537519803
439.4577225732934         0.8804167974920736
439.99105925744993        0.8803520573920218
440.45772257329327        0.8802959675149131
440.9910592574498         0.8802282843714342
441.45772257329327        0.8801718930467857
441.9931477094408         0.8801056259138423
442.46557166363425        0.8800506916448363
442.9713073530504         0.8799880541588767
443.48021739393596        0.8799259449760278
444.01196163234715        0.8798635440853093
444.46295071686336        0.879798679069206
444.9901830886389         0.8797309488273376
445.4583522396928         0.8796764594678641
445.97873801601054        0.8796147327593596
446.45772257329304        0.8795499971299994
446.9910592574497         0.8794819619649846
447.4440071966976         0.8794245466986395
447.9958703380822         0.8793568047771689
448.4395379118132         0.8792969261739607
448.97491747029983        0.879220347218457
449.4560161927013         0.8791593749162888
449.99541194157837        0.87908824089064
450.4676477385498         0.8790248104105474
450.9919838360721         0.8789588122926543
451.4762819686416         0.8788997791827944
451.9929359850029         0.8788393661729085
452.4577225732928         0.8787734417257109
452.9910592574495         0.878703072046326
453.4577225732928         0.8786415089422566
453.99105925744936        0.8785688874840369
454.4577225732928         0.8785092435482984
454.99105925744936        0.8784412666445798
455.4577225732928         0.8783803530199068
455.9705545001889         0.8783096022790547
456.44152705683746        0.8782447418501288
457.0172127602103         0.8781854515565659
457.4612337644886         0.8781275602706783
457.99105925744925        0.8780450985140372
458.4577225732926         0.8779824603941035
458.99105925744925        0.8779107493670797
459.4577225732926         0.8778464254926577
459.99105925744914        0.877770498766265
460.4577225732926         0.8777066488802883
460.99105925744914        0.8776267354165038
461.4577225732926         0.8775590835639075
461.991059257449          0.8774769812497738
462.45498487885175        0.8774101883495841
462.98531758692366        0.8773494461673242
463.4471077381529         0.8772824732623983
463.9958965077352         0.8772010264463523
464.4506931626938         0.8771319524110093
464.9846106508503         0.8770414778046779
465.4591747517733         0.8769614026183783
465.9908082409962         0.8768715936886478
466.45763768756535        0.8768037981617659
466.97061977168664        0.8767303297473908
467.4529163667679         0.8766446863873312
467.9892242457008         0.8765628809906039
468.45308229799593        0.8764891833045869
468.99249897338746        0.8764018049519408
469.48311749895356        0.8763318729770413
469.98487496756013        0.8762461100341845
470.4740958001712         0.8761576105102213
470.9910592574487         0.8760734359367971
471.457722573292          0.8759950907221896
471.9910592574487         0.8759008107244134
472.457722573292          0.8758099150823545
472.99105925744857        0.8757140183804952
473.457722573292          0.8756317604693807
473.99105925744846        0.8755465650070787
474.457722573292          0.8754798625293947
474.99105925744857        0.8753970513300899
475.457722573292          0.8753273878531923
476.0123217841858         0.8752539794575896
476.45671961248433        0.8751896176811713
476.9944201730825         0.8751000453353341
477.46263751494007        0.875033292811559
477.99105925744857        0.8749520579782648
478.4577225732918         0.8748908415169703
478.99687793717953        0.8748121648036461
479.45716980558007        0.8747449973094505
479.99105925744846        0.8746725876732921
480.4577225732918         0.8746055422662478
480.99105925744834        0.8745259150706394
481.4577225732919         0.8744567000954906
481.99105925744834        0.8743687382618851
482.4577225732918         0.8743024086578384
482.99105925744834        0.8742039683320455
483.4577225732918         0.874131163317144
483.99105925744834        0.8740347244466657
484.4577225732917         0.8739594948977143
484.99105925744834        0.8738779082725733
485.4577225732917         0.8737986639374525
485.9910592574482         0.8737151913606003
486.4577225732917         0.8736330137275
486.9910592574482         0.8735531269777531
487.4577225732917         0.8734744192827943
487.9910592574482         0.8734051266603056
488.4577225732917         0.8733332297853513
488.9910592574482         0.8732612428792441
489.46144892169104        0.8731951414142638
489.9780721937566         0.8731234651126945
490.4876783722236         0.8730539463895868
490.9942777863696         0.872982427490115
491.4823244265332         0.8729172038588295
491.9937025445246         0.8728431423244318
492.45772257329145        0.872774208281567
492.991059257448          0.8726968367941332
493.45772257329145        0.8726289391659532
493.9910592574479         0.8725460005648651
494.45772257329145        0.8724637390210465
494.9987126098729         0.8723755585560609
495.48126206609527        0.872307666215191
496.00308000833616        0.8722421052945107
496.47824939247255        0.8721736191838796
497.0083874643361         0.8721071197686759
497.45873403029816        0.8720455531910853
497.9716619153571         0.8719762160847228
498.4607039710685         0.8719007257219278
498.9814094217264         0.8718294310716092
499.4667573387568         0.8717702728628076
499.9681441425232         0.8717010403576988
500.4577225732912         0.871613265989905
501.00078831845565        0.8715425757097995
501.45239774033007        0.8714945055152461
502.00763660773055        0.8714096222948948
502.46134217384963        0.8713352107418414
503.01144574127807        0.8712512217889089
503.4609830196056         0.8711971798805798
503.99105925744766        0.8711148905702444
504.4577225732911         0.8710546484847601
504.99021170544734        0.8709808053928433
505.4312813211973         0.8709214669996828
505.99018003405706        0.8708348055987045
506.4302932624039         0.8707779919661355
507.04416159733           0.8706951240594185
507.45405137617115        0.870640073942174
507.99105925744755        0.870545651527871
508.45772257329077        0.870479409507507
508.9969164934639         0.8703983456678516
509.4661551879208         0.8703275965803557
509.9993867760834         0.8702496653775558
510.45829763851543        0.8701852857780087
510.9806417274251         0.8701033187323006
511.46148106531996        0.8700295110944548
511.9902689465622         0.869948670331886
512.4467872645657         0.8698745568893294
512.9910592574472         0.869799502085372
513.4577225732907         0.869726732835027
513.9910592574472         0.869658979160261
514.4577225732905         0.8695898028960443
514.9910592574472         0.8695186099436405
515.4577225732905         0.8694493441491222
515.9910592574471         0.869378397287805
516.4577225732905         0.8693062051629072
516.9910592574471         0.8692329354894643
517.4577225732907         0.8691616407347764
517.991059257447          0.8690869951006792
518.4577225732908         0.86902260153856
518.9910592574468         0.8689475142184173
519.4577225732912         0.8688880278057414
519.9910592574462         0.8688105112015428
520.4577225732921         0.8687461178791095
520.9956348543578         0.8686787697341426
521.4437325956216         0.8686157195120445
521.99176886079           0.8685325805170265
522.4494855150317         0.868467923279073
522.9910592574354         0.8683777062009648
523.4577225733119         0.8683101440277152
524.0311494115952         0.8682424176197158
524.4622917347563         0.8681809193833306
524.9925515436234         0.8681042590777638
525.4196617199929         0.8680448632409437
525.9887840144338         0.8679476199923141
526.4426016151193         0.8678847601742045
526.9892434113901         0.8677964029686281
527.4456965688737         0.8677285712044573
527.991059257063          0.8676504413411102
528.4577225740385         0.8675810099532839
528.9910592567771         0.8675061722160629
529.4577225747737         0.8674322240720719
529.9910592563687         0.8673593155718593
530.457722576392          0.8672767817985014
530.9910592559526         0.8671943874800795
531.4577225803705         0.8671188675759902
531.9984203774009         0.8670428806945011
532.4111727582616         0.8669558804945524
533.0338876746773         0.8668496215987055
533.4364504774302         0.8667804625972174
534.0701004673995         0.8666882076652396
534.4685379573033         0.8666356642543803
534.9887058904123         0.8665376107693239
535.4540477904868         0.8664932300441344
535.9516761181507         0.8664205031360858
536.4583759440968         0.8663338504256943
536.9676175214072         0.8662555041165999
537.4577244228374         0.8661582516426041
537.9910598664987         0.8660725769104682
538.4196476755858         0.8659568075361688
538.9854066497752         0.8658532009222698
539.4577285366526         0.8657844004963575
539.991060897198          0.8656870024851638
540.4577313063279         0.8655969338422935
540.9910614719724         0.8654962707449914
541.45773406881           0.8654130834459821
541.9910620125181         0.8653075591653517
542.4577367051224         0.8652297174313194
542.9910625427842         0.8651085251674977
543.457739312311          0.8650292669577494
543.9910630701147         0.8649326242740264
544.457741839117          0.8648578318951493
544.9910635420827         0.8647733452379053
545.4577440573742         0.8647040017811505
545.989767116746          0.86462343073734
546.4305201374336         0.8645602931461063
546.9910643764684         0.8644711437129577
547.4577484054481         0.8644022431988856
548.0023922292677         0.8643130860191803
548.4599249542327         0.8642464368315581
548.9910658955234         0.8641705074927472
549.4577563480341         0.8641031754428026
549.9919366573951         0.8640291709310561
550.4356561807231         0.8639676627518925
550.9903303054085         0.8638827559048317
551.438851318575          0.8638187369172095
551.9961878650195         0.86373060055774
552.456495205387          0.8636595321447618
553.0423324488709         0.8635718930156074
553.469073818188          0.8635029092176798
554.0087399154105         0.8634186773656553
554.4795775399766         0.8633374535068326
554.9910685328197         0.8632654416947676
555.4529513396915         0.8632036482820686
555.9582965890979         0.863131075791727
556.4767285144405         0.863043672151512
556.9899068596818         0.862962099758245
557.474603929211          0.8628803019442015
557.9851343413543         0.8627914971293483
558.4413800050716         0.8626984624801991
558.9897334737741         0.8626041368382921
559.4390115966843         0.8625143605929185
560.0151426835221         0.8624082868400353
560.4444382031877         0.862315410985733
561.0034667304111         0.8622152658207232
561.4633524678923         0.8621272987742904
561.9917328171359         0.8620362419918316
562.4578094394791         0.8619551501008758
562.9910768523647         0.8618489900579857
563.4467217046349         0.8617626350906902
564.0453614615795         0.8616754793719953
564.4506636167316         0.8616082708446338
565.0036333204607         0.8615076569504663
565.4257578266034         0.8614410907511182
566.0098826621257         0.8613378055656478
566.4448772143933         0.8612615910184822
567.0121429089144         0.8611653364728645
567.4416161670313         0.861078011796095
567.9836508918469         0.8609814167558815
568.4756980633715         0.8609163934666632
569.0123968663258         0.8608404208146503
569.4632119275623         0.8607699961257125
570.0055476913071         0.860675263915491
570.4455594101527         0.8606047665320171
570.9909476198893         0.860515253312099
571.4545469750566         0.8604477416605364
571.9970045256962         0.8603546009744192
572.457497945152          0.8602874002467907
572.9868486833246         0.8602066974094368
573.4501166369712         0.8601190484071655
574.005266511833          0.8600433026664467
574.4064999724906         0.8599851719846132
574.9788234787009         0.8598899478339399
575.4319620593694         0.8598198214891505
575.98494969788           0.8597315539357231
576.457795492538          0.8596545187559985
576.9835683502274         0.8595822915861085
577.4584842524241         0.8594958563200914
577.9832401999163         0.859420322925195
578.479364770782          0.859350468268139
578.9788398000652         0.8592748567289331
579.4572477627056         0.8591833855366899
579.9805126381489         0.8591017258702299
580.4500438865483         0.8590306018342887
580.9691444885541         0.8589542756390379
581.4303123808617         0.8588810352647754
581.9765240954404         0.8587854919216201
582.4581063196042         0.8587039656672621
583.0155245033968         0.8586133826174728
583.4670027994371         0.8585444632166872
583.9738356593684         0.8584695102823289
584.3979218590408         0.858401454133186
584.9760088976125         0.8582986674219687
585.4569913065037         0.8582308147123997
585.9700095300987         0.8581512024301624
586.4564919980884         0.8580823625443114
586.983344936607          0.8579987497203305
587.4580066666514         0.8579249496506428
587.9798510402017         0.857839600588761
588.4718567742776         0.8577593509225938
588.9868070622176         0.8576778545288153
589.4555148372322         0.8576206353462288
589.963476451297          0.8575350428016503
590.4573921978158         0.8574412591529359
591.0226538964513         0.8573481158958182
591.4725609571437         0.8572993695461568
591.9837448047282         0.8572168744859079
592.4857333386318         0.8571392641616464
592.9688109239257         0.8570638503637522
593.3987814543907         0.8569745629309913
593.8978544789409         0.8568837408715033
594.3913505793045         0.8568232820643411
594.7513375917949         0.8567259510253921
595.044785577671          0.8566805421930148
595.5244451849285         0.8565367355532688
595.864499952195          0.8564024396118373
596.6434387703108         0.8563234404991645
596.7031293030346         0.8562865272351727
596.7408948606328         0.856289313012704
597.5202287523113         0.8557600181652836
598.1918919646375         0.8557051655530247
598.3360141741744         0.85560106778758
598.4713862626388         0.8556110857298447
599.1240553110965         0.8551892948780192
599.7263648476633         0.8553020661408541
600                       0.8551814370145381
