0.909726372
0.909862721
0.911166736
0.912363239
0.912638487
0.912876688
0.914027771
0.915020178
0.915110976
0.915297922
0.916147732
0.916399978
0.91719273
0.917616016
0.918235073
0.918502696
0.919137154
0.919633308
0.920238637
0.920711958
0.92141323
0.921828067
0.922569803
0.92304845
0.92364546
0.924127347
0.924651259
0.92506392
0.925619135
0.926057316
0.926521096
0.926938456
0.927393226
0.92776261
0.928201994
0.928552229
0.928965529
0.929308334
0.929682461
0.929967526
0.930374499
0.93068243
0.931031248
0.931304245
0.931633142
0.931906438
0.932210187
0.932466899
0.932754606
0.932999184
0.933268222
0.933496776
0.933754299
0.933967022
0.934211649
0.934414841
0.934642297
0.934833272
0.935046744
0.935228011
0.935426338
0.935597237
0.935781096
0.935936051
0.936122577
0.936275522
0.936442494
0.936587546
0.936740983
0.936877338
0.937025418
0.937157488
0.937281998
0.937404577
0.937533002
0.937644387
0.937781688
0.937882705
0.93800359
0.938105256
0.938206794
0.938298649
0.938397901
0.938481145
0.938569557
0.938649577
0.938730859
0.938805199
0.938883467
0.938946934
0.93901759
0.939078422
0.939147528
0.939189817
0.939259409
0.939301395
0.939355983
0.939402192
0.939453632
0.939493763
0.939537559
0.939578469
0.939618218
0.939650118
0.93968737
0.939716258
0.939749005
0.939774968
0.93980497
0.939828925
0.939856219
0.93987974
0.939902415
0.939920918
0.93994015
0.939956271
0.93997188
0.939990593
0.940003126
0.940013652
0.940023032
0.940031279
0.94003998
0.940044435
0.940050361
0.940059725
0.940063544
0.940063467
0.940065341
0.940064909
0.940064442
0.940060435
0.940055727
0.940052088
0.940044768
0.940039552
0.940037698
0.940031247
0.940019303
0.940010526
0.93999955
0.939985358
0.939977835
0.939971352
0.939957672
0.939949361
0.939932751
0.939920909
0.939904719
0.939888696
0.939877362
0.939869967
0.939856021
0.939845111
0.939827942
0.939814564
0.93979803
0.939781944
0.939762064
0.939743047
0.939719691
0.939706343
0.939689095
0.939676929
0.939649644
0.939633756
0.939615093
0.93959891
0.939575464
0.93955712
0.939540982
0.939523344
0.939494233
0.939470014
0.939443172
0.93942124
0.939395576
0.93937081
0.939344466
0.939321638
0.939282287
0.939258217
0.939241068
0.939211463
0.939182142
0.93916419
0.939128326
0.939102043
0.939078848
0.93905502
0.939024199
0.939002007
0.938974054
0.938948094
0.938921809
0.938903745
0.938868536
0.938843664
0.938815993
0.938791345
0.938758396
0.938736275
0.938699518
0.938683151
0.938650269
0.938625387
0.938591089
0.93856732
0.938529036
0.938504638
0.938479242
0.938456836
0.938416001
0.938388426
0.938358812
0.938332347
0.938295646
0.938267518
0.938237272
0.938210289
0.938171714
0.938144028
0.938114212
0.938086856
0.938051341
0.938023225
0.937987915
0.937960604
0.937928931
0.937901514
0.937868619
0.937841272
0.937802375
0.93777288
0.937743019
0.937715629
0.937678773
0.937651281
0.937615356
0.937586814
0.937554147
0.937525496
0.93748989
0.9374631
0.937426697
0.937397624
0.937367818
0.937333688
0.937301336
0.937267133
0.937232952
0.937204241
0.937167653
0.937137625
0.937106093
0.937077848
0.937040941
0.937010589
0.93697679
0.936945836
0.936912738
0.936881687
0.936846716
0.936816317
0.93677755
0.936747521
0.936711608
0.936681052
0.936645819
0.936614458
0.936578137
0.93654792
0.936508992
0.936475286
0.936439114
0.936407617
0.936372454
0.936341659
0.936307228
0.936269493
0.936230493
0.936201611
0.936168156
0.936135902
0.936096657
0.936056646
0.936022565
0.935986871
0.935941576
0.935902652
0.935869619
0.935842966
0.935792095
0.935754481
0.935706027
0.935665429
0.935624029
0.935596772
0.935554491
0.935519319
0.935480798
0.935439295
0.935392755
0.935354136
0.935310261
0.93527429
0.935233657
0.935199546
0.93515675
0.935122378
0.935071829
0.935019953
0.934978599
0.934948109
0.934897967
0.934860008
0.934823995
0.934789871
0.934747382
0.93471418
0.934669474
0.934635342
0.934600672
0.934571116
0.934525458
0.934492756
0.934455198
0.934422192
0.934385551
0.934353515
0.934317752
0.934278267
0.934235083
0.934202864
0.934153688
0.934117154
0.934080709
0.934043395
0.934006202
0.9339714
0.933929459
0.933897063
0.933857051
0.933824968
0.933783272
0.933750039
0.933713325
0.933680904
0.933644013
0.933610107
0.933569755
0.933535209
0.933500835
0.933468412
0.933424942
0.933387911
0.933350298
0.933312048
0.933275637
0.933241915
0.93320069
0.933169868
0.933126794
0.933095195
0.933051892
0.93301898
0.932983776
0.932950381
0.932914929
0.932880713
0.932844579
0.932812886
0.932777331
0.932739645
0.932704092
0.932667905
0.932635158
0.932599139
0.932559164
0.932529105
0.932484548
0.932450686
0.932414144
0.932381455
0.932337633
0.932302413
0.932264422
0.932229295
0.932184409
0.932148327
0.932105187
0.93207552
0.932039353
0.931996982
0.931962865
0.931927712
0.931885777
0.931853033
0.931807876
0.931769824
0.931731291
0.931698892
0.93165601
0.931624943
0.931585524
0.931546129
0.93149914
0.931451511
0.931418085
0.931387057
0.931335717
0.931296422
0.931269159
0.931230796
0.931189676
0.931150912
0.931111895
0.931077942
0.931038191
0.931001353
0.930955933
0.930920735
0.930884615
0.930842104
0.93080099
0.930768408
0.930727131
0.930693325
0.930650511
0.930613984
0.930565234
0.930523484
0.930483748
0.9304403
0.930385622
0.930356891
0.930321019
0.930281533
0.930247581
0.930214444
0.930166548
0.930133286
0.93009576
0.930057955
0.93001177
0.929974531
0.929935329
0.929901373
0.929859742
0.92982825
0.929782275
0.929748085
0.929706024
0.929670958
0.929626906
0.92959068
0.929543151
0.929506195
0.929462206
0.929427902
0.929383643
0.929350426
0.929304785
0.929267074
0.929226872
0.92918869
0.929147581
0.929110851
0.92907253
0.929035432
0.928995167
0.928956536
0.928913837
0.928874459
0.92883929
0.92880052
0.928755256
0.928717416
0.928674128
0.928642508
0.928597652
0.928563156
0.928522671
0.928479908
0.928435639
0.928398833
0.928356707
0.928321461
0.928264419
0.928231359
0.928199228
0.928158769
0.92811481
0.92807201
0.928031302
0.927986395
0.927942539
0.927896169
0.927848605
0.927810309
0.927761376
0.927726671
0.927688929
0.927649685
0.927599331
0.927563958
0.927513117
0.927468585
0.927423809
0.927384657
0.927336887
0.92730253
0.927256832
0.927224711
0.927170353
0.927134573
0.927090771
0.927053301
0.926999855
0.926960728
0.926912895
0.926869544
0.926826142
0.9267864
0.926744596
0.926697239
0.926655656
0.926604914
0.926558606
0.926518916
0.926476054
0.926428995
0.926388574
0.926352992
0.926302394
0.926263046
0.926214096
0.926182431
0.926127925
0.926088851
0.926044458
0.925995544
0.925950047
0.925911295
0.925868145
0.925830964
0.925790326
0.925751073
0.925707468
0.925665969
0.925622166
0.925580958
0.925540845
0.925503758
0.925452063
0.925420463
0.925360942
0.925323718
0.925280506
0.925240777
0.925196632
0.925160867
0.925117339
0.925075446
0.925026405
0.924988085
0.924944925
0.924904568
0.924865349
0.924823921
0.9247742
0.924734728
0.924677803
0.924640642
0.924585873
0.92453343
0.924477232
0.924447469
0.924397256
0.924363615
0.924305775
0.924263126
0.92421225
0.924170409
0.924112381
0.924076148
0.92403855
0.923982348
0.923941679
0.923894
0.923841575
0.923786789
0.923733097
0.923700034
0.923649591
0.923600336
0.923548391
0.923512865
0.923463685
0.923413011
0.923356608
0.923309719
0.923265727
0.923242058
0.923182345
0.923133189
0.923087046
0.923051689
0.923002764
0.922963579
0.922919922
0.922883299
0.922842107
0.92280635
0.922758202
0.922719071
0.922674168
0.922632698
0.922585795
0.922542372
0.922498113
0.922454412
0.922411488
0.922371729
0.922329554
0.922289612
0.922247384
0.92220635
0.922162328
0.922122826
0.922078868
0.922037506
0.921991946
0.921952666
0.921906684
0.921866132
0.921818715
0.921780292
0.921730283
0.921691437
0.921643732
0.921604439
0.921548281
0.921505694
0.921467011
0.921426621
0.921379453
0.921336259
0.921283417
0.921247377
0.921199875
0.921157184
0.92110716
0.92106457
0.921014772
0.920970777
0.920926174
0.92087808
0.920838448
0.920800219
0.920752218
0.920711713
0.920663535
0.920623135
0.920571962
0.920530761
0.920492854
0.920458029
0.920403695
0.920365762
0.920310958
0.920274633
0.920217915
0.92017756
0.920130757
0.92008679
0.92004017
0.919997491
0.919960182
0.919922931
0.919871892
0.919831429
0.919779557
0.91974199
0.919696131
0.91964615
0.9195918
0.919537395
0.919485655
0.919438941
0.919402241
0.919362247
0.919312121
0.919261808
0.91921716
0.919163966
0.919104475
0.91906463
0.919013208
0.918966907
0.918906465
0.91886383
0.918822241
0.918783763
0.91872743
0.918683629
0.918635807
0.918594706
0.91853303
0.91849143
0.918440445
0.918399427
0.918341082
0.918295237
0.91823267
0.918186461
0.918147116
0.918105395
0.918057715
0.918009266
0.917949337
0.917904587
0.917842579
0.917797992
0.917748113
0.917695626
0.917645658
0.917607905
0.917559485
0.917511156
0.917462981
0.917413952
0.91736123
0.917312604
0.917264845
0.917219961
0.917169513
0.917124374
0.917072633
0.917024536
0.916970583
0.916925202
0.916872689
0.916826756
0.916770213
0.916725013
0.916670403
0.916623312
0.916561999
0.916518378
0.916457267
0.916405289
0.916353953
0.91630516
0.916251206
0.916204073
0.916146137
0.916100359
0.916045637
0.915993964
0.915945824
0.91589995
0.91584999
0.915805027
0.915756371
0.915714026
0.91565669
0.915613966
0.915555484
0.915517855
0.915461059
0.915421209
0.915374705
0.915337051
0.915283342
0.915245184
0.915195623
0.915156311
0.915099915
0.915054591
0.915006297
0.914958273
0.914907487
0.914854752
0.914801754
0.914757226
0.914697935
0.914648308
0.914611684
0.914566873
0.914522657
0.914472546
0.914423116
0.914374017
0.914323934
0.914273213
0.914232171
0.914194873
0.914132575
0.914089918
0.914045571
0.914006037
0.913949217
0.913910086
0.913862898
0.913817058
0.913764679
0.913722247
0.913667535
0.913625261
0.91356418
0.913519177
0.913464819
0.91341851
0.913366163
0.91333097
0.913270694
0.913222466
0.913176041
0.913130327
0.913081329
0.913032774
0.912983975
0.91293412
0.912884043
0.912836015
0.912787103
0.912741874
0.912694485
0.912645884
0.912596921
0.912548447
0.9124942
0.912450683
0.912396044
0.912357038
0.912297932
0.912240391
0.912177806
0.912113499
0.91206791
0.912025347
0.911979309
0.911938339
0.911874974
0.911821345
0.911756263
0.911715102
0.911640908
0.91159991
0.911514946
0.911455032
0.911405586
0.911351741
0.911304005
0.91124623
0.911189745
0.911148557
0.91108972
0.911043978
0.91098471
0.910931909
0.910871995
0.910815898
0.910745203
0.910706472
0.910649988
0.910601556
0.910557694
0.910513509
0.910454023
0.91041084
0.910352263
0.910308044
0.91025014
0.910201136
0.910147154
0.910103765
0.910058532
0.910002219
0.909948926
0.909903657
0.909852502
0.909806579
0.909753971
0.909708097
0.909655405
0.909605882
0.909550696
0.909505815
0.909455536
0.909405471
0.909356396
0.909304386
0.90925056
0.909206376
0.909157008
0.909104259
0.909052054
0.90900386
0.908951772
0.908906745
0.90884885
0.908799582
0.908742306
0.908694875
0.908643
0.908597325
0.908546418
0.908494578
0.908440799
0.908390327
0.908334099
0.908289309
0.908229256
0.908182789
0.908123059
0.908074703
0.908022003
0.907976413
0.907915625
0.907866369
0.907811289
0.907763736
0.90770767
0.907658166
0.907603453
0.907551759
0.907489836
0.907441817
0.907397018
0.907348481
0.907287661
0.907241427
0.907176613
0.907120202
0.907058509
0.907013
0.906962524
0.906904865
0.906849319
0.906801206
0.906741765
0.906692723
0.906638164
0.906575898
0.906528348
0.90648261
0.906426772
0.906379769
0.906323607
0.90627644
0.906216953
0.906167255
0.906100084
0.906049485
0.90599817
0.905952944
0.905888741
0.905840638
0.905786068
0.905737049
0.905682414
0.905634263
0.905581044
0.905530953
0.905478028
0.90542776
0.905374837
0.905325506
0.905271581
0.90522186
0.905165983
0.905114154
0.905059063
0.90500786
0.904952564
0.904900809
0.904842681
0.904796084
0.904736738
0.904688246
0.904627422
0.90458209
0.904527891
0.904476977
0.904425129
0.904369902
0.904317157
0.904258491
0.90420044
0.904147801
0.90408424
0.904029903
0.903963881
0.903916429
0.903863791
0.903810872
0.903755545
0.903705442
0.903641866
0.903579512
0.903519496
0.903469039
0.903412536
0.903345642
0.903294749
0.903256247
0.903191993
0.903135241
0.903070212
0.903023747
0.902958764
0.90291028
0.902855596
0.902809648
0.902745249
0.902693812
0.902630749
0.902581515
0.902506328
0.902453908
0.902396184
0.902341452
0.902283299
0.902232588
0.902165501
0.902109807
0.90206067
0.902010281
0.901946555
0.901894908
0.901836878
0.901785851
0.901728073
0.901676111
0.901617314
0.901565196
0.901505718
0.901454196
0.901397046
0.901344552
0.901285494
0.901232397
0.901172084
0.901118069
0.901062483
0.901010374
0.900939804
0.900888393
0.900813826
0.900759549
0.900706702
0.900659204
0.90060093
0.900552247
0.900475725
0.900423241
0.900357138
0.900305381
0.900239822
0.900184164
0.900125249
0.900068273
0.900006801
0.899947672
0.899879907
0.899822127
0.899765757
0.899702363
0.899621649
0.899564457
0.89949219
0.899450703
0.899369667
0.899325273
0.899269965
0.899205026
0.899147253
0.899076999
0.899014731
0.898940864
0.898867993
0.898832631
0.898768166
0.898718993
0.898658564
0.898609752
0.898548943
0.898499773
0.898436692
0.898386746
0.89832318
0.89827082
0.898211362
0.898159329
0.89810751
0.898059366
0.897984246
0.897932375
0.897872376
0.897819804
0.897755439
0.897699918
0.897646399
0.897593593
0.897527504
0.89747215
0.897397278
0.897337014
0.897274425
0.897218101
0.897138521
0.897074186
0.897014171
0.896968161
0.896908167
0.896845599
0.896780546
0.89672278
0.896662751
0.896597521
0.896532842
0.89647728
0.896409385
0.896349085
0.896266874
0.896216982
0.896150534
0.896095838
0.896017731
0.895955773
0.895905065
0.895855429
0.895783762
0.895727465
0.895656337
0.895600964
0.895528076
0.895462702
0.895383057
0.895330307
0.895276054
0.895212716
0.895141167
0.895086777
0.895010318
0.894954162
0.894882735
0.894828146
0.894757451
0.894687136
0.894635394
0.894595772
0.894519568
0.894467981
0.894397472
0.894336964
0.894276567
0.89421412
0.894150203
0.894099536
0.894039407
0.893969775
0.893901891
0.893848933
0.89378754
0.893733548
0.893655821
0.893588372
0.893520155
0.893472688
0.893416999
0.893365889
0.893284373
0.893226194
0.893167093
0.893097275
0.893035259
0.892970986
0.892901634
0.892837018
0.892776953
0.892720798
0.89265494
0.892578529
0.892508604
0.892461575
0.892393991
0.89233209
0.892269889
0.89220499
0.892135186
0.892084854
0.891998721
0.8919611
0.891870997
0.891752597
0.891678367
0.891653995
0.891653781
0.891305294
0.891281428
0.891202032
0.891199639
0.890839121
0.890897753
0.890795197