0.894357468
0.894502319
0.895887602
0.897166978
0.897461201
0.897717413
0.898955535
0.900028585
0.900126833
0.900329922
0.901253369
0.901528941
0.902394763
0.902858563
0.903538676
0.903833518
0.904534288
0.905084795
0.905756716
0.906284155
0.907068562
0.907534288
0.908370099
0.908911273
0.909589469
0.910138003
0.910738125
0.91121111
0.911850955
0.912356509
0.912893957
0.913379518
0.913910777
0.91434377
0.91486097
0.91527495
0.915763359
0.91617193
0.916618145
0.916959912
0.917448351
0.917818909
0.918239297
0.918571112
0.918970956
0.919305681
0.919678233
0.919996485
0.920352134
0.920658544
0.920993874
0.921283333
0.92160813
0.92187935
0.92219164
0.922451807
0.922742038
0.92298806
0.923261522
0.923498468
0.923754892
0.923975632
0.924215574
0.924417064
0.924661375
0.924862457
0.925083354
0.925275738
0.92547989
0.925662064
0.925860045
0.926036159
0.926204953
0.9263664
0.926539895
0.926692102
0.926880052
0.927014187
0.927177163
0.927317637
0.927460531
0.927590196
0.927732729
0.92785335
0.927983899
0.928106714
0.928234323
0.928351763
0.928472039
0.928573619
0.928687315
0.928786951
0.928895022
0.928970221
0.92908506
0.929150671
0.929242138
0.929319698
0.929406776
0.92947315
0.929552501
0.929621006
0.929686717
0.929746029
0.929813704
0.929866224
0.92992829
0.929977529
0.930033934
0.930079221
0.930129804
0.930174032
0.930219943
0.930259067
0.930297933
0.930333449
0.930369581
0.93040735
0.930439561
0.930467319
0.930499149
0.930525369
0.93055438
0.930578446
0.930601861
0.930628732
0.930648664
0.930662924
0.930682025
0.930699727
0.93071723
0.930728999
0.930742362
0.930754904
0.930765435
0.930774457
0.930789526
0.930797151
0.930798776
0.930804003
0.930805357
0.930803791
0.93080917
0.930815056
0.930814516
0.930812428
0.930806585
0.930800721
0.930790688
0.93077527
0.930772457
0.930768408
0.930759144
0.930749188
0.930736406
0.930727018
0.930715945
0.930704991
0.930690936
0.93067776
0.930660994
0.93065139
0.930641085
0.9306321
0.930608259
0.930595333
0.930580712
0.93056821
0.930546066
0.930531356
0.930517311
0.93050318
0.930474946
0.930456441
0.93043377
0.930416128
0.930396017
0.930373088
0.930348749
0.930325912
0.930289591
0.930268032
0.930251888
0.930219753
0.930189765
0.930174419
0.930139447
0.93011627
0.930092211
0.930068003
0.930037067
0.93001551
0.929990253
0.929962834
0.929935345
0.929917077
0.929878836
0.929851672
0.929823303
0.929796834
0.929764861
0.929741556
0.929708452
0.929693046
0.929662808
0.929638737
0.929604086
0.929579226
0.929544102
0.929517748
0.929491384
0.929467032
0.929421728
0.929391669
0.92936282
0.929336344
0.929299959
0.929272806
0.929243992
0.929219
0.929176395
0.929148674
0.929116587
0.929089458
0.92905249
0.929023438
0.928987465
0.928958415
0.928923374
0.928893386
0.928857199
0.928826801
0.928782085
0.928750033
0.928719842
0.928690272
0.928651312
0.928620072
0.92858109
0.928547754
0.92850925
0.928475652
0.928435565
0.928406377
0.928365331
0.928332477
0.928293274
0.928255162
0.928218243
0.928178737
0.92814051
0.928107113
0.928066234
0.928032274
0.927993845
0.927960568
0.927918487
0.927884289
0.927844285
0.927808776
0.927769446
0.927734323
0.927689088
0.927653782
0.927609529
0.927574532
0.927533983
0.927497652
0.927457304
0.927421502
0.927376872
0.927341539
0.927296927
0.927258408
0.927217453
0.927178819
0.927138463
0.927102906
0.927061891
0.927018334
0.926974495
0.926939377
0.926900623
0.92686327
0.926818194
0.926772405
0.926732608
0.926692414
0.926643797
0.926601269
0.926563144
0.92653094
0.926477272
0.926436419
0.926389501
0.926347652
0.926303731
0.92627352
0.926226336
0.92618893
0.92614774
0.926104282
0.926058192
0.926022599
0.925976376
0.925938137
0.925894961
0.925855146
0.925811236
0.925775037
0.925724683
0.925671721
0.925626386
0.925603628
0.925546059
0.925512073
0.925484652
0.925444396
0.925398904
0.92536203
0.925315699
0.925275094
0.925237028
0.925201801
0.925145416
0.925107548
0.925065942
0.925027732
0.924981695
0.924944429
0.924903243
0.924854264
0.924807825
0.924776764
0.924725576
0.924687118
0.92464468
0.924606624
0.92456349
0.924526177
0.924479843
0.924441352
0.924400408
0.924362582
0.924314228
0.924273887
0.924229724
0.924190827
0.924146192
0.92410708
0.92405708
0.924017808
0.923977217
0.923941227
0.923888072
0.923847276
0.923804857
0.923767741
0.923728444
0.923686323
0.92364093
0.923604033
0.923554124
0.923515618
0.923466432
0.923426841
0.923383551
0.923344245
0.923300612
0.923259975
0.923216223
0.923180169
0.923138102
0.923091438
0.923046544
0.92300657
0.922969
0.922921139
0.922873208
0.922835433
0.922781106
0.92273921
0.922697286
0.922657664
0.92260317
0.922558494
0.922512656
0.922469488
0.922415352
0.922373942
0.922321973
0.922291929
0.922247641
0.922195525
0.922155364
0.922110917
0.92206237
0.922022074
0.921966054
0.921919609
0.921874234
0.921836589
0.921785394
0.921748397
0.921701496
0.921654588
0.92159859
0.921537602
0.92149795
0.921459437
0.921402319
0.921354883
0.921320577
0.921275348
0.921226765
0.921182441
0.92113571
0.921096702
0.921050163
0.92100873
0.920954775
0.920913365
0.92087087
0.920821341
0.920773938
0.92073545
0.920687269
0.920648438
0.920597428
0.920556127
0.920498732
0.920450139
0.920403417
0.920352309
0.920286953
0.920252965
0.920211547
0.920164883
0.920126353
0.920085738
0.920030408
0.919988375
0.919943843
0.919894235
0.919836494
0.919783051
0.91973165
0.919671591
0.919616076
0.919570603
0.91950785
0.919462418
0.919409362
0.919370405
0.919315942
0.919273259
0.919213417
0.919167629
0.919115726
0.919075868
0.919024557
0.918984302
0.918929147
0.918882954
0.918833296
0.918784645
0.918735659
0.918692752
0.918647383
0.918606176
0.918556627
0.918515025
0.918464802
0.918421721
0.918377749
0.918338115
0.918284593
0.918247019
0.918197676
0.918163042
0.91811329
0.918075334
0.918028602
0.917982182
0.917932994
0.917891063
0.917844936
0.917805729
0.917744905
0.917705163
0.917667724
0.917622532
0.917574793
0.917530813
0.917485833
0.917437237
0.917389571
0.917339246
0.917287413
0.917245578
0.917191332
0.917150858
0.917108423
0.917065086
0.917007794
0.916968633
0.916912753
0.916863929
0.916817359
0.916776496
0.916723412
0.916686495
0.916634855
0.916599086
0.916536144
0.916494877
0.916444738
0.916400494
0.916341261
0.916299435
0.916249588
0.91620639
0.916157824
0.91611867
0.916072721
0.916021526
0.915975419
0.915919547
0.915867311
0.915823565
0.915775049
0.915725339
0.915682163
0.915640418
0.915583115
0.91553849
0.915482581
0.915448146
0.915386639
0.915345718
0.915296886
0.915240755
0.915190621
0.915145961
0.91509684
0.915053323
0.915004915
0.914959117
0.914907574
0.914861931
0.914811605
0.914765429
0.914721439
0.914677601
0.914620938
0.914581941
0.914514272
0.914469569
0.914421054
0.914374579
0.914323112
0.914278685
0.914229018
0.914176367
0.914118877
0.914068331
0.91401753
0.913971842
0.91392673
0.913877534
0.913821028
0.913771108
0.913707487
0.913664128
0.913611793
0.913558668
0.913498816
0.913466527
0.913406246
0.913368705
0.913300382
0.913252035
0.913198157
0.913150692
0.91309322
0.913053346
0.913008233
0.912947021
0.912901844
0.912853246
0.912794571
0.912743575
0.912685692
0.912653644
0.91260179
0.912543626
0.912485498
0.912443765
0.9123864
0.912327778
0.912262137
0.912210831
0.912157938
0.912139173
0.91206565
0.912012385
0.91196344
0.911920367
0.911864544
0.9118186
0.9117691
0.911725482
0.911676772
0.911632978
0.911575693
0.911528026
0.911477674
0.911428606
0.911374189
0.911322592
0.911272292
0.911225364
0.911176253
0.911129282
0.9110802
0.911035975
0.910987738
0.910939315
0.91088797
0.910842098
0.910790323
0.910741039
0.910687825
0.910644109
0.910589828
0.910545055
0.910490431
0.910445042
0.910389287
0.91034289
0.910288458
0.910242589
0.910177739
0.91012672
0.910085715
0.910037812
0.909982569
0.909932117
0.90987242
0.909829265
0.909774378
0.909722558
0.909661285
0.909614467
0.909546984
0.909495408
0.90943937
0.909380264
0.909322904
0.909273545
0.909215075
0.909164199
0.909106245
0.909053813
0.908988124
0.908938745
0.90889212
0.908848934
0.908786339
0.908739165
0.908678132
0.908632147
0.908560173
0.908512527
0.908450675
0.908398414
0.90834112
0.908289623
0.908246961
0.908201102
0.908141535
0.908093404
0.908031653
0.90798708
0.907934561
0.907874904
0.907810808
0.907747183
0.907685657
0.907629326
0.907581387
0.907532914
0.907472934
0.907414755
0.907357922
0.907293741
0.907217627
0.907169068
0.907110996
0.907056236
0.906987527
0.906937571
0.906882965
0.906837124
0.906769768
0.906717655
0.906659126
0.90661037
0.906541071
0.906492101
0.906436393
0.906387729
0.906323733
0.906270276
0.90620634
0.906155509
0.906111949
0.90606477
0.906011663
0.905959519
0.90589361
0.905842732
0.905782424
0.905731182
0.905677231
0.90562083
0.905566167
0.905523423
0.905472528
0.905417737
0.905363486
0.905309552
0.905257127
0.905205045
0.905150581
0.905103037
0.905046169
0.90499693
0.904936827
0.904886607
0.904829642
0.904782989
0.90472276
0.90467614
0.904611517
0.9045605
0.904501912
0.904452331
0.904385186
0.904339531
0.904276868
0.904216276
0.904160762
0.904107858
0.904053786
0.904008496
0.903944281
0.903896184
0.903836667
0.903787137
0.903731428
0.903681178
0.903624093
0.903572696
0.903520705
0.903474274
0.903416745
0.903371296
0.903309312
0.903266413
0.90319662
0.903148329
0.903094743
0.90304854
0.902983048
0.9029361
0.902875341
0.902826589
0.902753384
0.902697401
0.902642799
0.902583713
0.902524019
0.902458237
0.902393291
0.902353061
0.902282427
0.902223788
0.902178349
0.902123778
0.90206701
0.902005372
0.90194704
0.901887281
0.901824437
0.901760402
0.901704852
0.901657932
0.90158427
0.901531007
0.901479025
0.901427993
0.901362005
0.901314307
0.901255562
0.901198417
0.901137141
0.901085104
0.901021751
0.900969937
0.900898495
0.900843581
0.900777839
0.900719442
0.900657086
0.900616906
0.900546461
0.900490852
0.900435972
0.900383222
0.900326243
0.900271184
0.900210938
0.900156814
0.900094189
0.900037178
0.899977731
0.899930191
0.899874404
0.899815336
0.899759292
0.899697077
0.899632222
0.899580102
0.899509418
0.899462667
0.899393209
0.899324488
0.899250027
0.899174711
0.899121133
0.899066468
0.899010807
0.898961793
0.898885094
0.898819504
0.898742455
0.898682641
0.898593185
0.898542913
0.898444418
0.898371313
0.898308829
0.898241904
0.898179522
0.898101416
0.898030455
0.897979709
0.89790676
0.897852216
0.897784642
0.897721808
0.897653463
0.897585955
0.897507954
0.897459899
0.897390267
0.897334193
0.897280622
0.897229629
0.897162557
0.897109389
0.897043381
0.896995071
0.896927157
0.896871924
0.896810062
0.896758669
0.896700513
0.896638438
0.896573111
0.896517059
0.896457964
0.896401201
0.896340574
0.896282752
0.896220594
0.896159805
0.896094412
0.896034418
0.89597322
0.895912804
0.895853345
0.895794805
0.895730404
0.895678812
0.895618929
0.895560139
0.895499078
0.895443964
0.89538117
0.895328929
0.895261123
0.895204505
0.895138794
0.895081659
0.895016572
0.89496378
0.894899001
0.894838048
0.894769641
0.894708427
0.89464156
0.894588471
0.894522284
0.894468927
0.894400542
0.894345808
0.894287378
0.894237819
0.894170553
0.894114844
0.894054316
0.893998024
0.893936413
0.893882057
0.893817164
0.893762082
0.89369307
0.893640692
0.893583823
0.893531204
0.893465901
0.893412735
0.893340857
0.893274307
0.893203453
0.893149151
0.893089685
0.893024123
0.892958396
0.89290135
0.892835943
0.89278034
0.892718178
0.892650266
0.892596659
0.892543052
0.892479307
0.892423295
0.892354863
0.892296943
0.892225125
0.892168248
0.892090772
0.892032015
0.89197129
0.891915099
0.891839727
0.891779619
0.89171301
0.891658477
0.891594279
0.891536602
0.891477282
0.891417272
0.891357824
0.89129753
0.891234568
0.891180053
0.891115312
0.891058771
0.890994199
0.890933194
0.890869276
0.890812759
0.890748042
0.89069043
0.890626993
0.890572732
0.890508607
0.890451396
0.890386765
0.890334558
0.890271037
0.890213577
0.890152662
0.890090132
0.890026211
0.889961496
0.889890135
0.889829786
0.889756232
0.889685587
0.889605106
0.889545002
0.889483802
0.889426435
0.889363015
0.889309307
0.889236011
0.88916829
0.889097953
0.889042096
0.888976484
0.888902787
0.888838045
0.888790896
0.888712083
0.88864638
0.888567672
0.888510641
0.888436416
0.888374533
0.888308017
0.888248281
0.888175355
0.888108683
0.888038131
0.887975041
0.887885841
0.887823591
0.887747774
0.887681056
0.8876081
0.887547996
0.887466787
0.887400538
0.887327409
0.887267284
0.887195634
0.887137838
0.887068214
0.887011601
0.886945241
0.886887124
0.886819675
0.886760674
0.886693304
0.886635189
0.886572211
0.886511021
0.886446139
0.886382852
0.886316824
0.886258981
0.886194857
0.886141046
0.886065952
0.886008263
0.885934533
0.885875667
0.885815325
0.885762479
0.885694703
0.885643489
0.885556773
0.885497099
0.885417472
0.885358701
0.88528943
0.885227229
0.885163068
0.88509814
0.885030867
0.884963599
0.884889941
0.884822771
0.88476109
0.884689786
0.884605148
0.884541091
0.88445751
0.884413806
0.884325099
0.884276114
0.884215358
0.884144411
0.88407671
0.884001393
0.883931688
0.883852139
0.883769824
0.883732208
0.88365954
0.883604056
0.883530405
0.883473523
0.883397607
0.883339783
0.883269344
0.883211115
0.883139254
0.88307986
0.883010217
0.882948967
0.882886777
0.882828594
0.882746091
0.882681521
0.882608122
0.882544114
0.882472647
0.882406455
0.882343196
0.882280823
0.882204503
0.88214099
0.882060423
0.881994248
0.881925634
0.881864707
0.88177938
0.881710215
0.881642653
0.881593011
0.881523796
0.881453073
0.881380528
0.881315896
0.88124463
0.881170105
0.881093272
0.881027708
0.88094738
0.88087352
0.880783738
0.880717005
0.880632959
0.880571011
0.880476905
0.880405402
0.880344966
0.88028459
0.880202381
0.8801361
0.880053091
0.879989369
0.879909176
0.879836285
0.879752545
0.879694304
0.879632211
0.879561264
0.879475744
0.879407687
0.879316027
0.879254044
0.879170579
0.879105761
0.879028288
0.878940658
0.878872446
0.878816403
0.878726824
0.878662612
0.878577613
0.878507381
0.878436105
0.878361079
0.878286554
0.878228276
0.878158558
0.878086042
0.878009404
0.877946815
0.87787593
0.877813816
0.87772038
0.877644657
0.877559094
0.877503452
0.877438321
0.877378326
0.877289577
0.877221913
0.877153471
0.877074626
0.877001841
0.876923303
0.87684393
0.876769995
0.876695015
0.876626618
0.876550874
0.876470552
0.876387719
0.87633546
0.876262068
0.876187573
0.876117764
0.876044679
0.875957144
0.875894102
0.875800099
0.875757542
0.875649818
0.875533464
0.875451664
0.875426583
0.875426461
0.875063286
0.875036056
0.874949371
0.874945532
0.874555765
0.874617641
0.874507912