0.948474892
0.948583554
0.949623287
0.95054751
0.950760367
0.950939057
0.951802363
0.952527158
0.952593402
0.952726937
0.953333834
0.953509289
0.954059732
0.954349184
0.954766542
0.954944524
0.955364791
0.955684261
0.956072165
0.956370011
0.956804005
0.957055873
0.957499367
0.957779605
0.958123415
0.958395424
0.958686681
0.958912137
0.959210957
0.959441702
0.959682383
0.959894189
0.960122452
0.960303708
0.960515079
0.96068029
0.960872567
0.961028232
0.961196022
0.961321646
0.961497642
0.9616277
0.96177208
0.961883901
0.962015623
0.96212342
0.962241376
0.962339742
0.962447726
0.962538307
0.962636111
0.962716843
0.962807434
0.962880393
0.962961116
0.963028454
0.963102006
0.963163071
0.963229969
0.96328292
0.963341385
0.963390015
0.963440907
0.963481302
0.963529035
0.963566317
0.963606212
0.963639042
0.963672834
0.963701457
0.963731061
0.9637594
0.963783962
0.963804848
0.963828202
0.963844983
0.963867377
0.963884315
0.963899748
0.963912084
0.963926168
0.963937214
0.963949636
0.963959524
0.963969433
0.963975947
0.963980855
0.963985713
0.963991516
0.963995086
0.963996418
0.963997037
0.964000612
0.963996636
0.963995159
0.963998429
0.963995619
0.963993719
0.963991164
0.963987726
0.963981296
0.963979128
0.963976908
0.963970075
0.963964253
0.963959585
0.963951699
0.963945752
0.96393872
0.963931285
0.963923025
0.963916337
0.963908432
0.963899239
0.963889838
0.963879525
0.963868928
0.963860063
0.963848597
0.963837692
0.963824377
0.963811707
0.963798659
0.963784211
0.963770935
0.963760599
0.963747793
0.963734128
0.963719799
0.9637067
0.963690766
0.963675749
0.963656539
0.963641895
0.963619214
0.963603603
0.963587204
0.963572734
0.963554278
0.963537505
0.963519117
0.963498529
0.963483354
0.963471579
0.963453005
0.963439241
0.963418462
0.9634029
0.963383014
0.963363197
0.963346535
0.963335635
0.963318505
0.963305384
0.963286253
0.963271701
0.963253927
0.963238197
0.963217322
0.963200877
0.96317826
0.963164453
0.963148661
0.963136304
0.963111922
0.963096653
0.963078053
0.963063454
0.963042478
0.963026917
0.963011121
0.962996456
0.962972869
0.962954878
0.96293442
0.962917808
0.96289934
0.962879695
0.962859536
0.962841425
0.962815368
0.962796386
0.96278402
0.96276219
0.962740888
0.962729185
0.962705384
0.962688932
0.962672163
0.962655359
0.962634234
0.962618242
0.962599956
0.962581518
0.962564259
0.962551866
0.962527391
0.962510241
0.962490361
0.962473701
0.962450895
0.962435523
0.962411174
0.96240085
0.962379904
0.962364676
0.962341072
0.962325477
0.962300088
0.962283393
0.962266093
0.962250738
0.962223154
0.962204966
0.962185053
0.962167391
0.96214428
0.962126134
0.96210771
0.962090443
0.962066095
0.962049152
0.962030791
0.962014398
0.961992931
0.961975694
0.961954347
0.961937636
0.961916458
0.961899808
0.961879062
0.961863069
0.961839642
0.961821059
0.961803933
0.961786908
0.961765372
0.961747741
0.961726282
0.961707868
0.961686716
0.961667489
0.9616463
0.96162958
0.961606489
0.961588143
0.961569179
0.961548094
0.961528945
0.961508163
0.961487174
0.961469487
0.96144673
0.961428055
0.96140788
0.961390082
0.961366896
0.961348668
0.961326751
0.961307719
0.961286547
0.961267944
0.961245366
0.961227222
0.961203022
0.961184329
0.961162284
0.961143805
0.961121291
0.96110242
0.961079112
0.961060295
0.96103738
0.961016408
0.960995343
0.960976074
0.960954955
0.960935755
0.960915846
0.960893316
0.960869655
0.960851628
0.960831296
0.960812081
0.960788863
0.960765082
0.960745724
0.960724475
0.960697784
0.960675647
0.960656158
0.960640796
0.960612734
0.960591409
0.960566804
0.96054364
0.960520862
0.960506019
0.960482361
0.960461678
0.960440685
0.960417719
0.960394037
0.960375021
0.960350664
0.960331425
0.96030878
0.960289268
0.960265487
0.960246725
0.960218742
0.960190826
0.960167152
0.960154251
0.960125955
0.960108369
0.960092515
0.96007222
0.960049203
0.960029948
0.960004665
0.959983779
0.959963817
0.959945624
0.959915881
0.959895826
0.959872945
0.959853368
0.959831837
0.959812869
0.95979251
0.959768919
0.959744313
0.95972667
0.95969984
0.959680042
0.959658458
0.959638774
0.959617275
0.959597224
0.959573733
0.959555069
0.959533635
0.959515501
0.95949175
0.959472481
0.959451094
0.959431593
0.959409651
0.959390019
0.959365789
0.959345528
0.95932522
0.959306802
0.959279989
0.959258626
0.95923667
0.959215728
0.959195203
0.959174449
0.959151493
0.959133334
0.959108244
0.95908942
0.959063812
0.959044339
0.959022997
0.959003241
0.958981045
0.958960706
0.958938475
0.958920169
0.958898052
0.958874915
0.958853382
0.958832893
0.958814603
0.958791185
0.958767169
0.958749774
0.958721661
0.958701145
0.958679627
0.958660207
0.958633317
0.958612351
0.958589763
0.958569286
0.9585433
0.958521533
0.958495735
0.958479518
0.958458477
0.958432102
0.958411868
0.958389377
0.958364508
0.958344923
0.958316879
0.95829427
0.958271159
0.958251943
0.958225987
0.958206721
0.958183082
0.958158987
0.958130447
0.958100326
0.958080092
0.958061005
0.958029035
0.958005169
0.957989031
0.957966323
0.957942138
0.957917867
0.957894363
0.957874518
0.957850674
0.957829612
0.957802184
0.957781913
0.957760177
0.957735122
0.95771112
0.957691952
0.95766741
0.957647568
0.957621972
0.957600094
0.957572213
0.957546808
0.957523338
0.95749743
0.957466204
0.957451195
0.957430656
0.957407557
0.957388069
0.957368772
0.957340535
0.957321526
0.957299718
0.957277676
0.957251744
0.957230097
0.957206122
0.957186846
0.957161104
0.957143227
0.957115501
0.95709507
0.957071791
0.957051549
0.957027623
0.957005978
0.95697978
0.95695831
0.956934467
0.956915227
0.956889037
0.956869755
0.956842939
0.956821694
0.956798659
0.956777331
0.956753639
0.956731661
0.956709802
0.956688453
0.956665045
0.95664275
0.956617397
0.956594339
0.956572648
0.956551162
0.956524717
0.95650332
0.9564787
0.956459289
0.956432796
0.956412498
0.956387402
0.956361707
0.956334349
0.956312394
0.956288117
0.95626712
0.956234727
0.956215226
0.956196517
0.956172811
0.956147966
0.956124141
0.956101504
0.95607494
0.956049928
0.956022044
0.955995228
0.955972844
0.955944318
0.955924011
0.955900762
0.955877593
0.955846834
0.955827138
0.955796097
0.955769898
0.955740555
0.955717674
0.955690549
0.955670772
0.955644522
0.955626546
0.955595478
0.955574681
0.955549977
0.955527499
0.955498319
0.955475598
0.955448553
0.955424535
0.955399594
0.955377835
0.955353521
0.955327262
0.955304111
0.955275588
0.955249815
0.955228661
0.955204757
0.955180138
0.95515766
0.955136152
0.955107637
0.955085039
0.955057731
0.955040283
0.955008634
0.954987924
0.954963463
0.954935404
0.954910609
0.954888388
0.954863756
0.954842135
0.954817409
0.954795342
0.954769867
0.954746956
0.954721968
0.954698552
0.954676764
0.954653818
0.95462531
0.954604424
0.954571599
0.954550404
0.954526484
0.954504206
0.954478959
0.954458228
0.954433584
0.954407268
0.954379214
0.954353904
0.954328616
0.954306343
0.954283158
0.954258761
0.954230034
0.954205018
0.954173113
0.954151013
0.954125192
0.954098268
0.954068592
0.954052379
0.954022948
0.954004751
0.953969332
0.95394507
0.953917518
0.953894316
0.953866193
0.953846148
0.953822842
0.953792812
0.953769606
0.953745545
0.95371617
0.953689582
0.953661223
0.953645221
0.953619386
0.95359033
0.953561543
0.953540919
0.953513284
0.953484772
0.953451976
0.953423508
0.953398465
0.953387214
0.953348919
0.953321171
0.953296417
0.95327518
0.953247557
0.95322504
0.953200698
0.95317914
0.953154219
0.953132622
0.953104384
0.953080162
0.953053886
0.953026728
0.952998125
0.9529667
0.95293965
0.952912787
0.952887392
0.952863173
0.952838488
0.952815411
0.952789484
0.952766216
0.952739501
0.952716244
0.952689579
0.952664045
0.952634794
0.952610482
0.952582781
0.952558961
0.952529698
0.952506123
0.952476088
0.952452122
0.952423499
0.952400025
0.952367385
0.952341202
0.95231838
0.952293978
0.952266341
0.952241558
0.952211997
0.952191016
0.9521632
0.952138778
0.95210836
0.952084049
0.952051869
0.952025203
0.951998293
0.951969819
0.951945699
0.95192471
0.951897659
0.951874647
0.951845503
0.951822552
0.95179102
0.951767267
0.951745683
0.951724046
0.951693276
0.951670206
0.951639474
0.951618766
0.951585429
0.951563286
0.951535114
0.951510681
0.951483453
0.951459244
0.951437628
0.95141624
0.951385711
0.951362625
0.951331793
0.951309982
0.95128402
0.951254201
0.951223106
0.951189172
0.95115977
0.951133468
0.951113378
0.951091184
0.95106264
0.951034343
0.951008588
0.950979119
0.950943978
0.950921859
0.950892734
0.950865407
0.950831112
0.950806502
0.950783431
0.95076108
0.950729436
0.950705126
0.950680161
0.950657281
0.950622606
0.950600015
0.950574661
0.950552727
0.95051987
0.950494493
0.950461141
0.950434757
0.950413972
0.950390642
0.950362964
0.950337098
0.9503042
0.95027929
0.950252902
0.95022779
0.950201816
0.950172931
0.950144177
0.950122737
0.950097523
0.950071587
0.950044409
0.950017706
0.949990643
0.949964608
0.949936841
0.949913186
0.949884327
0.949859678
0.949830081
0.94980491
0.949777007
0.949752535
0.949720974
0.949697108
0.949663895
0.949639352
0.949610832
0.949585093
0.949551739
0.949529575
0.949497784
0.949468145
0.949439715
0.949412544
0.949383473
0.949359538
0.949326391
0.949299212
0.949266249
0.949236005
0.949206658
0.949180301
0.949149616
0.949123131
0.949096348
0.949071698
0.949041106
0.949017655
0.948984939
0.948963702
0.948928024
0.948904281
0.948876828
0.948854366
0.948820927
0.948797753
0.948767867
0.948744737
0.948709781
0.948682881
0.948654209
0.94862583
0.948595614
0.948562386
0.948530474
0.948511978
0.948477184
0.948446946
0.948423603
0.948396934
0.948370799
0.948339663
0.948310581
0.948281355
0.94824816
0.948214367
0.948186134
0.948161201
0.948123352
0.94809609
0.948069665
0.948043357
0.948009558
0.947984675
0.94795346
0.94792391
0.947891339
0.947863942
0.947829749
0.947801339
0.947762368
0.94773209
0.94769766
0.947666045
0.947635575
0.947611405
0.94757178
0.947543625
0.947510174
0.947483245
0.947447579
0.947417928
0.947381013
0.947347524
0.94731446
0.94728365
0.947253668
0.947224285
0.947195003
0.947164888
0.947135685
0.947104644
0.947071678
0.94704212
0.947008063
0.946979407
0.946944537
0.94691004
0.946872831
0.946834844
0.946807815
0.946781201
0.946752841
0.946728515
0.946692877
0.946662633
0.946626636
0.946600217
0.946561827
0.946538865
0.946499702
0.946469251
0.946443442
0.946415456
0.946388605
0.946357701
0.946325581
0.946304784
0.946272192
0.94624818
0.94621735
0.946190022
0.946157462
0.946128672
0.946093614
0.946072572
0.946042499
0.946015215
0.945992873
0.945968593
0.945934602
0.945907911
0.945874798
0.945851708
0.945816657
0.945789618
0.945757168
0.945732824
0.945706664
0.945676414
0.945645028
0.945618887
0.945589948
0.945564314
0.945536391
0.945510214
0.945481605
0.945454052
0.945424211
0.945398791
0.945371319
0.945344039
0.945316541
0.94528896
0.945257229
0.945233405
0.945204817
0.945175654
0.945144818
0.945117332
0.94508673
0.945060139
0.945028824
0.945000636
0.944970762
0.944944648
0.944915649
0.944888719
0.944859047
0.944829406
0.944796372
0.944768885
0.944734235
0.944708012
0.944673072
0.944646615
0.944612241
0.94458404
0.944554251
0.944529225
0.944494325
0.944466907
0.944434691
0.944408007
0.944376251
0.944348759
0.944315558
0.944287173
0.944252064
0.944225631
0.944199789
0.944173032
0.944140045
0.944112983
0.944076407
0.944040931
0.944005163
0.943978172
0.943948757
0.943913493
0.943881358
0.943851887
0.943816574
0.943787706
0.943755115
0.943719303
0.943692246
0.943665363
0.943632069
0.943605143
0.943569499
0.943540921
0.943505272
0.943475845
0.943436363
0.943406482
0.94337569
0.943348223
0.943310126
0.943281345
0.943249019
0.943219713
0.943188671
0.943159294
0.943127762
0.943098041
0.943066683
0.943035664
0.943004123
0.942976404
0.942944143
0.942915156
0.942881302
0.942851607
0.942819105
0.942789343
0.942756332
0.942725766
0.942691652
0.942663337
0.942630167
0.942600593
0.942567821
0.942542328
0.942509987
0.942480859
0.942450489
0.94241824
0.942387487
0.942353716
0.942318417
0.942289007
0.942249239
0.942214504
0.942178587
0.942148136
0.942114034
0.942084239
0.942051447
0.94202313
0.941984829
0.941949042
0.941912843
0.94188341
0.941849329
0.941808276
0.941776818
0.941752273
0.941712095
0.941676983
0.941639415
0.941609111
0.941570689
0.941538426
0.941504274
0.941472963
0.941434428
0.941399613
0.941359915
0.941323923
0.94127113
0.941238629
0.941196281
0.941160488
0.9411212
0.941091907
0.941044301
0.941012135
0.940970736
0.940939061
0.940904423
0.940870406
0.940834278
0.940803499
0.940770272
0.940740018
0.940706135
0.940675577
0.940642209
0.940612122
0.940580174
0.940550324
0.94051743
0.940486642
0.940453934
0.940423243
0.94039109
0.940361105
0.940321879
0.940293625
0.940256604
0.94022548
0.940193923
0.940166564
0.940132842
0.940106679
0.940063874
0.940035436
0.939997457
0.93996813
0.93993313
0.939902285
0.939867225
0.939835723
0.939802206
0.939771349
0.93973497
0.939702571
0.939669442
0.93963584
0.939590237
0.939559725
0.93951889
0.939497194
0.939452402
0.939426336
0.939393712
0.939357421
0.939321984
0.939284354
0.939248861
0.939208081
0.939167342
0.939145377
0.939107206
0.939078957
0.939041693
0.93901367
0.93897158
0.938941749
0.938899042
0.938869281
0.938833149
0.938802733
0.938768404
0.93873844
0.938704612
0.938676353
0.938639477
0.938608276
0.938573266
0.938543356
0.938509195
0.938477967
0.938445279
0.938414907
0.93837922
0.938349
0.938313584
0.93828146
0.938250034
0.938218824
0.938179937
0.938144414
0.938112341
0.938086387
0.938053378
0.93801884
0.937984412
0.937951178
0.937917275
0.937882013
0.937843658
0.93781186
0.937776132
0.937742925
0.937699284
0.937671359
0.937634324
0.937603521
0.937559449
0.937524885
0.93749554
0.937467506
0.937427719
0.937397647
0.937358841
0.937329029
0.937288856
0.937251769
0.937208329
0.937178803
0.937147276
0.937111601
0.937068981
0.937036378
0.936992118
0.936960645
0.936914136
0.936880706
0.936842952
0.936799108
0.936766556
0.936735983
0.936692207
0.936660354
0.936617264
0.936581087
0.936541316
0.936502302
0.93646452
0.936434886
0.936397923
0.936358315
0.936316728
0.936284517
0.93624432
0.936211237
0.936168756
0.936128902
0.936086199
0.936058132
0.936024697
0.935993856
0.935949467
0.935915355
0.935878938
0.935839714
0.935797271
0.93576012
0.935719773
0.935684008
0.935647387
0.935617895
0.93558314
0.935540744
0.935501446
0.935471593
0.935434917
0.935397437
0.935362697
0.93532867
0.935287823
0.935259095
0.935215123
0.935197686
0.935147601
0.935091624
0.935058904
0.935046228
0.935046332
0.934850567
0.934845561
0.934803849
0.934802999
0.93460213
0.934639125
0.934582163