% Model:              CMSL_AJB_O2_20210227_AdptLKR.mph
% Version:            COMSOL 5.5.0.359
% Date:               Feb 28 2021, 00:59
% Dimension:          1
% Nodes:              1208
% Expressions:        1
% Description:        Line graph
% cln1x                   Height
0                         0.8519114535841358
0.07644537880878488       0.8519114535333854
0.8127602615697924        0.851911453106889
1.5333611862234306        0.8519114528656949
1.691313091440577         0.851911452746474
1.8429681349171005        0.8519114526266927
2.5419370262270036        0.8519114479319336
3.2174618005118987        0.8519114508800274
3.274558342129012         0.8519114483294918
3.404895743775228         0.8519114475974483
3.955876995275162         0.8519114357057913
4.140306653069729         0.8519114322228527
4.689754130582742         0.8519113999553648
4.9906938820326445        0.8519114168164741
5.457047219396202         0.8519113988287337
5.655585384957362         0.8519113678052662
6.129825952080182         0.8519113444072217
6.526795916652645         0.8519112964644253
7.013540003992716         0.8519111954387464
7.396171616410868         0.8519109521639112
7.98464101751739          0.8519107401895787
8.354363779026244         0.8519105830530581
9.000420925930882         0.8519099855719581
9.443002490288109         0.8519095561196156
9.998298162578806         0.8519089459860927
10.467453214465024        0.8519082857612572
10.997184887368007        0.8519076715030184
11.423543391872272        0.8519069187928996
11.99901420936078         0.8519054492188463
12.474907543775771        0.8519042715311942
12.9889728045693          0.8519028586207931
13.468372678326318        0.851901594156947
14.0151494739913          0.8518999232882186
14.464274135202345        0.8518983105618255
15.011120710228454        0.8518959657505127
15.462006218028478        0.8518935895139323
15.996249183457735        0.8518902371334865
16.45760037942813         0.8518870138492743
16.991022358406894        0.8518837774530562
17.387868124577608        0.851880521730126
17.97390812048758         0.8518756998270658
18.459738787339063        0.8518727035499124
19.015126087754936        0.8518688664775903
19.456953417825503        0.8518648850373824
19.99122301803868         0.8518590961567386
20.457522880578153        0.8518539317548274
20.991816970559114        0.8518476246664705
21.456958540726703        0.8518427092406184
21.992082734458506        0.8518363171520857
22.465177304545932        0.8518310501754819
22.99468565551541         0.8518236667384503
23.45601706578134         0.8518163718419063
23.991781244174263        0.8518087115330899
24.45108715582711         0.8518009697678113
24.987735683116284        0.8517901342948765
25.45481915394157         0.8517808554379291
25.989499946149294        0.8517712346390036
26.454353436130077        0.851760794703803
26.987305351910095        0.8517499993309945
27.455936879918227        0.8517385050708032
27.98371566160165         0.851725831413735
28.460673446828764        0.8517157412393841
28.986459129118657        0.8517014276202849
29.434175488268124        0.851689062994279
29.98234061628682         0.8516725529275678
30.45698550812233         0.8516606779462568
30.98872887234228         0.8516450533815102
31.466293792747194        0.8516318352568693
31.985726064324012        0.8516179597591957
32.460581488074354        0.8516028771539035
32.98845594957436         0.8515855030102506
33.499963982363624        0.8515719463972474
33.98755619883059         0.8515559044021876
34.4508611474314          0.8515365504510717
34.97375599796976         0.8515198610875346
35.433523469263946        0.8514982613773798
36.030909973715666        0.8514731207926023
36.49141286615696         0.8514577971793752
37.01697752822918         0.851430773784961
37.48871948917213         0.8514080291572219
37.99714710422535         0.8513871169129372
38.46562238389396         0.8513660209063147
38.995657682003184        0.8513433813898427
39.4594829601063          0.8513246621615003
39.97535304896587         0.8513006862988723
40.447898666307765        0.8512780950803187
40.94794976231981         0.8512471574258409
41.45269734102067         0.8512191713742837
41.98986735275395         0.851194440128354
42.450082874653674        0.8511675601281313
42.9890934352357          0.8511315081882603
43.45798373806025         0.8511007839941167
44.014493317146815        0.851078224226798
44.41013465787515         0.8510393502159861
45.039189791509386        0.8509998181130463
45.419577315822835        0.8509869628747491
45.9517836630215          0.8509522178590883
46.430818837314405        0.8509228181061091
46.98057737818172         0.8508876357838472
47.43891133224773         0.8508545833688107
47.98868472333177         0.8508117552259107
48.483664945387005        0.8507837701522705
48.96861828489892         0.8507568218735557
49.44980538344299         0.8507200722237765
49.99164740172577         0.8506834484963238
50.44263051062799         0.850655783560421
50.993197390963616        0.8506142067239825
51.45691129547126         0.8505837536808538
51.991035510655394        0.8505443790441369
52.45760323359596         0.8505117475932793
52.99103794092318         0.8504748063559965
53.46998176026338         0.8504445339961849
53.98965312332709         0.8504051610529286
54.46449569876623         0.8503678234922329
54.98873717373891         0.8503288721510287
55.46071529750509         0.8502878120516846
55.97994557701398         0.8502471688009478
56.5014107003019          0.85020953429069
56.98917752660276         0.8501716383240232
57.45927018372345         0.8501273412398601
57.96441676910541         0.8500840616481492
58.45811119115052         0.8500366254375895
58.97699945457083         0.849991317103502
59.461074000348844        0.8499389721545072
59.98269371781589         0.8498907290241934
60.52304041236175         0.8498557309993897
60.99924531228811         0.8498134305777924
61.459346302326026        0.849768628542279
61.96819794805447         0.8497216538310278
62.47341238404846         0.8496757585307575
62.98622994912057         0.8496266834181045
63.457682705356206        0.8495787994095397
63.99105189502359         0.849523905737455
64.45768715615668         0.8494820301975874
65.00329127792327         0.8494274622828472
65.45890950807319         0.8493837142880389
66.04322665172725         0.849331590468777
66.46288717513107         0.8492916421292341
66.99105464832667         0.8492250656044623
67.45631318986682         0.8491756238951655
67.98378545437663         0.849116422419768
68.44829493470456         0.8490569292523857
68.99859810087469         0.8490083795683906
69.42946540451305         0.8489711588030672
69.99352637339246         0.8489060772910959
70.42626308437178         0.8488580003963073
70.99151590523553         0.8487861684508806
71.45771301639945         0.8487299249329818
71.97241865834104         0.8486572223435496
72.42126092465628         0.8485880797960899
73.02958623085601         0.8485330352438056
73.44704349161344         0.8484951887525463
73.9993910656134          0.8484330571629154
74.42935210695066         0.848385212477508
74.9882889069367          0.8483199068442338
75.43677127134242         0.8482662327696993
75.98666799450729         0.8482019910839459
76.42782936332429         0.8481479788611219
77.02135639867714         0.8480765801816802
77.46056789808563         0.8480168703686548
78.02338308213194         0.8479351168666382
78.46075874005152         0.8478854514802205
78.99498492127509         0.8478306535070087
79.39112415035277         0.8477847296591063
79.99273073616695         0.847697178744814
80.45086680501265         0.8476412900075396
81.02224203457922         0.8475751549154904
81.46065278567045         0.8475216056723774
82.02085216524421         0.8474403530133411
82.46052223059792         0.8473856712499432
82.99366190831842         0.8473298597130139
83.39156668705658         0.8472767855477943
83.99137135937207         0.8471909816338602
84.44276629072874         0.8471263060488414
84.99105836031458         0.8470512449081258
85.46060442619762         0.8469907076051282
86.00955454147282         0.846918504609431
86.45267276390007         0.8468498777718685
87.03934353718859         0.8467775456799139
87.44926522137337         0.8467132963770079
87.97237324519335         0.8466151213411099
88.54438952961164         0.8465449911267333
89.0270039971989          0.8464979283268372
89.43604602990285         0.8464218688622007
90.05287370054725         0.8463429244729406
90.44075791480816         0.8462955052469054
90.98361585740713         0.8462025421345228
91.45561317221859         0.8461374921391454
91.9615635584542          0.8460743535652725
92.43944086785154         0.8460119806659276
92.97457731108403         0.8459293647716417
93.45204878335767         0.8458709872105775
93.98494554759816         0.845794240429692
94.43810425388483         0.8457236013111078
94.97841903163771         0.8456529815855001
95.39639384410799         0.8456006800901363
95.99400128187733         0.8455093336415921
96.44287873649739         0.8454416061883465
97.02248489452461         0.8453691578733988
97.4233900579751          0.8453042751958995
98.05526000890058         0.8452228426727563
98.46066129239352         0.845163776575012
99.01587840049876         0.8450730092414198
99.43062801729718         0.845030218158022
99.98622496287459         0.8449517053866087
100.42366595032638        0.8448929240105321
101.02421174210622        0.8448081552093103
101.46084539255543        0.8447455161046704
102.02330385825758        0.8446509113626712
102.46075987428901        0.8445889690054476
102.99485024070498        0.844523465053638
103.3934355389132         0.8444641436480271
103.99273229019082        0.8443599971206613
104.45087309134544        0.8442902300395434
105.02421174116279        0.8442104947661544
105.46084539342212        0.8441448865021831
106.02330385772586        0.8440480927020294
106.46075987478451        0.8439764663693693
106.99393287741202        0.8439066066255292
107.40918929553163        0.8438381339964486
107.99418481503687        0.8437404555240325
108.44575184396928        0.8436724544544691
109.01961021913735        0.8435928580186098
109.45545478936049        0.843530294291808
110.02161344345745        0.8434453408555057
110.4621978411709         0.8433804296049454
110.99139295335698        0.8432918119140044
111.43340506813934        0.8432248468719445
111.99138826141376        0.8431456915579216
112.43374698520773        0.8430796352711398
112.99217091170277        0.8429994018452464
113.43013755660166        0.8429319555284281
113.99105925744198        0.8428380795422947
114.45772257328576        0.8427671458974803
114.98838571323938        0.8426965743657756
115.42840765913456        0.8426295266606725
116.00746049229139        0.8425377508602897
116.45185533674328        0.8424675788462146
116.99726481429946        0.8423824834107823
117.45598356572953        0.8423070496527454
118.01019579787373        0.8422252943005581
118.46057008740331        0.8421476055701673
119.01227208302055        0.8420587137375212
119.47612937348174        0.841990661028189
119.98891412817238        0.8418973822668239
120.49045264078632        0.8418230761466059
120.98912886755318        0.8417439310989733
121.48652322026771        0.8416606333952992
121.99489805281843        0.8415743852515786
122.45772257328571        0.8414878838112857
122.99105925744135        0.8414026853302313
123.45772257328565        0.841326066865302
124.00748512454527        0.8412298052048314
124.47607161348935        0.8411492851925918
125.00567693365804        0.8410675538000866
125.45998221559773        0.8409901223377114
125.9910592574413         0.8408962341562021
126.45772257328565        0.8408166082025739
126.9910592574413         0.8407300063119216
127.45772257328565        0.8406539930062371
127.99030536194857        0.8405665735978933
128.44570676630042        0.8404901831591933
129.00359566118823        0.8404013423538067
129.4534121257425         0.8403220313858863
129.99105925744124        0.8402255579527022
130.45772257328548        0.8401481586110762
130.99105925744118        0.8400613114898603
131.45772257328542        0.8399842480164507
131.99039214618801        0.8398948508327316
132.447089958908          0.8398214747157433
133.00419098270714        0.8397336615280581
133.45320743369268        0.8396581924344989
133.99105925744118        0.8395614334692004
134.45772257328537        0.8394791699980615
134.99105925744112        0.8393910439143208
135.46522164713684        0.8393159550130088
135.99073749441231        0.8392291671945361
136.47410927773865        0.839151482547611
137.003622882777          0.8390675455934351
137.46154853982273        0.8389775907784572
137.9918567732954         0.8388822420774084
138.4929752989221         0.8388048586563077
138.99473745423546        0.8387216884790581
139.4538146761625         0.8386462684780768
139.95386387732805        0.8385522523244971
140.46656081234835        0.8384614060050037
141.003001476465          0.8383848439966479
141.46185398637033        0.8383006881674051
141.99105925744084        0.8381871832940718
142.433384920952          0.8380957300471473
142.98390762666043        0.8380142513245028
143.42077785782863        0.8379446078914679
143.98618879583415        0.8378313525170888
144.44013027163578        0.8377472720488636
145.0074783973099         0.8376491049741943
145.46396865669317        0.8375615429574973
146.0481212198714         0.8374652933084167
146.47718696501317        0.8373991522342814
146.98998992116333        0.8373001790268413
147.47711543361504        0.837215402819661
147.98568980092773        0.8371293347693294
148.44719763956607        0.8370396203047563
149.00338368812606        0.8369442003142799
149.45348500938383        0.8368685567605
149.9910592574406         0.8367640909769106
150.45772257328497        0.836676807759227
150.99105925744055        0.8365815806241373
151.45772257328497        0.8364985403237032
151.9903054387746         0.8364021745327979
152.44341216667215        0.8363226191344424
152.97399827626413        0.8362042253245715
153.4517395999476         0.8360896844976995
154.07351456049605        0.8359902466472998
154.46654445683254        0.8359358174805168
154.98833881835577        0.8358140986643893
155.46544857437812        0.8357304191124717
155.96456428769648        0.8356679783099582
156.43842820470445        0.8355823209906792
156.99171105567615        0.8354816039424603
157.45464434529367        0.8354010792523072
158.00808025352183        0.8352972952993984
158.46393085365105        0.8352132813067239
158.98120587921227        0.8351264874914369
159.40950158234313        0.8350527044015907
159.9953750601752         0.8349325259570992
160.4564808099567         0.8348500771513494
161.00554060410195        0.8347586652293862
161.45669490125243        0.8346756343900461
161.99105925744027        0.8345783666669152
162.45399018518253        0.8344974109797209
162.9712311137667         0.8344115192309033
163.44379740666716        0.8343063548952501
163.9938815939754         0.8342138060966761
164.4474124167793         0.8341440940029763
164.99105925744027        0.8340450427169173
165.4577225732845         0.8339646611047565
165.99105925744016        0.8338732322461413
166.4577225732845         0.8337927549356192
166.99105925744016        0.8336996868111559
167.45772257328446        0.8336159711101996
167.99771248721186        0.833515848811163
168.46717196567005        0.8334373832663899
169.00887885421923        0.8333458709163031
169.46106783299285        0.8332664264953806
169.99105925744004        0.8331636101628546
170.45772257328434        0.8330784321076301
170.99105925744004        0.8329855643962848
171.4577225732843         0.8328996219940108
171.99105925743999        0.8327992803595544
172.4577225732843         0.8327154926403525
172.99105925744004        0.8326102964147484
173.45772257328417        0.8325227457161393
174.03122583178572        0.8324425525321854
174.4607388097162         0.8323645771609802
174.9910592574402         0.8322432054828345
175.45772257328395        0.8321554229076145
175.99105925744067        0.8320640351361164
176.47448715894006        0.8319827295322884
176.98860683610928        0.831898593358588
177.44593867996826        0.8318061419206382
177.9888905438661         0.8317045484170115
178.4453295897589         0.8316251706304851
178.99105925744556        0.8315133606082872
179.4577225732869         0.8314318613655041
179.99105925744846        0.8313274287368287
180.45772257328952        0.8312434079120425
180.99105925745158        0.8311523226365064
181.45772257329259        0.8310657527280161
181.99105925745414        0.8309730591217581
182.45772257329554        0.830881085539963
182.99105925745573        0.8307826422333735
183.46302576151322        0.8307046863297098
183.9764598930695         0.8306106238256944
184.4750327674921         0.8305107129976819
184.98961512787236        0.8304097803074229
185.4651441120498         0.8303209530970788
185.9984698620296         0.8302371959245417
186.4631048655463         0.8301304095640014
186.9917973327489         0.8300181540666141
187.43600850353096        0.82994062449607
187.99105925745567        0.8298125989387385
188.45772257329946        0.8297241066069728
189.00838984652927        0.8296299894282352
189.45227993333896        0.8295483085587982
189.99105925745545        0.8294266576457527
190.4577225732993         0.8293327501877013
191.0115867829914         0.8292337330043735
191.46180899975622        0.8291425415640037
191.99105925745533        0.8290259674427449
192.45772257329912        0.8289289208262691
192.99105925745528        0.8288243762365267
193.44700099454377        0.8287553165831463
193.94364894125948        0.8286624093780337
194.47100401505998        0.8285433233155911
194.98968217794413        0.8284618061205224
195.44115139780592        0.8283602527951394
195.99207127962995        0.8282490431256919
196.43781283168147        0.8281604695560821
196.99105925745488        0.8280268993338753
197.45772257329878        0.8279306001274656
197.99446407745103        0.8278350244270279
198.44731104626146        0.8277538717878098
198.9859779688257         0.8276372892057795
199.4666256207592         0.827555184757885
199.9700837088966         0.8274493860383992
200.47902008678284        0.8273413159978302
200.97605275799407        0.8272116450653527
201.4895841536494         0.8270719390977979
201.99105925745448        0.826997918550415
202.45867568399456        0.8269209705706799
202.95700099290866        0.8267843834409514
203.46417292875935        0.8266798083193259
203.96624947013623        0.8266186340075871
204.4516156497309         0.8265178958429964
205.00794527596656        0.8264078403940663
205.46200164815673        0.8263107491925495
206.01248896032837        0.8262144629333567
206.45626590927992        0.826132993153711
206.99060430399345        0.8260276241500487
207.43406960082638        0.8259350677198161
207.9910592574539         0.8258127187374745
208.447892207201          0.8257291106596168
208.9438795819492         0.8256353119274701
209.45772257329764        0.8255191283539411
209.9910592574538         0.8254102281497798
210.45772257329753        0.8253255415765495
210.99105925745368        0.8252172580628196
211.45772257329747        0.8251253592745098
211.99105925745368        0.8250150522660016
212.45772257329742        0.8249224239862714
212.9632528388849         0.824791014778259
213.46088137311563        0.8246821579114375
213.99105925745351        0.8245921899638856
214.42231066866992        0.8244730386794192
214.9909850166482         0.8243168059673104
215.51155582076774        0.8242567836613672
215.99265942463416        0.8241663445413235
216.4577225732972         0.8240591361293668
216.9865679625787         0.8239738044529992
217.41935107964173        0.8238907065106371
217.99046857204758        0.8237604768213024
218.45079875281192        0.8236752394057176
218.9777774542353         0.823579004346529
219.44265340149815        0.8234814583603074
219.991059257453          0.82336191992784
220.45772257329685        0.8232670946075462
221.01496010875155        0.8231743719603113
221.45505326387877        0.8230886127959463
222.03345849573827        0.8229747025548612
222.46276088654417        0.8228944202400301
222.99105925745272        0.8227670981969529
223.45772257329656        0.8226713921474209
223.99105925745266        0.8225748547587478
224.45772257329645        0.8224822906038095
224.99105925745255        0.8223762747659927
225.4577225732964         0.8222847592936364
225.9910592574525         0.8221695845697742
226.45772257329634        0.8220696302236932
227.02336440600004        0.8219778008654433
227.4546591042003         0.8218950884617563
228.02251197131994        0.8217727198102083
228.4547399398383         0.8216880693003316
228.9910592574522         0.821554483042783
229.45772257329605        0.8214581620423733
229.99105925745215        0.8213577975092893
230.45772257329594        0.821256431027874
230.99105925745204        0.8211598594996821
231.45772257329588        0.8210675188989677
231.99105925745198        0.8209643215847416
232.4577225732957         0.8208678685681559
232.99105925745192        0.8207611102634566
233.45772257329565        0.8206647558342692
233.9910592574518         0.8205486748017667
234.4577225732956         0.8204491566658563
234.9974074555343         0.8203622440998296
235.43766135995128        0.820274886385607
236.01199700805358        0.8201533750043395
236.4592353722133         0.8200609729766759
237.00929284268585        0.819948055209475
237.47202384467852        0.8198605644254029
237.9939420934283         0.8197363842418289
238.45436517661375        0.8196398236772806
238.9651077283189         0.8195299375696493
239.45772257329526        0.8194033493368644
239.99105925745135        0.8192842503516499
240.45772257329514        0.8191860011623399
240.99294687599627        0.819082516481793
241.4324283799067         0.8189871744479404
241.99262298011558        0.8188301922562605
242.4747744573756         0.8187545803652061
242.98836463649786        0.8186779037093909
243.47438469276665        0.8185727713583393
243.98165764849432        0.8184582701928678
244.46182300211086        0.8183509345200256
244.97630314021956        0.8182519393752852
245.4692694250262         0.8181426725713055
245.99224363718412        0.818039688001655
246.4577225732947         0.8179319763317479
246.9910592574508         0.8178247156207865
247.46180157999743        0.8177303307824246
247.9913594618289         0.8176170124696132
248.45570697095985        0.817528175589968
248.97298907946043        0.8174372383004145
249.42430534973084        0.817332955043468
249.9946918769271         0.8172053518252912
250.44387092555377        0.8171241799305047
250.9786997520049         0.8169912011759198
251.45519099118206        0.8168815223230612
252.0145895053069         0.8167830223572506
252.4392189753837         0.8166964397147595
253.0304734451194         0.8165832490545162
253.43750032824164        0.8165024450800826
253.98105226352862        0.8163795256128241
254.3892581371278         0.8163058933284285
255.0208399425647         0.816148803950022
255.45984561686288        0.8160550179853732
256.01426794908036        0.8159430423322965
256.4468072729809         0.8158484725365129
256.99105925744993        0.8157139662023873
257.4577225732937         0.8156068840157419
257.9910592574498         0.8155046301367994
258.45772257329367        0.8153960062084666
258.99105925744976        0.8152860907766659
259.4585808880951         0.8152002529034101
259.9714129590841         0.8150954977710799
260.45857231981216        0.8149810616601001
260.9716090818108         0.8148754668133628
261.4575577015956         0.8147447056145913
261.9826835761355         0.8146259402518622
262.4908140280381         0.8145323083253376
262.99644904316625        0.8144116621471706
263.45772257329327        0.8142882359264342
263.99979064141326        0.8141910314192129
264.43412043941134        0.8140955641398371
265.0240396718987         0.8139685411176224
265.454575855097          0.8138642282460179
266.0198130263592         0.8137333677498739
266.44574995121263        0.8136459903591353
266.97913889320245        0.8134943210452189
267.4612459913644         0.8134019096097476
267.95689404330346        0.8133043148235458
268.46214912426115        0.8131666346385373
268.9920472986279         0.8130524078997906
269.47794933283456        0.8129627853301442
269.9934642826674         0.8128522732986714
270.4739816458317         0.8127590015253894
270.9859611045398         0.8126544053086728
271.46928539052755        0.8125534993262802
271.98770219302406        0.8124389884895256
272.46720541803217        0.8123405394695327
272.98830607714024        0.8122250926801239
273.46460430096806        0.8121172172108106
273.98937596095834        0.8120262997190381
274.41941806726777        0.8119199788189764
274.99075825615466        0.8117858036560112
275.4258111724729         0.8117031073307454
275.9915306070181         0.8115468614148259
276.45772257329224        0.8114483136256324
276.9910592574483         0.8113400967140804
277.4577225732922         0.8112373995982995
277.9910592574482         0.811128574980709
278.4610583858416         0.8110367674917713
278.98010666417184        0.810924598974763
279.457722573292          0.8108059146660986
279.99105925744806        0.8106859220574063
280.4647938937066         0.8105830302923828
280.9905504202415         0.8104683938690842
281.47253981505463        0.8103687822182938
281.99522034247263        0.8102731442136806
282.4388457864437         0.8101630710355037
282.9977811690259         0.8100399061183069
283.44661478442447        0.8099329280113359
283.99937025258373        0.8097864798150562
284.4763659372411         0.8096883658869327
284.9844434674851         0.809567232661198
285.4304424613059         0.8094364230506403
286.0493244917489         0.8092976791954121
286.44310990957894        0.8092392706448206
287.07463431354967        0.8091081286470148
287.4650703742021         0.8090253728209114
287.9910592574473         0.8088661823766449
288.4577225732912         0.8087525027610012
288.9910592574473         0.8086391117727405
289.4577225732911         0.8085313703508972
289.9966710511189         0.8084168637779456
290.4581459756832         0.808332960041281
290.95768295384295        0.8082295566378226
291.45772257329094        0.8080859280031041
292.00869750939194        0.8079857224032231
292.4479931365202         0.8078753645505484
293.0029759079294         0.8077375783131164
293.43529195345303        0.8076084707687088
293.9979358145842         0.8074785960587733
294.45499909808956        0.8074089192852099
294.96463319854547        0.8072919850036123
295.4577225732906         0.8071594087826565
295.9910592574467         0.8070207560309314
296.4848415986596         0.8069382118038559
296.9792025527129         0.8067976371263231
297.4586411147657         0.8066619234454384
298.02668634685006        0.8064995453527326
298.4608835739945         0.8063734796361278
299.0303906282406         0.8062633044040559
299.35883617978624        0.8062239715156112
299.9842771216024         0.8060506255371307
300.4578936986619         0.8059308391679519
301.0087384945772         0.8058208220804111
301.45238161911163        0.805719866738707
301.99105925744624        0.8055926186688734
302.45772257329           0.805495029839775
303.0040480719222         0.8053934140788056
303.4565260077548         0.8052943619971704
303.9979239795891         0.8051891787016074
304.44060533042955        0.8050909789929754
304.991059257446          0.8049636718219132
305.4577225732898         0.8048579237104878
305.9910592574459         0.8047541606560453
306.4577225732897         0.8046480507227982
306.9910592574458         0.8045346422203815
307.4408088423372         0.80442634221691
307.9790944593595         0.8043088012489537
308.4521856405023         0.804212518696366
308.96699296960446        0.8041053439508636
309.47071683735925        0.8039963773098757
309.98484663986574        0.8038843902308584
310.47902221163355        0.8037817511157619
310.9868070265863         0.8036762108627417
311.46993506811333        0.8035673197934539
311.9865458035148         0.8034570221592661
312.4692323356454         0.8033528709042516
312.9868055170839         0.8032410091527117
313.4577225732892         0.8031293426151696
313.9910592574453         0.8030061200379386
314.45772257328906        0.802908580644283
314.9910592574453         0.8027916137504669
315.45772257328895        0.8026893946584632
315.99105925744516        0.8025644855911734
316.45772257328895        0.8024645780367266
316.99105925744504        0.8023407900455113
317.45772257328883        0.8022372655039491
318.0009116562678         0.802116621976374
318.4588644918367         0.8020140896953027
319.00449973144976        0.8018624895569453
319.4766655013185         0.801749210376933
320.0079042678617         0.8016678069801221
320.45084971710116        0.8015625955984234
320.99223324379284        0.8014439521790042
321.44077913579906        0.8013346490118695
322.00331080666535        0.8012086932635646
322.4672152142314         0.801114147698315
323.00690887768485        0.8009952817830366
323.46007892098453        0.8008852513719809
323.9959541102045         0.8007466359632659
324.4571360174866         0.8006432957130242
324.9803575170125         0.8004940861976677
325.482501646512          0.8003839387983639
325.9814232662693         0.8002729899494181
326.47157611034595        0.8001402598364813
326.999995050042          0.8000348827591655
327.45912571218037        0.7999328503881116
327.99105925744414        0.7998017053774134
328.4577225732879         0.7996915018773436
328.99105925744414        0.7995635231993798
329.4577225732879         0.7994516613420574
329.9910592574439         0.7993029442611633
330.4577225732878         0.7991921847476191
331.05333850886484        0.7991014901820833
331.4573060403469         0.7990081632124422
331.9870181967533         0.7988608237451064
332.4198834826253         0.7987510690167192
333.0311769609357         0.7986197057318798
333.45198950045767        0.7985070806251795
333.99105925744357        0.798343979341351
334.4723372471417         0.7982397808208341
335.0055770635339         0.7981001190365345
335.48446140085673        0.7979868221291182
335.9913263919607         0.7978580108324633
336.45772257328724        0.7977446860827574
336.98778661102426        0.7976525689160496
337.4234049714215         0.7975520665986622
338.0096142068319         0.7974168611548889
338.45207146280075        0.7973121138101258
338.99105925744334        0.7971702211160715
339.4596408488402         0.797068801453841
339.96929497301653        0.7969479177797005
340.46133390753585        0.796811232032788
340.95223093950926        0.7966651528972729
341.47959471655577        0.7965077643675684
341.9946787733917         0.7963772986363751
342.5083359866695         0.7962541384917112
342.99702217867457        0.7961654227696526
343.4485840732167         0.7960640015232034
343.96655951802074        0.7959281233461105
344.46533037658287        0.7958092485766404
344.9633002821947         0.7956894765962284
345.41366165772183        0.7955531828809282
345.9845343403092         0.7953904463423379
346.4334669288729         0.7952820845079435
347.00908091343683        0.7951496023881551
347.4497909496889         0.7950266785175253
347.9942221912702         0.7948723467813239
348.4764824758065         0.7947663462369996
349.0118031666832         0.7946653406282458
349.4554819918566         0.7945681584717698
349.99105925744254        0.7944240585510673
350.45772257328633        0.7943129202789941
350.9853641050586         0.7941966371665069
351.4235578115067         0.7940886419612987
351.99105925744243        0.7939228787425385
352.4577225732862         0.7938162398841662
352.99043790015673        0.7936819257216549
353.4387778602012         0.7935722268195511
353.9910592574423         0.7934172186316963
354.457722573286          0.7932947087117166
354.9880207349303         0.7931319868385853
355.45547532505464        0.7930014581501506
355.9771236623783         0.792900666679895
356.4338411566307         0.7927955120324559
356.9748366531687         0.7926702647759502
357.4299511681928         0.7925506694967435
357.99105925744186        0.7924037489426178
358.45772257328554        0.7922904266776196
358.9763357280294         0.7921662960622019
359.4598342149309         0.7920503286376062
359.99153452517555        0.7919306538701477
360.4577225732854         0.7918007077065778
360.99105925744163        0.791671586659504
361.4949515279427         0.7915730119415271
361.99385611164075        0.7914488040871008
362.4582392226023         0.7913300726732129
362.9746451544254         0.7912104764757375
363.4690464427531         0.7910887059456297
363.98829201850674        0.7909674020711732
364.4577225732851         0.7908510874218565
364.9910592574413         0.7907246223044554
365.4577225732851         0.7906123989530425
365.9910592574412         0.7904768503586893
366.45772257328497        0.7903605576464303
366.99105925744107        0.7902219462919472
367.45772257328485        0.7901015074448622
367.9888616641156         0.7899683070524195
368.43223795045344        0.7898572160406376
369.0159065640655         0.7897153542649207
369.4551975251758         0.7896051521512872
369.99502927809556        0.7894539626955689
370.45626504833535        0.7893375215560008
370.9964539798316         0.7891985182733163
371.43391700985137        0.7890816174748705
372.01744828586163        0.7889246234278935
372.4766193873602         0.7888208541152542
372.9922011700578         0.7886727915781255
373.4431211701974         0.788538667258133
373.99987295483663        0.7884079829716877
374.45463222134515        0.7882823977906295
375.00470639668674        0.7881537309150195
375.43260538587003        0.7880435350827493
375.9920638680485         0.7878947020358469
376.4447363033495         0.78778285160425
376.99138746544315        0.7876337000312947
377.45772257328406        0.7875180266719306
377.99105925744027        0.7873916401053351
378.45772257328406        0.7872754509668038
378.99105925744016        0.7871410629650217
379.45772257328395        0.7870259569207732
379.9935554320575         0.786906045757754
380.4350863636929         0.7867978911746596
380.9928203511531         0.7866705032563399
381.4290748150669         0.786556659987607
382.0167845895862         0.7864100608607772
382.44533098677573        0.786307480744288
382.9910592574398         0.7861545033813492
383.4577225732835         0.7860451393211287
383.99696692987675        0.7859235168871465
384.43765111043706        0.7858212964404642
385.02544920580226        0.7856821221776894
385.46102171364873        0.7855791646257368
386.01773089666995        0.7854439445000253
386.4462144373746         0.7853413320180735
386.9910592574395         0.7851874528701551
387.45772257328326        0.7850641163888393
387.9910592574395         0.7849380324784018
388.45772257328326        0.7848166487567327
388.99105925743936        0.784691059724161
389.43974678311645        0.7845556634379767
390.01005075167086        0.7844182739193551
390.45305276523413        0.7843087041048511
390.95840610166886        0.7841602385240665
391.48230994664755        0.7840335770570749
391.96792328608706        0.783919772287107
392.484753473889          0.7837946803345062
392.9784838838407         0.7836701559522266
393.48122303584137        0.7835378375445592
393.98012632180667        0.7834063318470277
394.45120253292134        0.7832765581906345
394.9517344793104         0.7831351687380738
395.4577225732827         0.7830023963445853
395.9856969630432         0.782881763672773
396.431104183602          0.78277648292116
396.98650438586776        0.7826177705255948
397.45954995870056        0.7825034746145064
398.0210422293195         0.7823868313202319
398.4608475887601         0.7822805350503412
398.99659286597546        0.7821417995471855
399.47282285220774        0.7820364581454597
399.99342745566696        0.7819031773766283
400.45542570115026        0.7817795651812676
400.99158663769606        0.7816371912617828
401.45772257328224        0.78152195303052
401.99105925743834        0.7813850260017534
402.4577225732821         0.7812739386122123
402.99105925743834        0.7811338031023126
403.457722573282          0.7810189036224888
404.0209709349833         0.7808695539038706
404.4568632700325         0.7807480328308902
405.06223071113163        0.7806051822878909
405.4561259021058         0.7805091264687387
405.9910592574379         0.7803624280900754
406.45772257328167        0.7802425674162761
406.9910592574379         0.7801172998348987
407.45772257328167        0.7799991551534189
407.9910592574379         0.7798746106118818
408.45772257328156        0.7797530504184671
408.99105925743777        0.7796222253188179
409.45772257328156        0.7795016206341714
409.99105925743777        0.7793673872284738
410.45772257328144        0.7792503753710857
410.99105925743766        0.779122529644521
411.494990641952          0.7790070221441816
411.994046187762          0.7788866338943766
412.4764221009774         0.7787631708680925
412.9840888523345         0.7786389232119947
413.4552285117287         0.7785125432059081
413.9890955308707         0.778375370373242
414.45772257328144        0.7782533825033271
414.9910592574372         0.7781066561196921
415.4512035323081         0.777994098388316
415.95738008429487        0.777840207008844
416.48911318952116        0.7776895029317001
416.9559897582109         0.7775290419300342
417.43319929391964        0.7773655169361009
417.9783523656099         0.7772473864980328
418.44182908607877        0.7771339595946174
418.98668918309295        0.7770186844210124
419.4078077431692         0.776917428014787
420.01491353441713        0.7767576850986672
420.44112385142716        0.7766282146901231
421.03763277655275        0.7764727399932803
421.434004901776          0.7763621764935085
421.99618762903765        0.776187904337877
422.4577225732935         0.776081519779036
422.98797036034057        0.7758871308835235
423.4986856615151         0.7757458280143813
423.99120145630366        0.7756270937253804
424.43106287470687        0.7754928193009443
424.97216214586194        0.77537218529084
425.4499756834417         0.7752254958318823
426.00051121723914        0.7750809363682405
426.4588213605523         0.7749723986412117
426.9721343995059         0.7748258735551026
427.4605332436655         0.7747126428349513
427.97963269519823        0.7745767135733721
428.43195022803377        0.774450952478341
428.983750907992          0.7743058006521498
429.4408724664461         0.7741702742574285
429.9952584579994         0.7740139818111406
430.46494785813206        0.7739149822542958
430.9915957280506         0.7737671889610845
431.4579158931439         0.7736491121778248
431.9829480678993         0.7735446524956722
432.40704806437475        0.7734357972509633
432.9883850539354         0.773289817951737
433.4266347020923         0.7731775116014408
434.0103865582016         0.7730320110973324
434.4572261648053         0.7729296001855525
434.9905767433388         0.7727831085543236
435.458702733634          0.772666365537569
435.9859972493299         0.7725292598124024
436.45078245306934        0.7724197257780078
436.97630133460177        0.7723066223122549
437.4615946974051         0.7721744504135719
437.99105925744993        0.7720354694443469
438.4577225732934         0.7719201181843511
438.99105925744993        0.7717907096306901
439.4577225732934         0.7716713846387582
439.99105925744993        0.7715436329737302
440.45772257329327        0.7714276669684286
440.9910592574498         0.7712990213856925
441.45772257329327        0.7711748317806559
441.9931477094408         0.7710376398391254
442.46557166363425        0.7709213673540372
442.9713073530504         0.7707955944531039
443.48021739393596        0.7706631622768225
444.01196163234715        0.7705366738161471
444.46295071686336        0.7704059068557076
444.9901830886389         0.7702593426716499
445.4583522396928         0.770147780382217
445.97873801601054        0.7700197338680587
446.45772257329304        0.7698890461103625
446.9910592574497         0.7697497735748983
447.4440071966976         0.7696294252358451
447.9958703380822         0.769493193996668
448.4395379118132         0.7693732877601309
448.97491747029983        0.7692317197784871
449.4560161927013         0.7691058492421875
449.99541194157837        0.7689660561819045
450.4676477385498         0.7688417079255594
450.9919838360721         0.7686902142566273
451.4762819686416         0.768574212725154
451.9929359850029         0.7684384060637521
452.4577225732928         0.7683052442336267
452.9910592574495         0.7681602248921888
453.4577225732928         0.7680309440410868
453.99105925744936        0.7678922502039545
454.4577225732928         0.7677742960770375
454.99105925744936        0.7676172444198237
455.4577225732928         0.7674975990220216
455.9705545001889         0.7673350466053885
456.44152705683746        0.7672104099592455
457.0172127602103         0.7670752916538912
457.4612337644886         0.7669651573239216
457.99105925744925        0.7668152411658247
458.4577225732926         0.7666907235430979
458.99105925744925        0.7665619230408259
459.4577225732926         0.7664382990402385
459.99105925744914        0.7663037356952198
460.4577225732926         0.7661880920267511
460.99105925744914        0.7660437679744536
461.4577225732926         0.7659241340067149
461.991059257449          0.7657640455374478
462.45498487885175        0.7656507872251547
462.98531758692366        0.7655261544138758
463.4471077381529         0.7654054147647646
463.9958965077352         0.7652583353720747
464.4506931626938         0.7651389302729261
464.9846106508503         0.7649747391622057
465.4591747517733         0.7648221965260802
465.9908082409962         0.7646563883782533
466.45763768756535        0.7645371272008838
466.97061977168664        0.7644047971329951
467.4529163667679         0.764251643265691
467.9892242457008         0.7641071187050452
468.45308229799593        0.763979188966746
468.99249897338746        0.7638296335881588
469.48311749895356        0.7636977150505937
469.98487496756013        0.7635597894659872
470.4740958001712         0.7634003223766049
470.9910592574487         0.7632737449263394
471.457722573292          0.7631496646218503
471.9910592574487         0.7629995234360658
472.457722573292          0.7628771058397106
472.99105925744857        0.7627153237957154
473.457722573292          0.7625846382940842
473.99105925744846        0.762426800159847
474.457722573292          0.7622984603047639
474.99105925744857        0.7621259311347449
475.457722573292          0.7619959911332695
476.0123217841858         0.7618692095345871
476.45671961248433        0.7617451203799734
476.9944201730825         0.7615934446500036
477.46263751494007        0.7614581621978964
477.99105925744857        0.7613148734355368
478.4577225732918         0.7611923750329121
478.99687793717953        0.7610527666298063
479.45716980558007        0.7609254235338325
479.99105925744846        0.7607892585784501
480.4577225732918         0.7606605323682447
480.99105925744834        0.7605168531124444
481.4577225732919         0.760383082326739
481.99105925744834        0.7602433926797089
482.4577225732918         0.760119244173014
482.99105925744834        0.7599790961093618
483.4577225732918         0.7598544659307268
483.99105925744834        0.7597072427053176
484.4577225732917         0.7595765732243354
484.99105925744834        0.7594346832366445
485.4577225732917         0.7592913546495138
485.9910592574482         0.7591504748281692
486.4577225732917         0.7590160753228177
486.9910592574482         0.7588691946769207
487.4577225732917         0.7587623083363937
487.9910592574482         0.7586154859825536
488.4577225732917         0.7584988015763157
488.9910592574482         0.7583495004455283
489.46144892169104        0.7582362831670604
489.9780721937566         0.7581072784946274
490.4876783722236         0.7579819307754431
490.9942777863696         0.757852549385828
491.4823244265332         0.7577282331728276
491.9937025445246         0.7575977672647263
492.45772257329145        0.7574619790420642
492.991059257448          0.7573162134501588
493.45772257329145        0.7571825731815403
493.9910592574479         0.7570216932904666
494.45772257329145        0.7568688725130482
494.9987126098729         0.7566914157723875
495.48126206609527        0.7565565161918427
496.00308000833616        0.7564247360518535
496.47824939247255        0.7563026820227319
497.0083874643361         0.756166719589902
497.45873403029816        0.756055266479809
497.9716619153571         0.7559148207406672
498.4607039710685         0.7557821579019826
498.9814094217264         0.7556457816084009
499.4667573387568         0.7555231871063635
499.9681441425232         0.7553888701326812
500.4577225732912         0.7552470179390054
501.00078831845565        0.7551178787777386
501.45239774033007        0.7550158049521247
502.00763660773055        0.7548621341345085
502.46134217384963        0.7547350928938391
503.01144574127807        0.7545775966568299
503.4609830196056         0.7544642538002309
503.99105925744766        0.7543224925216077
504.4577225732911         0.7541945281141399
504.99021170544734        0.754065996555893
505.4312813211973         0.7539468157413932
505.99018003405706        0.7537914771803985
506.4302932624039         0.7536642017464167
507.04416159733           0.7535134580693036
507.45405137617115        0.7533842690007622
507.99105925744755        0.753212677438191
508.45772257329077        0.7530865745439662
508.9969164934639         0.7529434046189957
509.4661551879208         0.7528168845172013
509.9993867760834         0.7526690318302204
510.45829763851543        0.7525516594820629
510.9806417274251         0.7523886178296186
511.46148106531996        0.7522598174001112
511.9902689465622         0.7521227969775176
512.4467872645657         0.7520024580345689
512.9910592574472         0.7518513270349021
513.4577225732907         0.7517291780989603
513.9910592574472         0.751580322522246
514.4577225732905         0.7514532727683582
514.9910592574472         0.7513135624370748
515.4577225732905         0.7511850246395448
515.9910592574471         0.7510395887755978
516.4577225732905         0.7509117736789067
516.9910592574471         0.7507643399101206
517.4577225732907         0.7506327097420051
517.991059257447          0.7504944495285122
518.4577225732908         0.7503620331425698
518.9910592574468         0.7502203324197145
519.4577225732912         0.7500912228366371
519.9910592574462         0.7499453561699019
520.4577225732921         0.7498137415525772
520.9956348543578         0.7496657978092613
521.4437325956216         0.7495331877576887
521.99176886079           0.7493631420366283
522.4494855150317         0.7492387658404802
522.9910592574354         0.7490624593573858
523.4577225733119         0.7489280474372433
524.0311494115952         0.7487864535065086
524.4622917347563         0.7486598567452171
524.9925515436234         0.7485126333493581
525.4196617199929         0.7483877041756462
525.9887840144338         0.748197421244742
526.4426016151193         0.7480702061252695
526.9892434113901         0.7478905519750206
527.4456965688737         0.7477602981828461
527.991059257063          0.7476019015175315
528.4577225740385         0.7474644197600167
528.9910592567771         0.7473063440566485
529.4577225747737         0.7471645621589029
529.9910592563687         0.7470205302982095
530.457722576392          0.7468790007022177
530.9910592559526         0.7467259213836436
531.4577225803705         0.7465895645217715
531.9984203774009         0.7464554110690756
532.4111727582616         0.7463152307902928
533.0338876746773         0.7461456262872898
533.4364504774302         0.7460134123406565
534.0701004673995         0.7458423808403903
534.4685379573033         0.7457432860767302
534.9887058904123         0.7455650495655871
535.4540477904868         0.7454580364584844
535.9516761181507         0.7453266086847998
536.4583759440968         0.7451785227762706
536.9676175214072         0.7450359392071461
537.4577244228374         0.7448852528193579
537.9910598664987         0.7447374358787789
538.4196476755858         0.7445761633423897
538.9854066497752         0.7444061891714796
539.4577285366526         0.7443136508902337
539.991060897198          0.7441612270216317
540.4577313063279         0.7440404243188723
540.9910614719724         0.7438832242444665
541.45773406881           0.7437590621059461
541.9910620125181         0.7435922805272068
542.4577367051224         0.7434645813670208
542.9910625427842         0.743283726105883
543.457739312311          0.7431540820797631
543.9910630701147         0.7429923124795107
544.457741839117          0.7428606599264513
544.9910635420827         0.7427166755986533
545.4577440573742         0.7425863933156698
545.989767116746          0.7424506135088303
546.4305201374336         0.7423286898373589
546.9910643764684         0.7421599519190687
547.4577484054481         0.7420301305229793
548.0023922292677         0.7418711261639452
548.4599249542327         0.7417409727649209
548.9910658955234         0.7416025797266298
549.4577563480341         0.7414715965027666
549.9919366573951         0.7413376639962341
550.4356561807231         0.7412133522205808
550.9903303054085         0.7410645176760737
551.438851318575          0.740936941856128
551.9961878650195         0.7407771869177612
552.456495205387          0.740643793150993
553.0423324488709         0.7405008186561581
553.469073818188          0.7403761570184022
554.0087399154105         0.7402080297175746
554.4795775399766         0.7400557785245443
554.9910685328197         0.7399143466825937
555.4529513396915         0.7397968448060623
555.9582965890979         0.7396515093556143
556.4767285144405         0.7395012990499502
556.9899068596818         0.7393465179377114
557.474603929211          0.739210793459611
557.9851343413543         0.7390504696132707
558.4413800050716         0.7389001495272298
558.9897334737741         0.7387437833915329
559.4390115966843         0.738605352140808
560.0151426835221         0.7384384004343431
560.4444382031877         0.7382933875114811
561.0034667304111         0.738106485458889
561.4633524678923         0.7379681185370961
561.9917328171359         0.7377969873373479
562.4578094394791         0.7376663213766866
562.9910768523647         0.7374706810501542
563.4467217046349         0.7373205280545077
564.0453614615795         0.7371898659153514
564.4506636167316         0.7370714607787842
565.0036333204607         0.7368995495092553
565.4257578266034         0.7367703769173932
566.0098826621257         0.736597277310314
566.4448772143933         0.7364670516399239
567.0121429089144         0.7363029532518366
567.4416161670313         0.7361479163086978
567.9836508918469         0.7359691326328082
568.4756980633715         0.7358363367061795
569.0123968663258         0.7357003408550222
569.4632119275623         0.735551744840977
570.0055476913071         0.7353731162301146
570.4455594101527         0.735229263983785
570.9909476198893         0.7350416945859818
571.4545469750566         0.7349111688623858
571.9970045256962         0.7347271077073777
572.457497945152          0.7345902947919947
572.9868486833246         0.7344383434240024
573.4501166369712         0.7342682479994226
574.005266511833          0.7341340789376835
574.4064999724906         0.7340148883052542
574.9788234787009         0.7338385068997544
575.4319620593694         0.7337060256886951
575.98494969788           0.7335345563611974
576.457795492538          0.7333978951772793
576.9835683502274         0.733246923120694
577.4584842524241         0.7330952048658909
577.9832401999163         0.7329448607779381
578.479364770782          0.7328189882393105
578.9788398000652         0.7326711274112039
579.4572477627056         0.732512245221614
579.9805126381489         0.7323432523049502
580.4500438865483         0.7322168426630886
580.9691444885541         0.732060197794033
581.4303123808617         0.7319360924677245
581.9765240954404         0.7317562503922336
582.4581063196042         0.7316129296717536
583.0155245033968         0.7314409443052159
583.4670027994371         0.731330259347321
583.9738356593684         0.7311937930297433
584.3979218590408         0.7310685576712705
584.9760088976125         0.7308926712256769
585.4569913065037         0.7307551788215796
585.9700095300987         0.7306220249846184
586.4564919980884         0.7304617096278876
586.983344936607          0.7303191735248461
587.4580066666514         0.7301696462190672
587.9798510402017         0.7300148470571777
588.4718567742776         0.7298652813737039
588.9868070622176         0.7297293526448294
589.4555148372322         0.729607549744351
589.963476451297          0.7294631799386703
590.4573921978158         0.7292918977591301
591.0226538964513         0.7291275381164698
591.4725609571437         0.7290143208177371
591.9837448047282         0.728849205301506
592.4857333386318         0.7286975699490377
592.9688109239257         0.7285421734435655
593.3987814543907         0.7283817175557333
593.8978544789409         0.7282061421427558
594.3913505793045         0.7280876593404819
594.7513375917949         0.7278925962756404
595.044785577671          0.7278039472218445
595.5244451849285         0.7275847697975366
595.864499952195          0.7273232595016438
596.6434387703108         0.7271448774506961
596.7031293030346         0.7270872442770194
596.7408948606328         0.727086827025734
597.5202287523113         0.7262719966896042
598.1918919646375         0.7262250060685749
598.3360141741744         0.7260362217961743
598.4713862626388         0.7260307574988897
599.1240553110965         0.7251752502280335
599.7263648476633         0.7253180897696072
600                       0.725086536981792
