0.894357468
0.894357468
0.894357467
0.894357467
0.894357467
0.894357467
0.894357463
0.894357466
0.894357463
0.894357462
0.89435745
0.894357447
0.894357415
0.894357429
0.894357414
0.894357381
0.894357356
0.894357297
0.894357199
0.894356956
0.89435673
0.894356555
0.894355952
0.894355586
0.894354968
0.89435441
0.894353855
0.894353146
0.894351944
0.894350909
0.894349492
0.894348175
0.894346516
0.894344657
0.894342313
0.894339926
0.894336714
0.894333904
0.894330885
0.894328055
0.894323596
0.894320839
0.89431737
0.894313791
0.894308621
0.894304362
0.894299193
0.894293772
0.894286885
0.894281261
0.894274292
0.894267836
0.894260832
0.894253646
0.894245581
0.894237695
0.894227392
0.894219192
0.894209014
0.894199272
0.894188935
0.894179906
0.894168967
0.894158176
0.894143523
0.89413133
0.894117631
0.89410418
0.894088873
0.894073074
0.894055191
0.894041334
0.894025611
0.894008945
0.893993597
0.893974447
0.893954311
0.893941144
0.893918474
0.893899501
0.893880072
0.893862585
0.893842617
0.893826526
0.893805799
0.893785265
0.893760298
0.893736922
0.893715812
0.893695675
0.893667213
0.893640803
0.893621025
0.89358835
0.893553456
0.893543689
0.893514553
0.893488804
0.893458956
0.893429513
0.89339341
0.893369459
0.893347155
0.89331691
0.893286447
0.893262301
0.893228284
0.893201214
0.89316825
0.89313954
0.89310676
0.893079113
0.893048078
0.893014369
0.892980095
0.89294228
0.892905776
0.892877473
0.892842804
0.892807456
0.89277103
0.892732111
0.892692954
0.892653431
0.892614576
0.892581716
0.892546519
0.892508087
0.892468678
0.892430955
0.892389513
0.892351134
0.892304494
0.892270146
0.892224291
0.892187662
0.892144627
0.892109464
0.892053312
0.892013577
0.891963666
0.891914647
0.891874293
0.89184364
0.891791675
0.891752514
0.891691151
0.891645678
0.891589144
0.891532154
0.891489821
0.891463195
0.891414664
0.891375379
0.891320325
0.891277003
0.891226188
0.891182105
0.891125396
0.891080523
0.891014124
0.890973211
0.890928659
0.89089243
0.890820713
0.890775162
0.890721942
0.890676204
0.890608529
0.89056259
0.890517343
0.890474631
0.890402681
0.89034859
0.890287482
0.890240261
0.890182953
0.8901234
0.8900619
0.89000638
0.889928186
0.88987015
0.889830705
0.889765327
0.889700008
0.889663839
0.889589341
0.8895391
0.889487379
0.889436069
0.889368968
0.889322556
0.889259434
0.889200843
0.889145322
0.889104332
0.889032024
0.888978194
0.888920175
0.888869658
0.888803585
0.888757263
0.888686394
0.888652778
0.888589866
0.888544218
0.888472562
0.888423983
0.888347694
0.888296645
0.888242576
0.888196992
0.888117794
0.888061164
0.888002766
0.887951423
0.887882158
0.887827768
0.887774719
0.887723583
0.887649598
0.887598012
0.887536277
0.887487798
0.887418814
0.887367683
0.887297775
0.88724602
0.887187587
0.887138111
0.887076137
0.887027954
0.886957487
0.886903639
0.886849354
0.886798102
0.886730451
0.886677039
0.886613799
0.886556883
0.886496914
0.886438402
0.886371901
0.886321896
0.88625474
0.886199347
0.886140191
0.886076933
0.886015128
0.885950421
0.885884887
0.885829639
0.885761692
0.885702775
0.885643774
0.885587404
0.885519801
0.885462911
0.885397286
0.885340226
0.885275392
0.8852174
0.885148538
0.885091259
0.885019476
0.884962487
0.884895814
0.88483824
0.884771604
0.884713803
0.884644353
0.884586832
0.884515143
0.884451281
0.884383715
0.884326419
0.884260963
0.884203153
0.884137024
0.884066883
0.883994177
0.883937914
0.883873396
0.883813914
0.883742879
0.883669715
0.883605793
0.883539225
0.883457338
0.883389716
0.883329024
0.883276525
0.883190402
0.883123435
0.883045096
0.882976277
0.882905209
0.88285197
0.88277435
0.882710419
0.882642369
0.882573125
0.882495616
0.882434547
0.882355415
0.882289829
0.882216665
0.882150879
0.882075778
0.882016061
0.881927692
0.88183726
0.881762985
0.881715368
0.88162495
0.881559752
0.881506546
0.881441818
0.881362523
0.881301328
0.881219925
0.881156544
0.881090386
0.881035875
0.880945826
0.880885117
0.880815029
0.880752307
0.880679752
0.880619904
0.880553654
0.880476818
0.880402431
0.880345957
0.880262524
0.880198894
0.8801305
0.880068537
0.879998465
0.879931278
0.879858109
0.879794467
0.879729477
0.879671095
0.879590804
0.879530157
0.879458843
0.879397742
0.879322633
0.879260991
0.879179848
0.879114876
0.879039991
0.878980458
0.878894446
0.878823434
0.878751528
0.878683662
0.878617892
0.878551343
0.878474517
0.878415537
0.87833275
0.878268511
0.87818504
0.878118034
0.878047575
0.877977962
0.877907805
0.877840298
0.877767075
0.877706751
0.877639636
0.877567258
0.877496348
0.877430151
0.877369727
0.877299313
0.877222177
0.877164329
0.877075859
0.877012174
0.876943488
0.876882232
0.876797993
0.876729722
0.876657309
0.876588164
0.876501211
0.876434218
0.876347707
0.876289077
0.876217299
0.876134636
0.876067819
0.875998315
0.875920353
0.875856591
0.87576977
0.875694701
0.875620565
0.875556279
0.875474139
0.87541217
0.875337866
0.875263412
0.875173524
0.875078559
0.875010329
0.874947075
0.874842775
0.874768021
0.87471162
0.874636841
0.874556992
0.874476981
0.87439963
0.8743343
0.87425751
0.874187938
0.874104271
0.87403425
0.873966346
0.873890343
0.873814067
0.873753611
0.873674621
0.873610971
0.873530857
0.873461599
0.873369308
0.873293005
0.873215834
0.873133966
0.873032346
0.872982663
0.872913588
0.872838761
0.872774043
0.872711264
0.872623018
0.872560185
0.872491008
0.87241872
0.872333907
0.872261305
0.872181823
0.872113518
0.872029105
0.871970376
0.871883642
0.871815002
0.871738499
0.871671299
0.871592632
0.871524334
0.871439647
0.871371745
0.871295898
0.871232991
0.871149825
0.871085626
0.871000681
0.870929316
0.870852331
0.870779414
0.870700132
0.870628628
0.870552691
0.870482613
0.870405438
0.870333781
0.870250297
0.870176538
0.870106409
0.870033998
0.869946268
0.869877549
0.869792696
0.869732568
0.869645683
0.869579043
0.869497886
0.869413504
0.869332355
0.869259949
0.869181398
0.869112395
0.869010249
0.868944047
0.868880539
0.868804473
0.868720044
0.868642974
0.86856795
0.868482686
0.868404855
0.868316794
0.868232699
0.868162153
0.868072235
0.868005957
0.867930577
0.867857387
0.867762433
0.867700418
0.867603765
0.867526658
0.86744169
0.867373428
0.867287646
0.867226065
0.867140916
0.867081633
0.866979487
0.866913474
0.86683214
0.866762394
0.866668021
0.866596211
0.866511099
0.866439003
0.866357319
0.866288613
0.866210273
0.86612664
0.866052296
0.865957165
0.865877044
0.865808907
0.86572902
0.86564917
0.865575858
0.865505267
0.865412204
0.865335244
0.865242826
0.865184285
0.865079203
0.865008236
0.864923695
0.86483038
0.864746055
0.864670327
0.864585944
0.864517804
0.864442248
0.864369488
0.864290529
0.864217302
0.864139309
0.864064788
0.863991207
0.863916623
0.863821262
0.863755221
0.863648018
0.863580134
0.863505743
0.863432887
0.86335237
0.863285452
0.863206001
0.863120501
0.863033232
0.86295276
0.862871745
0.862800954
0.86272581
0.862647725
0.862555979
0.862477238
0.862375615
0.862304435
0.862221996
0.862134224
0.862036852
0.861989006
0.861890569
0.861829983
0.861714706
0.861634984
0.861547743
0.861470951
0.861381597
0.86131638
0.861242617
0.86114109
0.861065306
0.860986348
0.860885245
0.860803861
0.860707396
0.860661952
0.86057925
0.860484224
0.860392581
0.860325978
0.860233107
0.860128047
0.860010981
0.859919701
0.859837103
0.859808223
0.859682064
0.859595127
0.859513904
0.859441056
0.859350249
0.859275268
0.859199649
0.859126613
0.859046057
0.858974703
0.858878116
0.858801417
0.8587208
0.858643027
0.858557731
0.858476863
0.858393488
0.858323022
0.858244835
0.858163627
0.858084247
0.858006169
0.857926007
0.857844127
0.857758495
0.857681189
0.857597847
0.857515755
0.857427842
0.857352787
0.857265183
0.857189949
0.857100246
0.857022845
0.856931835
0.856853367
0.856762739
0.856690026
0.856585817
0.856505819
0.856439578
0.856364024
0.856272849
0.856195184
0.85610226
0.856031332
0.855941284
0.855855424
0.85575021
0.855674059
0.855567244
0.855485872
0.855402936
0.85531096
0.855229859
0.855154195
0.855062569
0.854983593
0.854886225
0.854804153
0.854690912
0.854612595
0.85454609
0.854479667
0.854378496
0.854304269
0.854208519
0.854130164
0.854012883
0.853936004
0.853839666
0.853755898
0.853665841
0.853583891
0.853516949
0.853442858
0.853344607
0.853263967
0.853161069
0.853087905
0.853000771
0.852901042
0.852794039
0.85267711
0.852577622
0.852489055
0.852424501
0.852353225
0.852251607
0.852158023
0.852073036
0.851969081
0.851852218
0.851778508
0.85168535
0.85159989
0.85148618
0.851409635
0.851337472
0.851270168
0.851162874
0.851084693
0.85100161
0.850922027
0.850805213
0.850730029
0.850642128
0.850565927
0.850451099
0.850363284
0.850244196
0.85015528
0.850087638
0.850012495
0.849922979
0.849839137
0.849730224
0.84965153
0.849562606
0.849479692
0.849394823
0.849298818
0.849214363
0.849144922
0.84906704
0.848980869
0.848896519
0.848810749
0.848726777
0.848645019
0.848557779
0.848485224
0.848393003
0.848317506
0.848219897
0.848141618
0.84805558
0.847979405
0.847879078
0.847806128
0.847699778
0.847618197
0.847532329
0.847453565
0.847348039
0.847275505
0.847171405
0.847073555
0.846986861
0.846902433
0.84681386
0.846742695
0.846635787
0.846558531
0.84645542
0.84637261
0.846280684
0.846200683
0.846106264
0.846023536
0.845943641
0.845870767
0.845772406
0.8456998
0.845598595
0.845526161
0.845411098
0.845328291
0.845242846
0.845167966
0.845062271
0.844983839
0.844885746
0.844807149
0.844691655
0.844602037
0.84451472
0.844421807
0.84432975
0.84421418
0.84410698
0.844037558
0.843915357
0.84381585
0.843742836
0.843652416
0.843559885
0.843462781
0.843366903
0.843265243
0.84315544
0.843049345
0.842959346
0.842885218
0.842762391
0.842681195
0.842599905
0.842519092
0.842404207
0.842327024
0.842236744
0.842144819
0.842042699
0.841961171
0.841866331
0.841781495
0.841678601
0.841589626
0.841491397
0.841397506
0.841295201
0.841231647
0.841105788
0.841019606
0.840926252
0.840840162
0.840742831
0.840653067
0.840557635
0.840466957
0.840374082
0.84027985
0.840184785
0.84010939
0.840020167
0.839922858
0.8398316
0.839726253
0.839621363
0.839535679
0.839428973
0.839352073
0.83923387
0.839123495
0.83901547
0.838901064
0.838827196
0.838747797
0.838671332
0.838593127
0.838468095
0.838365044
0.838242996
0.838176215
0.838031437
0.837958321
0.837813421
0.837704893
0.837651276
0.837559826
0.837468632
0.837376469
0.837272698
0.837190194
0.837082574
0.83699708
0.836913265
0.836808907
0.836703019
0.836600353
0.836481784
0.836427264
0.836310426
0.836220696
0.836160281
0.836082747
0.835957681
0.835874538
0.835756403
0.835672214
0.83555017
0.835449251
0.835349282
0.835269
0.835185195
0.835068574
0.83495451
0.834867649
0.834765404
0.834676025
0.834573699
0.834483161
0.834378985
0.834281335
0.834172179
0.834088643
0.833992616
0.833890524
0.833800263
0.833696581
0.833579491
0.833498837
0.833401141
0.833300206
0.833196294
0.833108449
0.833009117
0.832924746
0.832811801
0.832722646
0.832613075
0.83252423
0.83242405
0.832331539
0.832235423
0.832133229
0.832029706
0.831943923
0.831837326
0.831750753
0.83164203
0.831552717
0.831437426
0.83134466
0.831247127
0.831162768
0.831037358
0.83094344
0.830841145
0.830747679
0.830640284
0.830544241
0.830434323
0.83033366
0.830212277
0.830127561
0.83005724
0.829967066
0.829851018
0.829758481
0.829625252
0.829502913
0.829392238
0.829312467
0.829216524
0.829097578
0.828996041
0.828907448
0.828780631
0.828685278
0.828568811
0.8284448
0.828358323
0.828271117
0.828162209
0.828076083
0.827965842
0.827871807
0.827762002
0.827671528
0.827554527
0.827459696
0.827365042
0.827274122
0.827147765
0.827055618
0.826949771
0.826858831
0.826755158
0.826662846
0.826559665
0.826467719
0.826367554
0.826278883
0.8261744
0.826082922
0.82598237
0.82588947
0.82578841
0.825691708
0.825584193
0.82548735
0.825375526
0.825277418
0.825168323
0.825066172
0.824954456
0.824850851
0.824740243
0.824654421
0.824549457
0.824452865
0.824351962
0.824245355
0.824138789
0.824023167
0.823909834
0.823815126
0.823698396
0.82359266
0.823478736
0.823398408
0.823291602
0.823195453
0.823091248
0.823004416
0.822879682
0.822761132
0.822649264
0.822556852
0.822442109
0.822301184
0.822221572
0.822148795
0.822025076
0.821909818
0.821788137
0.821701655
0.821562058
0.821469464
0.821368152
0.821278074
0.821147974
0.821051616
0.820933852
0.820844619
0.820693299
0.820592291
0.82048124
0.820376487
0.820267777
0.820173327
0.820044803
0.819937622
0.819856788
0.819760372
0.819640606
0.819547132
0.819439063
0.819341452
0.819235158
0.819138542
0.81902724
0.81892969
0.818822325
0.818725236
0.818617534
0.818523289
0.818412311
0.81831613
0.81820182
0.818103592
0.818003238
0.817916183
0.817791987
0.817698056
0.8175688
0.817469362
0.817375242
0.817282641
0.817169905
0.817080888
0.816935974
0.816839338
0.816728834
0.816631665
0.816514722
0.816413372
0.816301489
0.816200595
0.816083402
0.815978037
0.815850509
0.815739848
0.815648389
0.815528855
0.815384571
0.815290711
0.815150928
0.815079599
0.814911171
0.814834373
0.814736977
0.814610334
0.814510638
0.814373042
0.814260667
0.814131077
0.813995311
0.813942487
0.813829415
0.813739448
0.813628619
0.813538208
0.8134242
0.813331116
0.81321713
0.813122999
0.813006223
0.812909865
0.812792523
0.812695558
0.812597418
0.812507326
0.812370981
0.812271869
0.812167038
0.812070216
0.811946946
0.811845479
0.811752958
0.811657675
0.811534408
0.811436176
0.811299715
0.811192417
0.811083935
0.8109821
0.8108279
0.810707891
0.810597854
0.810516456
0.810412122
0.810293444
0.81018171
0.810068175
0.809963834
0.80984568
0.80972155
0.809623054
0.809502516
0.809393848
0.809232385
0.809153806
0.809035684
0.808928927
0.808801666
0.808684632
0.808598496
0.808509292
0.808356063
0.808265497
0.808133891
0.808042217
0.807923235
0.807810531
0.807669564
0.807579144
0.807496594
0.807376961
0.807238262
0.807153483
0.807016752
0.806906376
0.806785292
0.806678687
0.806525929
0.806373042
0.806281474
0.806233318
0.806079882
0.805973157
0.805834497
0.805720156
0.805612527
0.805500229
0.805388165
0.805293111
0.805183292
0.805049167
0.804917554
0.804815061
0.804721007
0.804622089
0.804468816
0.804345792
0.804234054
0.804149934
0.804040166
0.803939982
0.803763938
0.803657057
0.80354873
0.803420407
0.803303408
0.8031899
0.803049942
0.802923764
0.802819531
0.802723556
0.802610505
0.802452512
0.802339608
0.802257103
0.802120821
0.801992561
0.801879757
0.801729743
0.801593824
0.801498454
0.801291298
0.80122091
0.801032268
0.800757842
0.800631975
0.800577776
0.800578311
0.799843947
0.799822984
0.799671762
0.799670435
0.798999549
0.799116688
0.79894619