0.922297827
0.922426358
0.923655691
0.924775682
0.925033388
0.925254926
0.926325401
0.927242961
0.927326893
0.927498861
0.928280539
0.928511246
0.929235981
0.929621695
0.930184022
0.93042637
0.931000882
0.931446936
0.931990856
0.932414413
0.933039523
0.933407746
0.934063972
0.934485344
0.935009051
0.935429829
0.935886177
0.936243992
0.936723723
0.937100892
0.937498505
0.937854813
0.938241928
0.93855481
0.938925357
0.939219484
0.939565599
0.939851199
0.940162343
0.94039867
0.940733783
0.940987942
0.941273824
0.941496234
0.94176207
0.941982443
0.942226494
0.942431711
0.942661078
0.942854707
0.943066854
0.943245888
0.943447131
0.943612746
0.94380151
0.943958738
0.944134003
0.944280575
0.944444242
0.94458198
0.944732709
0.944861946
0.945000806
0.945117437
0.945258146
0.945373228
0.945498889
0.945606971
0.945721292
0.945821577
0.945931972
0.946030286
0.946119449
0.94620758
0.946299174
0.946375172
0.946469597
0.946538148
0.946616619
0.946681739
0.946747138
0.946805357
0.946868422
0.946920874
0.946976715
0.947025472
0.94707436
0.947119592
0.947168344
0.947207044
0.947249954
0.947285308
0.947328411
0.947350946
0.947390889
0.947417129
0.947447741
0.947472787
0.947502347
0.947524721
0.947545975
0.947569106
0.947590399
0.94760588
0.9476241
0.947638486
0.947651945
0.947664091
0.947676107
0.947686271
0.947696989
0.947706726
0.947714869
0.947720709
0.947727566
0.947731295
0.947735367
0.947740854
0.947743718
0.947743179
0.947743157
0.947740213
0.947738915
0.94773293
0.947729713
0.947729682
0.947725553
0.947717342
0.947711297
0.947705144
0.947697483
0.947689396
0.947678326
0.947671012
0.947658922
0.947650028
0.947640316
0.947632243
0.947613851
0.947602581
0.94758692
0.947569969
0.947558166
0.947549985
0.947532617
0.947519194
0.947497319
0.947480565
0.94745981
0.947436853
0.947420478
0.947410646
0.947392507
0.947378332
0.947357308
0.947340945
0.947321885
0.947304014
0.947280119
0.947260859
0.947234653
0.947218393
0.947198933
0.947183763
0.947152546
0.947133125
0.947111175
0.947092084
0.947065475
0.94704553
0.947025936
0.947007553
0.946977282
0.946953116
0.946926106
0.946904124
0.946878781
0.946853476
0.946826597
0.946803123
0.946766071
0.946741121
0.946724453
0.94669466
0.946665219
0.946649854
0.946614474
0.946591929
0.946568248
0.946545363
0.946514897
0.946491077
0.946462059
0.946434861
0.946408967
0.946391285
0.946357366
0.94633324
0.946306356
0.946282402
0.946250368
0.946228503
0.946195831
0.946181411
0.946153246
0.946131121
0.946098927
0.946076029
0.946042619
0.946019606
0.945993611
0.945972293
0.945933124
0.945907877
0.945881978
0.94585807
0.945826994
0.945802506
0.9457767
0.945753051
0.945719089
0.945695405
0.945667623
0.945642145
0.945612323
0.945586565
0.945554543
0.945529535
0.945500267
0.945476135
0.945446154
0.945422245
0.94538678
0.945360565
0.945334544
0.945310071
0.94527542
0.945249713
0.945217358
0.945189871
0.945158815
0.945130931
0.945098973
0.945074677
0.945041884
0.945015244
0.944986155
0.944955264
0.944925466
0.9448944
0.944862675
0.944835816
0.944802539
0.944774156
0.944745261
0.944718258
0.944686639
0.944659649
0.944627496
0.944599836
0.944567562
0.944539734
0.944506162
0.94447797
0.944443544
0.944415708
0.944383792
0.944356315
0.944323568
0.944296065
0.944262946
0.944235086
0.944201484
0.944172124
0.94414014
0.944110917
0.944079653
0.944052242
0.944022484
0.943991168
0.943957143
0.943932306
0.943902656
0.943874432
0.943841042
0.943806004
0.943780683
0.943749789
0.943710581
0.943678206
0.943647945
0.943626796
0.943586475
0.943553676
0.94351864
0.943484824
0.943450915
0.943430115
0.943393987
0.943364534
0.943331751
0.943297109
0.943259664
0.943228797
0.94319266
0.943162959
0.943129331
0.943099605
0.943064948
0.943036596
0.942996549
0.942952285
0.942918822
0.942895655
0.94285138
0.942822228
0.942796542
0.942766969
0.942730631
0.942702922
0.942665365
0.942635321
0.942605302
0.942579361
0.942536362
0.942506765
0.942473727
0.942444224
0.942410002
0.942382021
0.942350162
0.942315162
0.942278221
0.942251764
0.942210372
0.94217947
0.942148344
0.942116847
0.942084074
0.942054281
0.942017246
0.941988207
0.941952719
0.941924219
0.941886331
0.941856307
0.941821772
0.941791358
0.941756952
0.941726048
0.941687131
0.941654702
0.941617825
0.941588851
0.941550068
0.941515314
0.941482036
0.941448499
0.941416136
0.941385313
0.941349032
0.941321893
0.941284402
0.941254373
0.941215935
0.941184034
0.941152592
0.941119326
0.941086876
0.941052487
0.941018938
0.940986814
0.940953517
0.940918482
0.940884905
0.940852149
0.940821951
0.940788798
0.940752863
0.940726574
0.940686342
0.940656665
0.940624318
0.940596761
0.940556409
0.940527127
0.940492824
0.940464242
0.940426115
0.940395533
0.940361016
0.940336093
0.94030603
0.940270392
0.940240669
0.940210823
0.940175328
0.940147074
0.94010873
0.940077617
0.940044737
0.940017498
0.939979439
0.939953471
0.939918966
0.939885839
0.939845495
0.939804007
0.93977657
0.939751433
0.939709959
0.939676678
0.939653617
0.93962139
0.939587082
0.939553959
0.939519841
0.939490848
0.939456681
0.939426562
0.939386617
0.939356957
0.93932483
0.939287413
0.939252403
0.939223934
0.939188767
0.939159625
0.9391228
0.939092824
0.939050286
0.939014678
0.938981304
0.938941844
0.938893167
0.938870463
0.938839914
0.938805833
0.938777302
0.938748588
0.938704769
0.938675035
0.938640166
0.938604947
0.938561629
0.93852642
0.938488941
0.938454689
0.938417276
0.938388922
0.938347935
0.938316969
0.938280954
0.938250937
0.938213446
0.938182026
0.938140372
0.938108152
0.938072222
0.938042851
0.938006734
0.937976853
0.937936943
0.937904393
0.937867141
0.937834265
0.937795431
0.937762946
0.937728057
0.937695397
0.937659061
0.937626047
0.937587728
0.937553313
0.937519154
0.937484152
0.937444069
0.937412173
0.937375166
0.937347053
0.937307925
0.937276952
0.937240563
0.937202761
0.937165746
0.937133013
0.937095859
0.937065274
0.93701948
0.936990055
0.936961878
0.936927184
0.936891198
0.936856088
0.936821811
0.936783573
0.936747256
0.936706893
0.936667937
0.936636239
0.93659605
0.936566599
0.936532885
0.936500063
0.936457287
0.936428144
0.936384822
0.936348491
0.936310769
0.936279691
0.936238161
0.936209665
0.93617064
0.936143854
0.936094692
0.936063089
0.936026774
0.935996167
0.935952702
0.935919911
0.935883617
0.935850094
0.935813379
0.935783302
0.935748447
0.93570997
0.935675304
0.935633065
0.935595787
0.935562192
0.935524687
0.935485692
0.9354526
0.935420496
0.935377874
0.935344043
0.93530178
0.935274422
0.93522877
0.935198147
0.935163329
0.93512052
0.935083623
0.935049368
0.935012304
0.934980536
0.934944765
0.934911346
0.93487439
0.934841099
0.934802441
0.934767793
0.934734914
0.934700563
0.934657141
0.934626267
0.93457796
0.934543518
0.934507238
0.934474053
0.934434939
0.934402835
0.934364082
0.934325912
0.934281949
0.934245693
0.934206924
0.934172264
0.934138121
0.934101456
0.934059103
0.934022692
0.933975226
0.933942378
0.933902948
0.933859571
0.933815099
0.933788929
0.933743897
0.933716421
0.93366349
0.933629607
0.933588169
0.933551326
0.933507499
0.933476334
0.933442333
0.933395648
0.933359029
0.933323154
0.933277926
0.933235801
0.933192539
0.933166088
0.933125539
0.93308217
0.933034669
0.933006638
0.932960838
0.932917271
0.93286375
0.932823413
0.932783655
0.932769002
0.932717462
0.932678547
0.932640035
0.93260764
0.932566455
0.932533105
0.932498209
0.932465603
0.932429467
0.932397228
0.932356324
0.932321707
0.932285186
0.932248438
0.932208186
0.932171112
0.932133124
0.932099294
0.932063418
0.932027686
0.931991345
0.9319573
0.93192124
0.931884639
0.931847672
0.93181196
0.931774624
0.931737108
0.931696915
0.931663848
0.931622526
0.931588586
0.931547657
0.931513241
0.931470606
0.931436059
0.93139363
0.931358661
0.931308954
0.931270675
0.931239464
0.93120301
0.93116256
0.931123671
0.931079904
0.931048611
0.931007699
0.930969979
0.93092264
0.93088541
0.930834855
0.930793053
0.9307524
0.930708958
0.930664648
0.930628022
0.930586026
0.930548205
0.930504301
0.93046679
0.930418513
0.930381106
0.930347704
0.930315516
0.930268895
0.930234928
0.930189536
0.930154688
0.93010142
0.930065917
0.930023049
0.929984008
0.929943106
0.92990355
0.929870031
0.929834359
0.929787926
0.929753748
0.92970719
0.929673118
0.929632491
0.929590103
0.929544854
0.92949817
0.929457946
0.929417183
0.929387201
0.929352449
0.929307524
0.929264905
0.929225596
0.929180508
0.929126994
0.929093458
0.929049221
0.92901107
0.928959377
0.928922404
0.928886624
0.928853641
0.92880583
0.92876968
0.928732096
0.928698867
0.928648354
0.928612037
0.928573409
0.928538577
0.928487385
0.928449819
0.928397425
0.928360478
0.92832494
0.928289782
0.928248579
0.928207704
0.928156436
0.92811677
0.928072075
0.928032228
0.927990929
0.927945994
0.927904315
0.9278728
0.927834578
0.927792619
0.927751609
0.927711784
0.92766908
0.927629705
0.92758752
0.92755085
0.927508486
0.927471095
0.927426248
0.9273885
0.927346109
0.927310495
0.927265718
0.927230459
0.927180959
0.927143258
0.92709734
0.927058451
0.927007192
0.926972517
0.926924169
0.926878127
0.926835536
0.926795272
0.92675415
0.926719817
0.926670637
0.926634285
0.926585947
0.926547779
0.926506669
0.926469758
0.926427086
0.926388585
0.926351429
0.926316603
0.926271294
0.926234961
0.926186502
0.926154173
0.926101225
0.926063985
0.926022243
0.925986479
0.925935794
0.925899956
0.925854953
0.925818693
0.925765149
0.925723056
0.925682334
0.925637196
0.925593646
0.92554178
0.925493482
0.925460125
0.925406904
0.925363808
0.925327453
0.925286406
0.925243838
0.925197074
0.925152086
0.925107596
0.925056208
0.925007236
0.924963666
0.92492825
0.92487223
0.924831129
0.924792153
0.924754413
0.924703789
0.924668854
0.924622303
0.92458053
0.924530859
0.924493056
0.924442229
0.924402694
0.92434343
0.924301684
0.924247982
0.92420422
0.92415772
0.924126619
0.92407703
0.924034761
0.923993066
0.923951872
0.923910943
0.923869294
0.923827802
0.923786576
0.923742768
0.92369998
0.923656959
0.923620676
0.923580922
0.923535197
0.923494784
0.923447099
0.923399778
0.923358585
0.923308658
0.923273862
0.923222515
0.923173203
0.923119119
0.923063331
0.9230244
0.922986032
0.922945211
0.92290928
0.922854563
0.922806342
0.922750895
0.922714128
0.922654115
0.922620657
0.922557569
0.922508383
0.922471009
0.922426167
0.922384166
0.922334273
0.92228485
0.922249347
0.922197654
0.922159808
0.922113759
0.922069329
0.922019497
0.921973413
0.921919657
0.921886941
0.921836781
0.921795075
0.921760505
0.921722897
0.921670396
0.921631811
0.921581907
0.921544759
0.92149177
0.92144902
0.921399011
0.921360407
0.921320674
0.921272252
0.921222999
0.921181908
0.921137974
0.921096386
0.921052093
0.921012308
0.920965485
0.920924875
0.920875559
0.920840405
0.920796588
0.920752624
0.920710599
0.920665356
0.920617574
0.920578569
0.920532839
0.920487821
0.920440709
0.920400434
0.920353362
0.920313457
0.920261318
0.920218485
0.920164727
0.920120331
0.920073708
0.920032916
0.91998658
0.919940268
0.919891253
0.919847245
0.91979573
0.919754758
0.919705337
0.919664157
0.919611302
0.919569758
0.919525668
0.919486178
0.919435281
0.919392096
0.919346871
0.919303196
0.919255497
0.919213308
0.919162259
0.91912046
0.919063845
0.919023339
0.91898255
0.918941065
0.918890671
0.91885068
0.918793403
0.91873975
0.918685855
0.918645063
0.918598011
0.918545818
0.918494097
0.918447541
0.918395226
0.91835396
0.91830483
0.918250511
0.918208176
0.918167389
0.918116418
0.918072819
0.918017359
0.917973439
0.917917619
0.917875036
0.917813842
0.917771623
0.917725294
0.917683812
0.917628879
0.917582385
0.917534974
0.917491033
0.917445769
0.917400329
0.917353746
0.917307877
0.917256951
0.917210015
0.917159911
0.917116802
0.917067439
0.917023166
0.916975298
0.916930864
0.916879213
0.916833929
0.916782245
0.916738283
0.916687686
0.916644785
0.916594805
0.916550506
0.916501518
0.916463086
0.916416522
0.916371518
0.91632748
0.916280295
0.916233653
0.916182193
0.916131674
0.916083152
0.916030589
0.915976675
0.915919967
0.91587582
0.915824993
0.915782538
0.915734172
0.915694072
0.915638893
0.915588293
0.915533884
0.91549123
0.915439918
0.915382118
0.915333453
0.915297669
0.915232681
0.915181073
0.915119627
0.915074776
0.915015827
0.914966646
0.914914866
0.914867162
0.914811646
0.914758906
0.91470358
0.914654225
0.914582255
0.914536205
0.914476204
0.914427553
0.914370251
0.914325766
0.914258541
0.914205147
0.914144288
0.914094583
0.91403679
0.913990306
0.913935636
0.913889723
0.913836034
0.913788942
0.913736996
0.913690917
0.91363423
0.913587837
0.913538681
0.913492928
0.913444823
0.913398145
0.913346985
0.913299382
0.913249298
0.913205437
0.913146429
0.913103925
0.913046188
0.913000211
0.912953811
0.912911893
0.912860282
0.912820093
0.912757728
0.912713746
0.912651776
0.912606753
0.912555705
0.91250734
0.912455717
0.912407437
0.912357526
0.912307719
0.912254068
0.912204879
0.912156313
0.912104352
0.912039121
0.911991106
0.911930814
0.911896528
0.911834779
0.911797534
0.911750521
0.911695849
0.911644215
0.911586773
0.911532944
0.911472161
0.911411336
0.911377889
0.911325094
0.911283078
0.911228951
0.911186729
0.911130386
0.911087399
0.911035916
0.910992798
0.910940736
0.910897325
0.910843996
0.910799708
0.910752027
0.910711244
0.910650101
0.910604889
0.910549927
0.910505197
0.910454347
0.910407329
0.910361832
0.910317869
0.910261871
0.910216055
0.910159372
0.91011081
0.910060558
0.910014462
0.909952104
0.909899973
0.909849224
0.909811418
0.909760307
0.909707968
0.909654204
0.909604064
0.909555033
0.909498421
0.909441858
0.909393715
0.909337118
0.90928498
0.909217394
0.909174994
0.909115897
0.909068635
0.909000366
0.908948397
0.908903937
0.908861457
0.908798932
0.908754255
0.908691657
0.908646513
0.908588607
0.908533163
0.908469301
0.908424312
0.908379614
0.908325284
0.90826505
0.908218103
0.908153743
0.90810601
0.908041505
0.907993226
0.90793398
0.907870114
0.907819807
0.907781735
0.907718125
0.90767051
0.907608696
0.907555909
0.907500533
0.907446534
0.907391546
0.907347667
0.907295368
0.907237878
0.907179964
0.907134401
0.907085922
0.907039884
0.906975049
0.9069207
0.906862379
0.906824374
0.906773977
0.906729822
0.906660992
0.906609813
0.906561203
0.906499966
0.906447192
0.906389386
0.906328229
0.906271998
0.906217808
0.906168443
0.906109739
0.906046027
0.905984364
0.905942381
0.905886314
0.905833394
0.905782336
0.905726666
0.905664242
0.905617067
0.905541225
0.905510163
0.905432077
0.905336341
0.905276168
0.905256112
0.905256032
0.904969968
0.904958446
0.904891468
0.904890249
0.90457693
0.904624316
0.904541063