0.875420877
0.875574927
0.877048269
0.878416881
0.878731545
0.879007027
0.880338536
0.881497478
0.881603719
0.881823978
0.882826801
0.883127563
0.884072373
0.884579588
0.885326198
0.885650189
0.88642473
0.887032219
0.887778047
0.888365624
0.889242851
0.889764976
0.890701158
0.891313533
0.892080249
0.892702455
0.893385397
0.893925965
0.894659538
0.895238005
0.895857575
0.896418255
0.897035624
0.897540071
0.898137306
0.898622558
0.899195402
0.899676877
0.900201888
0.900607563
0.901188619
0.90163544
0.902138326
0.902539567
0.903022357
0.903426274
0.903878227
0.90426495
0.904696656
0.905074835
0.905486926
0.905836431
0.906237437
0.906572065
0.906957152
0.907279126
0.90764771
0.907957156
0.908306486
0.908604431
0.908930601
0.909218016
0.909527224
0.90979057
0.910109886
0.910373711
0.910663617
0.91091735
0.9111904
0.911431772
0.911696093
0.911926517
0.912155597
0.912369868
0.912600583
0.912807929
0.913061644
0.91324502
0.913463613
0.913657069
0.913851471
0.914029326
0.91422354
0.914387616
0.914568221
0.914734127
0.914909957
0.915077878
0.915242434
0.915386792
0.915553638
0.915699243
0.91585522
0.915976601
0.916151437
0.916249965
0.916392999
0.916515796
0.91665535
0.91676253
0.916898809
0.917008264
0.917113765
0.917217098
0.917329447
0.917416843
0.917522342
0.917606289
0.9177005
0.917779747
0.917868387
0.917944144
0.918025161
0.918095162
0.918171493
0.918235046
0.918303591
0.918371361
0.918432045
0.918484729
0.918541153
0.918590242
0.918644007
0.918689042
0.91873868
0.918791545
0.918832976
0.918870308
0.918911336
0.918951491
0.918990002
0.91902167
0.919055202
0.919087237
0.919115404
0.919143055
0.919177679
0.919200525
0.919223528
0.919246496
0.919271549
0.919283223
0.919310123
0.919329854
0.919347961
0.919358308
0.919375359
0.919384076
0.919393919
0.919385407
0.919400449
0.919410492
0.919410703
0.919410887
0.919409177
0.919409706
0.919408065
0.919407346
0.919405034
0.919400899
0.919391745
0.919391613
0.919395016
0.919395377
0.919373874
0.919367566
0.919362538
0.919354526
0.919340624
0.919328867
0.919322878
0.919311581
0.919279181
0.919261075
0.919234565
0.919216263
0.919197952
0.919175129
0.919158927
0.919139651
0.9190971
0.919077151
0.919073024
0.919041752
0.919021279
0.919010337
0.918965257
0.918944969
0.918921294
0.918901995
0.918873765
0.918851885
0.918830073
0.918799442
0.918775724
0.918755643
0.918708663
0.918684132
0.918656056
0.918630879
0.918598785
0.91857933
0.91853174
0.918516918
0.918483412
0.918459524
0.918426878
0.918402119
0.918371694
0.918345524
0.918325156
0.918300324
0.918256886
0.918227511
0.91819918
0.918170174
0.918137
0.918107777
0.918076732
0.91804866
0.918002536
0.917968191
0.917930651
0.917895953
0.917857322
0.91782115
0.917779309
0.917750708
0.917711887
0.917679362
0.917641657
0.917612834
0.917567648
0.917534735
0.917498091
0.917466306
0.917416075
0.917379947
0.917326838
0.917281371
0.917232738
0.917184508
0.917134464
0.917088839
0.917042284
0.91699647
0.916958913
0.916914526
0.916875524
0.916832673
0.916787922
0.9167514
0.916701918
0.91666912
0.916628249
0.916594995
0.916553866
0.916516847
0.916479339
0.916439987
0.916401311
0.916365807
0.916321474
0.916289663
0.916244491
0.916211016
0.916168882
0.916136576
0.916094496
0.916061121
0.91601806
0.915985824
0.91594482
0.915909564
0.915871396
0.915837794
0.915796562
0.915765661
0.915725004
0.915683965
0.915640854
0.915613195
0.91557553
0.915539467
0.91549819
0.915451925
0.915416744
0.915375183
0.915323697
0.915278271
0.915237664
0.915211506
0.915161102
0.915117231
0.915071472
0.915026722
0.914972878
0.914948069
0.91489593
0.914853718
0.914817278
0.914767194
0.914722909
0.914682026
0.91463023
0.914591154
0.914545011
0.914500497
0.914458873
0.914419691
0.914362762
0.914294209
0.914237317
0.914209617
0.914134756
0.914097918
0.914054972
0.914010868
0.913955207
0.913916115
0.9138586
0.913809529
0.913763584
0.913719477
0.913661002
0.913615865
0.91356412
0.913518044
0.913468094
0.913428649
0.913384111
0.913327683
0.913278728
0.913241171
0.913184631
0.913138741
0.913086292
0.913035601
0.912982892
0.912935602
0.91287659
0.912829623
0.91277134
0.912724464
0.912665741
0.91261773
0.912562563
0.912515563
0.912457382
0.912409843
0.912348717
0.912299611
0.912236284
0.912189332
0.912125324
0.912073801
0.912016646
0.911963518
0.911908546
0.911856938
0.911802742
0.91175587
0.911700731
0.911650786
0.911594668
0.911545266
0.911497608
0.911449015
0.911401244
0.911352019
0.911300654
0.911252961
0.911203026
0.911146379
0.91109447
0.911044059
0.910996354
0.910947653
0.910889103
0.910845613
0.910782941
0.910734205
0.910678953
0.910634145
0.910575901
0.910530611
0.910481408
0.910442834
0.910387404
0.910344097
0.910287161
0.910252419
0.910205268
0.910150878
0.910102397
0.910053787
0.910000623
0.909958101
0.909901427
0.909853086
0.909804029
0.9097607
0.909704483
0.909659632
0.9096064
0.90955339
0.909494433
0.909431531
0.909383894
0.90933881
0.909278256
0.909223452
0.909181152
0.909128369
0.909074735
0.909017447
0.908967021
0.908914921
0.908861876
0.908814658
0.908754382
0.908707806
0.908656639
0.908602522
0.908546532
0.908498491
0.90844685
0.90839938
0.908344872
0.908293274
0.908228907
0.908165916
0.90811988
0.908049689
0.907976151
0.907917036
0.907871999
0.90782524
0.907778362
0.907737412
0.907667067
0.907620984
0.907566644
0.907513192
0.907448351
0.907395205
0.907340004
0.907290266
0.907232725
0.907193724
0.90712905
0.90708816
0.907032544
0.906993057
0.906937668
0.906890154
0.906835065
0.906784531
0.906731926
0.90668703
0.906630063
0.906592004
0.906529935
0.906484872
0.906430163
0.906381158
0.906320537
0.906270828
0.906211107
0.906158652
0.906101876
0.906050463
0.905991569
0.905944305
0.905890939
0.905845231
0.905778744
0.905730686
0.90566807
0.905622843
0.905560806
0.905516096
0.905462063
0.905405313
0.905351698
0.905306103
0.90525397
0.905208733
0.905141462
0.905097158
0.905051179
0.904999904
0.904948171
0.904897534
0.904849519
0.904793644
0.9047402
0.904691032
0.904634363
0.904590269
0.904533434
0.904489456
0.904443864
0.904391697
0.904331831
0.904291089
0.904227715
0.904169173
0.904110328
0.904060255
0.903999732
0.903951525
0.90389185
0.903851473
0.903776725
0.90373217
0.903671628
0.903623396
0.903553584
0.903501414
0.903436523
0.903382607
0.903323989
0.903281465
0.903224115
0.903170655
0.903116819
0.903053035
0.902989921
0.902942123
0.902884157
0.902818127
0.902757981
0.902710993
0.902641522
0.902588292
0.902520442
0.902471264
0.902400145
0.902356077
0.902299442
0.902220806
0.902160905
0.902115261
0.902053213
0.902005674
0.901950244
0.901893733
0.901837251
0.901782515
0.901727091
0.901667588
0.901607075
0.901540312
0.901471454
0.901419585
0.901346464
0.901292886
0.901234815
0.901176371
0.901115007
0.901060573
0.901002599
0.900936745
0.900869788
0.900811601
0.900741155
0.900682983
0.900621947
0.900556668
0.900487269
0.90043301
0.900360052
0.900310034
0.900250329
0.900177606
0.9000978
0.90005414
0.899981282
0.899936598
0.899839278
0.899782422
0.899719315
0.899660927
0.899600591
0.899544271
0.899479826
0.899406466
0.899343775
0.899278726
0.899187919
0.899115529
0.899030885
0.898974714
0.898906819
0.898846532
0.898774087
0.898723598
0.898662035
0.898603917
0.898532622
0.898479674
0.898433125
0.898400404
0.898304806
0.898242414
0.898190437
0.898141886
0.898078632
0.898024652
0.89797106
0.897919229
0.897857374
0.897809415
0.897729597
0.897677896
0.897600175
0.897545841
0.897472718
0.897414947
0.897343711
0.897291164
0.897224945
0.897169766
0.897109635
0.89705514
0.89700285
0.896948967
0.896898832
0.896847839
0.89679717
0.896744743
0.896690356
0.896642271
0.896583262
0.896533024
0.896472848
0.896421462
0.896362214
0.896309224
0.896253139
0.896200905
0.896133034
0.896076164
0.896024319
0.895973716
0.895913656
0.895859443
0.89580228
0.895755105
0.895699244
0.895646463
0.895579439
0.895530272
0.895462279
0.895406443
0.895353134
0.895294411
0.895242849
0.895194979
0.895136748
0.895085271
0.89502588
0.894973188
0.894909232
0.89485902
0.894809794
0.894764704
0.894690695
0.894640457
0.894568154
0.894515493
0.894436092
0.894382494
0.894318707
0.894259211
0.894203862
0.894142528
0.894101024
0.894048098
0.893978904
0.893922733
0.893848104
0.893796015
0.893738977
0.893670458
0.893587607
0.893505318
0.893444031
0.893384998
0.893346304
0.893295676
0.893222254
0.893157647
0.893104176
0.893033386
0.892958061
0.892898927
0.892827814
0.892753122
0.892650864
0.892589163
0.892540084
0.892487042
0.892398191
0.89233413
0.892280428
0.892223037
0.892134382
0.892082775
0.892019326
0.891966884
0.891888023
0.891827667
0.891756204
0.891694352
0.891643385
0.891587673
0.891523955
0.891460052
0.891376672
0.891316421
0.891254618
0.89119048
0.891135313
0.8910754
0.89101073
0.890957638
0.890898948
0.890835928
0.890770346
0.890716189
0.89064734
0.8905896
0.890521718
0.890471589
0.890400985
0.890346682
0.890278936
0.890221853
0.890163783
0.890113381
0.890050646
0.889998776
0.889925041
0.889867689
0.889813735
0.889758082
0.889686275
0.889637209
0.889564011
0.889491711
0.889420942
0.889362244
0.889294964
0.889246804
0.889172399
0.889112816
0.889037853
0.88897519
0.888901365
0.888834402
0.888759645
0.888683114
0.888621484
0.888555892
0.888485213
0.888428184
0.888355265
0.888295982
0.888204591
0.888135106
0.888068105
0.888008489
0.887936524
0.887879682
0.887810604
0.887757686
0.887670135
0.887611909
0.88754085
0.887477268
0.887405783
0.887325486
0.887250471
0.887205131
0.887122154
0.887050608
0.886992776
0.886930161
0.886862158
0.88678984
0.886721348
0.886651787
0.886583033
0.886509224
0.886447522
0.886382539
0.886291258
0.88621655
0.886149943
0.88607833
0.885992614
0.88591897
0.885851351
0.885775038
0.885698684
0.885626424
0.88555251
0.885495918
0.885417065
0.885358793
0.885293841
0.885239799
0.88516852
0.885121143
0.88502466
0.884963617
0.884894115
0.884841523
0.884769277
0.884715075
0.884639604
0.884584132
0.884515835
0.884458218
0.884386345
0.884332079
0.884267374
0.884207577
0.884143266
0.884082592
0.8840077
0.883948675
0.883881106
0.883824374
0.883738849
0.883663861
0.883585378
0.883500498
0.883440151
0.883383141
0.883328071
0.883273534
0.883177505
0.883108732
0.883001383
0.88293721
0.882802641
0.882739
0.882633047
0.882553354
0.882490554
0.882414682
0.882338004
0.882261303
0.882186026
0.882128596
0.882053032
0.881991691
0.881917198
0.881849139
0.881776782
0.881707966
0.881632604
0.881577729
0.881509625
0.881442418
0.881394902
0.881334801
0.881262648
0.881202635
0.881129712
0.881075914
0.881001403
0.880941105
0.880865701
0.880806671
0.880744105
0.880674564
0.880601181
0.880541674
0.880476554
0.880416797
0.880352057
0.880295968
0.880228284
0.880171893
0.880105626
0.880050692
0.879988054
0.879925945
0.879863544
0.879798679
0.879730949
0.879676459
0.879614733
0.879549997
0.879481962
0.879424547
0.879356805
0.879296926
0.879220347
0.879159375
0.879088241
0.87902481
0.878958812
0.878899779
0.878839366
0.878773442
0.878703072
0.878641509
0.878568887
0.878509244
0.878441267
0.878380353
0.878309602
0.878244742
0.878185452
0.87812756
0.878045099
0.87798246
0.877910749
0.877846425
0.877770499
0.877706649
0.877626735
0.877559084
0.877476981
0.877410188
0.877349446
0.877282473
0.877201026
0.877131952
0.877041478
0.876961403
0.876871594
0.876803798
0.87673033
0.876644686
0.876562881
0.876489183
0.876401805
0.876331873
0.87624611
0.876157611
0.876073436
0.875995091
0.875900811
0.875809915
0.875714018
0.87563176
0.875546565
0.875479863
0.875397051
0.875327388
0.875253979
0.875189618
0.875100045
0.875033293
0.874952058
0.874890842
0.874812165
0.874744997
0.874672588
0.874605542
0.874525915
0.8744567
0.874368738
0.874302409
0.874203968
0.874131163
0.874034724
0.873959495
0.873877908
0.873798664
0.873715191
0.873633014
0.873553127
0.873474419
0.873405127
0.87333323
0.873261243
0.873195141
0.873123465
0.873053946
0.872982427
0.872917204
0.872843142
0.872774208
0.872696837
0.872628939
0.872546001
0.872463739
0.872375559
0.872307666
0.872242105
0.872173619
0.87210712
0.872045553
0.871976216
0.871900726
0.871829431
0.871770273
0.87170104
0.871613266
0.871542576
0.871494506
0.871409622
0.871335211
0.871251222
0.87119718
0.871114891
0.871054648
0.870980805
0.870921467
0.870834806
0.870777992
0.870695124
0.870640074
0.870545652
0.87047941
0.870398346
0.870327597
0.870249665
0.870185286
0.870103319
0.870029511
0.86994867
0.869874557
0.869799502
0.869726733
0.869658979
0.869589803
0.86951861
0.869449344
0.869378397
0.869306205
0.869232935
0.869161641
0.869086995
0.869022602
0.868947514
0.868888028
0.868810511
0.868746118
0.86867877
0.86861572
0.868532581
0.868467923
0.868377706
0.868310144
0.868242418
0.868180919
0.868104259
0.868044863
0.86794762
0.86788476
0.867796403
0.867728571
0.867650441
0.86758101
0.867506172
0.867432224
0.867359316
0.867276782
0.867194387
0.867118868
0.867042881
0.86695588
0.866849622
0.866780463
0.866688208
0.866635664
0.866537611
0.86649323
0.866420503
0.86633385
0.866255504
0.866158252
0.866072577
0.865956808
0.865853201
0.8657844
0.865687002
0.865596934
0.865496271
0.865413083
0.865307559
0.865229717
0.865108525
0.865029267
0.864932624
0.864857832
0.864773345
0.864704002
0.864623431
0.864560293
0.864471144
0.864402243
0.864313086
0.864246437
0.864170507
0.864103175
0.864029171
0.863967663
0.863882756
0.863818737
0.863730601
0.863659532
0.863571893
0.863502909
0.863418677
0.863337454
0.863265442
0.863203648
0.863131076
0.863043672
0.8629621
0.862880302
0.862791497
0.862698462
0.862604137
0.862514361
0.862408287
0.862315411
0.862215266
0.862127299
0.862036242
0.86195515
0.86184899
0.861762635
0.861675479
0.861608271
0.861507657
0.861441091
0.861337806
0.861261591
0.861165336
0.861078012
0.860981417
0.860916393
0.860840421
0.860769996
0.860675264
0.860604767
0.860515253
0.860447742
0.860354601
0.8602874
0.860206697
0.860119048
0.860043303
0.859985172
0.859889948
0.859819821
0.859731554
0.859654519
0.859582292
0.859495856
0.859420323
0.859350468
0.859274857
0.859183386
0.859101726
0.859030602
0.858954276
0.858881035
0.858785492
0.858703966
0.858613383
0.858544463
0.85846951
0.858401454
0.858298667
0.858230815
0.858151202
0.858082363
0.85799875
0.85792495
0.857839601
0.857759351
0.857677855
0.857620635
0.857535043
0.857441259
0.857348116
0.85729937
0.857216874
0.857139264
0.85706385
0.856974563
0.856883741
0.856823282
0.856725951
0.856680542
0.856536736
0.85640244
0.85632344
0.856286527
0.856289313
0.855760018
0.855705166
0.855601068
0.855611086
0.855189295
0.855302066
0.855181437