0.94127082
0.94127082
0.94127082
0.94127082
0.94127082
0.94127082
0.941270817
0.941270819
0.941270817
0.941270816
0.941270806
0.941270803
0.941270776
0.941270786
0.941270771
0.941270741
0.941270712
0.941270661
0.941270577
0.941270365
0.94127016
0.941270001
0.941269463
0.941269123
0.94126857
0.941268067
0.941267543
0.941266921
0.9412658
0.941264856
0.941263764
0.941262675
0.941261421
0.941260154
0.941258238
0.941256552
0.941254006
0.941251692
0.941249386
0.941246738
0.9412432
0.941241021
0.941238177
0.941235062
0.941231106
0.941227426
0.941223796
0.941219723
0.941215132
0.941210792
0.941205089
0.9412003
0.941193482
0.941188295
0.941181638
0.94117568
0.94116849
0.941161648
0.941152808
0.941144931
0.941136488
0.941128682
0.941120155
0.941111798
0.941101226
0.941092771
0.941082934
0.941072973
0.941061328
0.941049775
0.941036627
0.941026397
0.941014973
0.941002039
0.940990675
0.940976215
0.940960721
0.940951003
0.940933559
0.940919206
0.940904155
0.940890719
0.940875445
0.940862629
0.940846978
0.940830965
0.940812267
0.940794827
0.94077947
0.940764113
0.940742854
0.940724363
0.940709222
0.940686348
0.940660649
0.940653744
0.94063234
0.940614598
0.940593799
0.940573795
0.940548322
0.940531941
0.94051654
0.940494876
0.940474038
0.940457291
0.940433571
0.9404153
0.940393006
0.940373218
0.940351384
0.94033221
0.940310449
0.940287205
0.940263739
0.94024076
0.940216412
0.940197058
0.940174053
0.940150698
0.940127687
0.940101236
0.940076284
0.940046824
0.940020612
0.939999028
0.939975577
0.939948979
0.939923227
0.939898594
0.939871148
0.939846039
0.939816295
0.939794524
0.9397657
0.939742803
0.939714923
0.93969334
0.939656665
0.939630529
0.939597766
0.939565572
0.939541762
0.93952332
0.939488138
0.939461988
0.93942285
0.939393464
0.939356609
0.939319482
0.939291325
0.939272029
0.939241083
0.939217206
0.939181193
0.93915306
0.939119701
0.939091891
0.939054598
0.939024273
0.938983226
0.938958761
0.938930017
0.938907276
0.938863885
0.938835467
0.938802609
0.938774886
0.938735524
0.938707629
0.938680741
0.938654439
0.938612936
0.938580799
0.938543553
0.938513378
0.938478321
0.938444174
0.938409261
0.938378385
0.938331611
0.938298872
0.938276019
0.938238847
0.938201002
0.938179133
0.938135438
0.9381045
0.938074476
0.938045708
0.938008068
0.937979762
0.937944603
0.937911563
0.93788028
0.93785762
0.937815132
0.93778457
0.93775009
0.937720415
0.937680387
0.937652617
0.937609656
0.937589529
0.937552091
0.937524851
0.937484332
0.937455598
0.937411603
0.937381651
0.937350506
0.93732322
0.937276314
0.937244335
0.93720804
0.937178176
0.937135123
0.937102729
0.937071825
0.937041288
0.936997708
0.936967706
0.936933654
0.936904906
0.936864697
0.936834505
0.936794494
0.93676368
0.936727221
0.936698307
0.936662284
0.936633324
0.936592689
0.936561227
0.93652956
0.936500167
0.936460092
0.936429314
0.936393424
0.936360544
0.936325139
0.936291817
0.936253066
0.93622421
0.936185281
0.936153342
0.936119673
0.93608252
0.936047274
0.936010947
0.93597346
0.935940945
0.935900998
0.935868702
0.935834248
0.935802662
0.93576469
0.93573201
0.935694766
0.935662379
0.935625468
0.935592643
0.935553582
0.935520835
0.935481011
0.93544809
0.935410373
0.935377641
0.935340142
0.935308321
0.935268984
0.93523605
0.935195938
0.935161095
0.935122858
0.935089483
0.935052297
0.935020683
0.934982745
0.93494381
0.934903614
0.934871547
0.934835418
0.934803008
0.934763509
0.934723433
0.934687463
0.934651113
0.93460665
0.934568825
0.934534488
0.934504876
0.934457058
0.934420333
0.934377052
0.934338911
0.934298855
0.934269761
0.934228152
0.934192615
0.934156402
0.934118238
0.934076176
0.934042144
0.933999568
0.933962967
0.933921808
0.93388728
0.933846814
0.933813766
0.933765434
0.933717399
0.933677072
0.933651324
0.93359999
0.933564507
0.933534613
0.933499024
0.93345693
0.933423208
0.933378331
0.933342696
0.933306669
0.933276455
0.9332263
0.933192908
0.933154312
0.933120613
0.933081492
0.93304775
0.933011463
0.932969823
0.932928611
0.93289706
0.932851392
0.932816788
0.932777654
0.932743389
0.932704931
0.932670836
0.932629136
0.932594282
0.932557907
0.93252596
0.932482743
0.932448488
0.932409483
0.932375107
0.932334716
0.932300044
0.932255533
0.932219481
0.932177716
0.932143342
0.932097152
0.932059008
0.93201927
0.931981888
0.93194511
0.931908125
0.93186721
0.931833025
0.931787245
0.931752468
0.93170618
0.931670185
0.931632368
0.931596539
0.931557733
0.931520392
0.93147988
0.931447649
0.931410248
0.931370323
0.93133146
0.931295515
0.931261528
0.931221491
0.931179475
0.931147979
0.93110049
0.931064874
0.931027251
0.930992888
0.930947465
0.930910446
0.930869419
0.930831843
0.930783554
0.930744764
0.930697632
0.930665121
0.930626681
0.93058157
0.930545399
0.930506662
0.930463319
0.930428942
0.930381577
0.930342186
0.930301599
0.93026763
0.93022339
0.930189451
0.930149081
0.930108376
0.930059672
0.930007387
0.929971174
0.9299379
0.929882856
0.929841789
0.929812619
0.929773178
0.929728646
0.929686654
0.929645671
0.929611056
0.92957026
0.929531905
0.929485975
0.929449047
0.929412387
0.929370069
0.92932953
0.929295222
0.929250718
0.929215566
0.929170006
0.929134208
0.929084305
0.929040971
0.928999611
0.92895475
0.928899282
0.928870676
0.928833721
0.928791868
0.928756414
0.928722476
0.928673825
0.928640748
0.928602561
0.928563721
0.928517033
0.928477941
0.928433747
0.928397745
0.928351653
0.928319186
0.928270339
0.928232984
0.928191686
0.928154796
0.928112954
0.928076097
0.928030331
0.927992667
0.927950559
0.927915328
0.927871573
0.927835915
0.927787981
0.927748929
0.927705188
0.927665334
0.92762122
0.927581343
0.927539784
0.927501137
0.927455773
0.927415478
0.927369962
0.927330047
0.927290938
0.927252543
0.927204891
0.927166989
0.927122135
0.927086508
0.927039946
0.927003126
0.92696042
0.926915018
0.926868622
0.926831588
0.926788822
0.926750712
0.926694883
0.926657558
0.926624314
0.926583151
0.926537875
0.926496478
0.926454105
0.926408446
0.926365275
0.926317826
0.926270213
0.926229272
0.926179911
0.926141681
0.926100888
0.926060283
0.926007528
0.925973568
0.925920237
0.925877039
0.925827193
0.925787078
0.925736388
0.925701571
0.92565608
0.925623141
0.925567503
0.925529771
0.925484198
0.925445908
0.92539325
0.925352063
0.925305003
0.925264159
0.925218641
0.925181437
0.925136985
0.925091367
0.92505154
0.92500105
0.924956799
0.92491932
0.924875048
0.924831715
0.924789247
0.92475101
0.924700952
0.924659178
0.924609297
0.924577187
0.924520062
0.924482159
0.924434922
0.924385008
0.924338335
0.924295985
0.92425057
0.92421158
0.924170488
0.924130228
0.924088519
0.924048302
0.924001942
0.923961018
0.923918514
0.923877319
0.923823517
0.92378237
0.923722536
0.923682552
0.923636567
0.923594229
0.923547566
0.923507806
0.923461356
0.923414116
0.923362132
0.923316551
0.923271549
0.923230515
0.923188466
0.923144942
0.92309506
0.923050479
0.922995225
0.922956
0.92290887
0.922865351
0.922813787
0.922785221
0.922733426
0.922700643
0.92264367
0.92260017
0.922549571
0.922509484
0.92245644
0.922418662
0.922379126
0.922327911
0.92228688
0.922244588
0.922194446
0.922147596
0.92209759
0.922061415
0.922014026
0.921964875
0.921913203
0.921876865
0.921826214
0.921777283
0.92171718
0.921672762
0.921627666
0.921605718
0.921543648
0.921496577
0.921451227
0.921414077
0.921365446
0.921324724
0.921280882
0.921242362
0.921196952
0.921159426
0.921109076
0.921067878
0.9210226
0.920979061
0.92092972
0.920885578
0.920838717
0.920795117
0.920750445
0.920707148
0.920662459
0.920621597
0.920579044
0.920536417
0.920492309
0.920448552
0.920402873
0.920359864
0.920312368
0.920274055
0.920227104
0.920187539
0.920137556
0.920097236
0.920046247
0.920004728
0.919953836
0.919912546
0.9198542
0.919808448
0.919768872
0.919726707
0.919679848
0.919634555
0.919583259
0.919544006
0.919496437
0.919451856
0.919397233
0.919354521
0.919293331
0.91924423
0.919195681
0.919142068
0.919089406
0.919047027
0.918997539
0.918952134
0.918900057
0.918855156
0.918800549
0.918756839
0.918714186
0.918676851
0.918624747
0.918583729
0.918529039
0.918486519
0.918428256
0.918383761
0.918330823
0.918287978
0.918236904
0.918193137
0.91815115
0.918110252
0.918056582
0.918016567
0.917964299
0.917923718
0.917878018
0.917825823
0.917772421
0.917711715
0.91765981
0.917613109
0.917573317
0.917532365
0.917477982
0.917431859
0.917386092
0.917335984
0.917273788
0.917229386
0.91717767
0.917128589
0.917070962
0.917027525
0.916984735
0.916946561
0.916891538
0.916848875
0.916801371
0.916759202
0.916698293
0.916658068
0.916606446
0.916565288
0.916505823
0.916458736
0.916396741
0.916346322
0.916303661
0.916260413
0.916211998
0.916165988
0.916108169
0.916064277
0.916014319
0.915970453
0.915925012
0.915876277
0.915824714
0.915783908
0.915737966
0.915692268
0.915642435
0.915594262
0.915544542
0.915497992
0.915448747
0.915404451
0.915353322
0.915306889
0.915253054
0.915207394
0.91515396
0.915108762
0.915054803
0.915013137
0.914955526
0.914911132
0.914858408
0.914813647
0.914756148
0.914716002
0.914660108
0.914609002
0.914559679
0.914512932
0.914463791
0.914421801
0.914365417
0.914321184
0.914266516
0.914220611
0.914169466
0.914124239
0.914072694
0.914027089
0.913978403
0.913936776
0.91388326
0.913838941
0.913781892
0.91374295
0.91368378
0.913640124
0.913592071
0.913551396
0.913495711
0.913453906
0.913400355
0.913359462
0.913296283
0.913249888
0.91319928
0.913148751
0.913097307
0.913041254
0.912984974
0.912943937
0.912884291
0.912830278
0.912786549
0.912734473
0.912682839
0.912630483
0.912576988
0.912524437
0.912466595
0.912411107
0.912361935
0.912319885
0.912256027
0.912209111
0.912161859
0.912118487
0.912059143
0.912015454
0.911964199
0.911912162
0.911854969
0.911804631
0.911747803
0.911703243
0.911644254
0.911598535
0.911537208
0.911489301
0.911428946
0.911390342
0.911329672
0.9112802
0.911230934
0.91118186
0.911133497
0.911086034
0.911034077
0.910985575
0.910929506
0.910880353
0.910830472
0.910785907
0.910736265
0.910684896
0.910634796
0.910582452
0.910526938
0.910482627
0.910424764
0.910382766
0.910322078
0.910259901
0.910195629
0.910130657
0.910081932
0.910035157
0.909986149
0.909942128
0.909876443
0.909823028
0.909761366
0.909716
0.909647875
0.90960721
0.909531482
0.909475465
0.90942737
0.909374225
0.909325344
0.909266623
0.909210761
0.90916809
0.909107173
0.909062002
0.909006882
0.908955535
0.908895727
0.908837682
0.908772475
0.908731737
0.908668682
0.908618656
0.908573349
0.908528262
0.908467632
0.908418048
0.908358815
0.908316119
0.908255063
0.908207225
0.908150499
0.908103935
0.908056251
0.908002316
0.907945674
0.907898709
0.907845975
0.907798242
0.907745916
0.907698361
0.907644657
0.907592577
0.907534814
0.907485642
0.907431809
0.907381989
0.907328044
0.907276259
0.907220156
0.907176484
0.907124603
0.90707257
0.90701946
0.906971208
0.906917941
0.906870444
0.906812289
0.906760685
0.906700231
0.906647363
0.906592104
0.906544555
0.906490835
0.906437691
0.906377353
0.906323822
0.906261701
0.906212966
0.906152145
0.906103538
0.90603811
0.905988843
0.905930882
0.905884144
0.905824548
0.905773616
0.905718473
0.905665182
0.905605868
0.905556893
0.905496859
0.905447744
0.905382587
0.905335125
0.905284903
0.905237395
0.905177277
0.905128992
0.905064923
0.905003631
0.904937868
0.904888614
0.904836051
0.904773406
0.904714212
0.904662305
0.904601207
0.904550762
0.904494902
0.904433267
0.904383525
0.904334159
0.904275618
0.904227137
0.90416291
0.904111219
0.904047786
0.903996168
0.903926078
0.903873878
0.903820888
0.903771779
0.903709729
0.903655482
0.903598868
0.90354897
0.903491656
0.903440864
0.903386085
0.903332375
0.903274602
0.903221276
0.903164984
0.903115335
0.903057663
0.903007526
0.902945627
0.902891053
0.902835743
0.902782819
0.902722952
0.902667728
0.902607605
0.902559627
0.902499923
0.902449359
0.902388652
0.902340302
0.90228433
0.902231016
0.902177343
0.902122827
0.902065782
0.902008296
0.901946747
0.901888619
0.901822765
0.901760543
0.901688408
0.901636609
0.901581273
0.901532385
0.901475559
0.901426874
0.901367129
0.901307197
0.901251785
0.901200714
0.901144046
0.901078305
0.901024271
0.900981128
0.900915262
0.900858514
0.900791464
0.900742767
0.900676301
0.900624976
0.900566889
0.900515557
0.900451839
0.90039815
0.900334166
0.900283958
0.900209614
0.900156762
0.900097691
0.900043512
0.899982979
0.899935089
0.899867135
0.899813792
0.899757113
0.899706556
0.899641787
0.899590023
0.899529936
0.899476987
0.89942231
0.899368189
0.899308034
0.89925497
0.899194897
0.899141867
0.899083868
0.899031975
0.898972625
0.89891788
0.898856519
0.898801718
0.898742792
0.898688724
0.898620005
0.898567633
0.898493021
0.898437362
0.898380671
0.89832849
0.898267168
0.898216213
0.898136004
0.898085589
0.898013806
0.897959849
0.897896407
0.89784023
0.89777783
0.897720802
0.897657587
0.897598692
0.897533296
0.897471703
0.897415632
0.897353736
0.897278681
0.897219898
0.897145434
0.897101335
0.897023522
0.896977537
0.896922617
0.896859731
0.896801867
0.896734172
0.896671506
0.896601254
0.896527026
0.89649165
0.896429024
0.896379955
0.896309995
0.896259533
0.896190871
0.896139691
0.896064086
0.896009636
0.895948256
0.895895173
0.895833569
0.895780262
0.89572543
0.895675515
0.895603976
0.895550666
0.895485116
0.895431398
0.895371688
0.895317091
0.895261732
0.89520941
0.895145535
0.895090913
0.895019048
0.894960311
0.89490075
0.894846011
0.894773411
0.894709562
0.894648655
0.894600438
0.89454155
0.894478432
0.894413628
0.894352723
0.894286235
0.894221298
0.894154889
0.89409713
0.894030149
0.893967946
0.893887124
0.893827143
0.893753238
0.893697213
0.893614585
0.893553914
0.893499187
0.893450366
0.893378982
0.893326143
0.893253627
0.893199932
0.893130178
0.8930627
0.892983631
0.89292872
0.892875793
0.892812452
0.892740874
0.892685646
0.89260911
0.892553429
0.892480232
0.892425302
0.892358622
0.892284908
0.892228239
0.892181163
0.892103179
0.892051932
0.891980146
0.891919826
0.8918608
0.891797368
0.891734478
0.891683309
0.89162247
0.891553578
0.891484673
0.891433123
0.891369736
0.891316774
0.891238372
0.891175675
0.891102642
0.891055807
0.890999189
0.890947836
0.890866634
0.890803941
0.89074489
0.890676589
0.890614683
0.89054839
0.890480007
0.890414276
0.890357036
0.89030009
0.890236506
0.890165162
0.890094293
0.890054343
0.889985869
0.889921143
0.88985548
0.889786533
0.889709501
0.889657101
0.889568974
0.88953006
0.889431104
0.889315262
0.889234271
0.889208406
0.889208327
0.888855062
0.888829423
0.888747851
0.888744944
0.888381562
0.888431037
0.88833525