0.875420877
0.875420877
0.875420877
0.875420876
0.875420876
0.875420876
0.875420871
0.875420871
0.875420868
0.875420867
0.875420858
0.875420854
0.87542082
0.875420837
0.875420817
0.875420786
0.87542078
0.875420757
0.875420654
0.87542041
0.87542026
0.875420143
0.875419576
0.87541907
0.875418382
0.875417551
0.875416808
0.875415951
0.87541438
0.875413287
0.8754117
0.875410111
0.875408325
0.875406348
0.875404008
0.875401892
0.875398654
0.875395902
0.875393596
0.875390538
0.875385821
0.87538274
0.875378421
0.875374281
0.875368795
0.875363163
0.875357421
0.875350913
0.875343515
0.875337638
0.875329512
0.87532348
0.875316277
0.875309556
0.875301169
0.875293132
0.875282557
0.875273674
0.875263024
0.875252271
0.87524163
0.875232103
0.875220945
0.875209629
0.875194136
0.875181364
0.875166591
0.875152581
0.875136427
0.875120013
0.87510111
0.875088439
0.875071351
0.875051803
0.875035779
0.875015471
0.874992758
0.874978683
0.874954767
0.874934282
0.874913639
0.874893876
0.874872305
0.874854856
0.874832058
0.874811144
0.874783768
0.874758176
0.874734547
0.874710221
0.874677939
0.874649019
0.874625894
0.87458894
0.874551184
0.874539516
0.874505145
0.874475914
0.874443526
0.874410983
0.874370071
0.874344531
0.874318528
0.87428513
0.874250245
0.874223601
0.874186244
0.874157836
0.874122105
0.874090583
0.874056724
0.874026114
0.873991253
0.87395594
0.873919957
0.873882006
0.8738438
0.873809655
0.873771932
0.873731609
0.873692506
0.873650785
0.873608801
0.873562899
0.873517394
0.873482636
0.873442883
0.873400861
0.873357856
0.873317518
0.87327211
0.873228063
0.873175989
0.87313719
0.87308564
0.873044602
0.872994433
0.872955825
0.872897665
0.872852071
0.872797698
0.872740872
0.872695296
0.872661056
0.872603391
0.872561272
0.872494741
0.87244347
0.872381102
0.872318662
0.872267358
0.872234446
0.872180706
0.872137484
0.87207486
0.87202659
0.87196788
0.871918647
0.871850118
0.871796234
0.871722077
0.871678005
0.871626071
0.871584854
0.871505547
0.871455888
0.871395285
0.871346294
0.871274312
0.871222594
0.871172489
0.871125114
0.871047779
0.870988636
0.870920409
0.870864107
0.870798481
0.870734289
0.870669991
0.870609262
0.870522687
0.870461807
0.870417475
0.870346136
0.870275951
0.870234559
0.870151458
0.870091757
0.870033133
0.86997775
0.869903462
0.869846897
0.86977985
0.86971667
0.869651967
0.869608982
0.869528136
0.869469396
0.869402179
0.869345175
0.869267185
0.869214439
0.869135867
0.869096537
0.869025488
0.868973698
0.868895166
0.868840546
0.86875781
0.868699599
0.868640265
0.868589517
0.868501638
0.868440639
0.868371497
0.868315291
0.868234845
0.86817498
0.868116545
0.868061881
0.867981678
0.867923548
0.867855666
0.867799359
0.867725077
0.86766351
0.867587877
0.867530821
0.867462145
0.867403341
0.867333748
0.867274815
0.867195065
0.867131135
0.867067658
0.86700991
0.866931712
0.86687342
0.866800057
0.866736399
0.866667968
0.8666033
0.866527004
0.86647076
0.866391741
0.866328845
0.866258009
0.86618071
0.86611443
0.866040421
0.865964471
0.865902624
0.865826824
0.865764736
0.865690892
0.865629531
0.865557151
0.865494351
0.865425342
0.86536001
0.865291528
0.865228407
0.865149696
0.865086624
0.865006782
0.86494458
0.864872982
0.864808786
0.864738165
0.864674154
0.864598668
0.86453305
0.864451592
0.864380716
0.864305857
0.864242233
0.864171187
0.864108963
0.864037925
0.863957264
0.863874567
0.863814482
0.863742469
0.863670042
0.863586874
0.863504222
0.863434086
0.86336397
0.863264212
0.863183334
0.863113132
0.863056593
0.86295601
0.862876019
0.862791299
0.862704527
0.862619929
0.862563018
0.862471003
0.862400292
0.862325101
0.862244271
0.862160176
0.862094786
0.86200192
0.861925584
0.861839989
0.861768699
0.861684933
0.861614134
0.861513355
0.861404937
0.861316499
0.861269484
0.861156509
0.861082764
0.86102707
0.86094945
0.860857075
0.860786245
0.860690568
0.860612782
0.860535585
0.860469412
0.860361365
0.860287703
0.860207604
0.860134363
0.860045688
0.859977044
0.859899179
0.85980732
0.859719266
0.859651847
0.859553792
0.859478336
0.859397968
0.859325642
0.859241882
0.859163034
0.859076771
0.859003651
0.85892865
0.858858085
0.85876451
0.858691608
0.858606149
0.858534422
0.85844666
0.858373627
0.858279699
0.858204323
0.858125457
0.858054719
0.857949551
0.857866079
0.857780696
0.857698343
0.857617218
0.857536863
0.857445191
0.857372939
0.857273603
0.857196693
0.857094897
0.857014862
0.856930815
0.856853109
0.856766807
0.856688044
0.856601215
0.856527659
0.856445046
0.856356232
0.856270856
0.85619027
0.856115814
0.856027663
0.855934623
0.855865075
0.855760656
0.855684607
0.855602062
0.855528736
0.85542625
0.855346438
0.855259734
0.855178672
0.855073825
0.854991444
0.854888247
0.854817982
0.85473559
0.854639237
0.854560591
0.854475462
0.854383626
0.854306537
0.854203337
0.854116345
0.854027607
0.853955384
0.853859267
0.853784179
0.853696462
0.853608746
0.85350355
0.853391159
0.853311204
0.853237229
0.853114969
0.853025836
0.852958223
0.852872873
0.852779122
0.8526895
0.852599989
0.852523415
0.852432529
0.852348327
0.852247005
0.852166359
0.852083993
0.8519922
0.85189964
0.851826433
0.85173478
0.851658528
0.851566436
0.851485498
0.851379668
0.851289386
0.851194913
0.85109868
0.850979666
0.850914332
0.850829713
0.850737442
0.850659109
0.850583558
0.850479578
0.850404607
0.850317408
0.850232582
0.850125234
0.850039732
0.84994691
0.849869777
0.849770169
0.849697154
0.849599667
0.849518216
0.849428365
0.849349854
0.84925555
0.849174687
0.849071892
0.848991737
0.848891794
0.84881335
0.848721857
0.848643567
0.848545472
0.848463394
0.848371262
0.848282876
0.848186805
0.848102119
0.848010982
0.847925821
0.847836323
0.84775254
0.847656389
0.847568094
0.847481545
0.847392368
0.847288666
0.84720773
0.847109505
0.84703535
0.846936552
0.846856434
0.8467628
0.846665334
0.846565158
0.846479106
0.846387311
0.846303282
0.846188557
0.846108622
0.846030175
0.84594045
0.845843192
0.845757866
0.845666979
0.845571079
0.845477116
0.845376238
0.845274198
0.845186774
0.845080921
0.845000588
0.844911734
0.844827244
0.84471357
0.844639745
0.844526872
0.844435383
0.844329009
0.844243269
0.844129015
0.84405547
0.843958231
0.843890147
0.84377424
0.843694691
0.843598027
0.843518959
0.84341212
0.843327416
0.843227695
0.843142808
0.843048237
0.842965461
0.842873562
0.842774838
0.842682252
0.842572061
0.842474716
0.842393567
0.842303005
0.842210453
0.842122764
0.842041004
0.841930974
0.841840948
0.841734367
0.841668007
0.841551742
0.841474091
0.841373833
0.841269969
0.841173622
0.841086287
0.840986938
0.840904291
0.8408139
0.840729503
0.840637029
0.840550732
0.840460936
0.840373094
0.840283209
0.840195341
0.840082277
0.839996895
0.839866981
0.839780658
0.839690458
0.839602061
0.839504723
0.839419586
0.839321616
0.8392246
0.839117884
0.839018902
0.838925189
0.838839789
0.83875129
0.838661366
0.838554466
0.838460125
0.838342844
0.838261659
0.838160936
0.838068964
0.837959129
0.837895524
0.837784804
0.837714188
0.837592126
0.837501164
0.837395595
0.837306021
0.837192059
0.837118511
0.837032983
0.836924404
0.836834311
0.836741932
0.836634632
0.836535619
0.836428725
0.836352525
0.836250179
0.836143136
0.836031657
0.835951528
0.835840501
0.835738569
0.835606404
0.835508884
0.835409676
0.835360026
0.835226012
0.835122446
0.835022376
0.834936816
0.8348312
0.834745639
0.834653193
0.834567183
0.834473504
0.834392788
0.834282658
0.83419568
0.834092311
0.833998293
0.833888471
0.833792333
0.833693084
0.833598877
0.833503675
0.833408772
0.833313856
0.833226853
0.833132512
0.83303951
0.832941196
0.83285251
0.83275346
0.832660233
0.832555158
0.832469936
0.83236812
0.832278589
0.832169735
0.832083238
0.831971377
0.831879411
0.831771166
0.831680779
0.831555369
0.831457616
0.831371075
0.831277011
0.831175231
0.831077511
0.830967648
0.830884745
0.830778954
0.830682987
0.830569146
0.830473767
0.830342944
0.830234973
0.830130474
0.830013871
0.82990192
0.829812828
0.829703533
0.829607226
0.829500625
0.829404556
0.829287767
0.829193051
0.829097568
0.829017757
0.828908491
0.828820357
0.828705203
0.828609807
0.828485574
0.828392487
0.828279339
0.828189299
0.82808014
0.827988995
0.827898017
0.827815309
0.827704015
0.827616906
0.827505667
0.827418513
0.827321392
0.827213448
0.827101759
0.826977429
0.826870139
0.826770987
0.826678399
0.826588992
0.826477295
0.826374199
0.82627145
0.826162047
0.82602532
0.825933228
0.825824524
0.825716582
0.825595867
0.825506807
0.825414424
0.825329998
0.825212084
0.825117887
0.82501742
0.824927649
0.824795316
0.824708549
0.824596148
0.824505239
0.824377487
0.824276704
0.824142816
0.824037655
0.823948953
0.8238616
0.823756783
0.823660077
0.823538636
0.823445857
0.823341622
0.82324825
0.823151079
0.823048265
0.822940416
0.822855177
0.822753676
0.82265472
0.82255345
0.8224499
0.822348468
0.822250117
0.822146157
0.822052256
0.821940934
0.82184546
0.821729591
0.821629214
0.821517682
0.821423513
0.821304227
0.821213255
0.821088297
0.820992821
0.820876289
0.820777908
0.820650638
0.820563908
0.820443267
0.820332209
0.820225777
0.820121197
0.820014715
0.819923355
0.819801821
0.819706862
0.819588466
0.819492573
0.819385293
0.819290469
0.81918077
0.819086012
0.81898465
0.818896416
0.818786523
0.818696083
0.818573568
0.818487942
0.818361328
0.818271198
0.818167575
0.818080757
0.817964383
0.817876787
0.817765352
0.817675651
0.817543702
0.817444272
0.817338229
0.81723305
0.817128764
0.817012979
0.81689879
0.816806578
0.816684743
0.816571396
0.81647398
0.816363254
0.816255566
0.816144903
0.81602772
0.815916998
0.815794914
0.815684273
0.815582479
0.815496118
0.815365208
0.815268445
0.815168528
0.815080085
0.81495611
0.814866115
0.814759662
0.814659801
0.814538496
0.814442933
0.814329739
0.814231445
0.814111348
0.8140146
0.813890354
0.813789126
0.813671483
0.813597701
0.813472464
0.81337306
0.813265776
0.813167628
0.813065922
0.812965111
0.812857266
0.812757364
0.812648901
0.812549071
0.812440834
0.812347022
0.812249
0.81213706
0.812030161
0.811919128
0.811802193
0.811701238
0.811582011
0.811488019
0.811356141
0.811229787
0.811090881
0.810949325
0.810849209
0.810753899
0.810659597
0.810566218
0.810422806
0.810314044
0.810176781
0.81008056
0.809933202
0.809843609
0.809676602
0.809557089
0.80945665
0.809342915
0.809241101
0.80911643
0.808995291
0.808909108
0.808785155
0.808687385
0.808569838
0.808461609
0.808337496
0.808222718
0.808086662
0.808005902
0.807880868
0.807778491
0.807690894
0.807599682
0.80747327
0.80737385
0.807249812
0.807159604
0.807032653
0.806929273
0.80681293
0.806719506
0.806618269
0.806504457
0.80638734
0.806289216
0.806183923
0.806083869
0.805975482
0.805874586
0.805766638
0.805659776
0.805540575
0.805441971
0.805334647
0.805224665
0.805112562
0.804998202
0.804874169
0.804776373
0.804666069
0.804553328
0.804438493
0.804336112
0.804222325
0.80412144
0.803998241
0.803894148
0.803769852
0.803662592
0.803545208
0.803447932
0.803329797
0.803219964
0.803097317
0.802986524
0.802861815
0.80276313
0.802634839
0.802536589
0.802393512
0.802285465
0.802173319
0.802075683
0.801947961
0.801842717
0.801725531
0.801616581
0.801487794
0.801384003
0.801262805
0.801160881
0.801024878
0.800929993
0.800827241
0.800727761
0.800605011
0.800500795
0.800361694
0.800233024
0.800088621
0.799982227
0.799870337
0.799737417
0.79961185
0.799496551
0.799371016
0.799259604
0.7991374
0.798998806
0.798891199
0.798791481
0.798664933
0.798560583
0.798421165
0.79830841
0.798171609
0.798066369
0.797912854
0.797803591
0.797694272
0.797588079
0.7974595
0.797341678
0.797224977
0.797119536
0.796999153
0.796890448
0.796768425
0.796655554
0.796543994
0.796428455
0.796313134
0.796212796
0.796089119
0.79598477
0.795858493
0.79574529
0.79562977
0.795520544
0.79539873
0.79528231
0.795159995
0.795057718
0.794931574
0.794827149
0.794698384
0.7946015
0.794481273
0.794370584
0.794259744
0.794144469
0.794027434
0.793899892
0.793764346
0.793644255
0.793499702
0.793359922
0.793201583
0.793082905
0.792960913
0.792856747
0.792737868
0.79263786
0.792507896
0.792381487
0.792258914
0.792152046
0.79203144
0.791899025
0.791788228
0.791696847
0.791559819
0.791443124
0.79130758
0.791206332
0.79106576
0.79096069
0.790839093
0.790727519
0.790592412
0.790475178
0.79034188
0.790227124
0.790060065
0.789947656
0.789817159
0.789701914
0.789571396
0.789464363
0.789316601
0.789199009
0.789075038
0.788964678
0.78883105
0.788718406
0.788589227
0.788480801
0.788358154
0.788245273
0.788117332
0.788010619
0.787879403
0.787771692
0.787647851
0.78753045
0.78740843
0.787293636
0.78716675
0.787048194
0.786922716
0.786803776
0.786652455
0.786547409
0.786390825
0.786277924
0.786161916
0.786055067
0.785929223
0.78581664
0.785650237
0.785542277
0.785389885
0.785275291
0.785140156
0.785019621
0.784884332
0.784761852
0.784628991
0.784506088
0.78436253
0.784236685
0.7841165
0.78398886
0.783831914
0.78370849
0.783554173
0.783461323
0.78329609
0.783200239
0.783084493
0.782952676
0.782828207
0.782686779
0.782553042
0.782399361
0.782244342
0.782164196
0.782029498
0.781927873
0.781788489
0.781683551
0.781538716
0.781431673
0.781280885
0.781167816
0.781035245
0.780923017
0.780795627
0.780682616
0.78056275
0.780457394
0.780307599
0.780193589
0.780060383
0.779948195
0.779820297
0.779705799
0.779589425
0.779479699
0.779348133
0.779236907
0.779091542
0.778973669
0.778846239
0.778731689
0.778576666
0.778446836
0.778328536
0.778222827
0.778096345
0.777962148
0.777825311
0.777704536
0.777561669
0.777432635
0.777297207
0.777178774
0.777029647
0.77690076
0.77673917
0.776611975
0.776462755
0.77634678
0.776181824
0.776057853
0.775939503
0.775836123
0.775678044
0.775565704
0.775418615
0.775301583
0.775162747
0.775024707
0.774863442
0.774752578
0.774637894
0.774505873
0.774352151
0.77423017
0.774063207
0.773946206
0.773786267
0.773666389
0.773519284
0.773356299
0.773239467
0.773134553
0.772966086
0.772849205
0.772691845
0.772561687
0.772422817
0.772289082
0.77215436
0.772045468
0.771910326
0.771760881
0.771609415
0.771492183
0.771353173
0.771236683
0.771071936
0.770938415
0.770783827
0.770675145
0.770556196
0.770440677
0.770275499
0.770153751
0.770023496
0.769879387
0.769740564
0.769603913
0.769459243
0.769318531
0.769193916
0.769087704
0.768954969
0.768789027
0.768645991
0.768542319
0.768394472
0.76825773
0.768118168
0.767981379
0.767824859
0.767715043
0.767545306
0.767460803
0.767261391
0.767030926
0.766857667
0.76680384
0.766803379
0.766068806
0.76601283
0.765855192
0.76584826
0.765126211
0.765227912
0.765031441