0.416309844
0.416309844
0.416309844
0.416309844
0.416309844
0.416309844
0.416309841
0.416309843
0.416309841
0.41630984
0.416309832
0.41630983
0.416309809
0.416309822
0.416309807
0.416309784
0.416309764
0.416309736
0.416309672
0.41630949
0.416309333
0.416309207
0.416308785
0.416308457
0.41630802
0.41630753
0.416307066
0.416306499
0.416305313
0.416304437
0.416303281
0.416302285
0.416301096
0.416299892
0.416298185
0.416296742
0.416294504
0.416292199
0.416290199
0.41628757
0.416283911
0.416281789
0.416279056
0.416276418
0.416272339
0.416269201
0.416264884
0.416260694
0.416255653
0.416250603
0.416245176
0.416238956
0.41623258
0.4162262
0.416219354
0.416211823
0.416203766
0.416197004
0.416188546
0.41618062
0.41617169
0.416163577
0.416153433
0.416144286
0.416129911
0.41612004
0.416107073
0.416095445
0.416082263
0.41606783
0.416052315
0.416040141
0.416026153
0.416010418
0.415995716
0.415976811
0.415956359
0.415943584
0.415921328
0.415902746
0.415882551
0.415865514
0.415846721
0.415830695
0.415810495
0.41579021
0.415765848
0.415742342
0.415721571
0.415700945
0.415671242
0.415644781
0.415624696
0.415591656
0.415556459
0.415547133
0.415517463
0.415490408
0.415459687
0.415428243
0.415390787
0.415367156
0.415344096
0.415310931
0.415278171
0.415253302
0.415215653
0.415188349
0.415154389
0.415124026
0.415091057
0.415062471
0.415028551
0.414993932
0.414956678
0.414919881
0.414878998
0.414844753
0.414807231
0.41476467
0.414725467
0.414680466
0.41463594
0.41458444
0.41453629
0.414499324
0.414459111
0.414413257
0.414367197
0.41432425
0.414276579
0.414231026
0.414177592
0.414137362
0.414086135
0.414043817
0.41399272
0.413953732
0.413886732
0.413839069
0.413779624
0.41372011
0.413671602
0.413638157
0.413576205
0.413525884
0.413453173
0.413397904
0.413328276
0.413255463
0.413197461
0.413162493
0.41310104
0.413050512
0.412979216
0.412923925
0.4128609
0.412802521
0.412723333
0.412659569
0.412572411
0.412520122
0.412456804
0.412408429
0.412310757
0.412251196
0.412180459
0.412121053
0.41203463
0.411971207
0.411911481
0.411853538
0.411756326
0.41168402
0.411598732
0.411526963
0.411447052
0.411365823
0.411281085
0.411202872
0.411082277
0.411005639
0.410954164
0.410861674
0.410770129
0.410714974
0.410600238
0.410519256
0.410448223
0.41037667
0.410281571
0.410206193
0.410118675
0.410035864
0.409953774
0.409896231
0.409780845
0.409707511
0.409621711
0.409548507
0.409447846
0.409374853
0.409258614
0.409205234
0.409113737
0.409042901
0.408937031
0.408863304
0.408743488
0.408667
0.408584935
0.408515958
0.408380279
0.408294481
0.408203178
0.408123956
0.408013792
0.407927565
0.407837891
0.407756683
0.407632926
0.407547554
0.407456089
0.407375209
0.40726576
0.407177499
0.40706225
0.406976205
0.406874633
0.406790062
0.406688467
0.406606157
0.4064861
0.406396659
0.406313882
0.406231736
0.406120975
0.406034876
0.405931995
0.405843048
0.405742491
0.405649764
0.405536382
0.405452527
0.405339812
0.405250794
0.40515174
0.405046107
0.404938687
0.404830643
0.404722458
0.404625061
0.404506253
0.404405467
0.404305759
0.40420722
0.404091724
0.403992549
0.40388571
0.403786849
0.403677012
0.403576147
0.403464479
0.403362902
0.403237563
0.403140101
0.403030037
0.402933217
0.402818949
0.402723321
0.402611523
0.402515154
0.402389985
0.40228108
0.402168027
0.402067777
0.401953952
0.401854205
0.401743629
0.401629766
0.401499743
0.401400784
0.401292496
0.401190048
0.401062629
0.400937074
0.400839857
0.400733174
0.400579349
0.400460408
0.400353838
0.400253998
0.400099786
0.399982538
0.399854057
0.39973205
0.399601026
0.399501447
0.399363874
0.399251924
0.399132928
0.399009633
0.398881773
0.398775208
0.398626377
0.398504546
0.398369782
0.398255099
0.398116871
0.398002431
0.39784247
0.397686494
0.397543096
0.397465791
0.397293287
0.397175086
0.397080792
0.396956897
0.396809893
0.396694662
0.396541885
0.396416353
0.396296993
0.396190827
0.39602159
0.39590786
0.395789643
0.395677281
0.395542831
0.39542993
0.395307552
0.39516185
0.395021713
0.394916322
0.394766649
0.394649978
0.394503083
0.39438526
0.394250513
0.394125803
0.393973125
0.393851237
0.393724781
0.393611975
0.393460297
0.393336345
0.393196758
0.393072138
0.392925789
0.3928034
0.392647711
0.392520378
0.392401693
0.39228133
0.392100566
0.391960208
0.391817371
0.391680078
0.391544393
0.391407613
0.391248548
0.391129368
0.390958455
0.390832625
0.390655424
0.390522162
0.390377393
0.390244383
0.390102247
0.3899669
0.389821883
0.389698998
0.389559187
0.389410803
0.389269032
0.389136917
0.389017501
0.38886833
0.388712575
0.388595781
0.388418867
0.388290666
0.388159645
0.388032479
0.387862946
0.387724952
0.387575544
0.387437264
0.387265831
0.387125024
0.386955512
0.386846068
0.38671061
0.386538924
0.386404836
0.386253677
0.386090469
0.385960183
0.385773067
0.38562163
0.385468602
0.385344727
0.385173781
0.385052778
0.384899343
0.384747618
0.384554745
0.384352528
0.384210909
0.384087489
0.383870265
0.383707854
0.383597271
0.383436654
0.383272313
0.383106192
0.382948287
0.382818987
0.382664179
0.382516675
0.38233926
0.382191868
0.382047088
0.381885836
0.381724025
0.381596251
0.381432065
0.381303359
0.381130948
0.380995477
0.380799506
0.380633611
0.380472246
0.380292566
0.380075496
0.379972164
0.379829566
0.379671397
0.379540638
0.379409617
0.379222946
0.379092578
0.378942445
0.378792079
0.378603761
0.378450266
0.37828476
0.37814171
0.377962315
0.377836288
0.377654219
0.377509306
0.377349445
0.377205885
0.377039034
0.376894784
0.376709902
0.376567821
0.376389879
0.3762499
0.376079495
0.375938374
0.375756881
0.375600526
0.375429673
0.375270431
0.375097707
0.374944202
0.374785456
0.374633088
0.374469131
0.374319031
0.374142609
0.373988732
0.373840748
0.373700732
0.373519562
0.373381132
0.373215349
0.373087798
0.37291469
0.372774052
0.372616109
0.372435835
0.372264037
0.372113665
0.371946925
0.371800082
0.371585753
0.37145428
0.371324394
0.371166023
0.370998212
0.370834055
0.370675742
0.370495567
0.370325912
0.370129655
0.369940191
0.369791604
0.369598474
0.369460224
0.369301718
0.369140408
0.368928371
0.368796846
0.36858602
0.368415283
0.368219944
0.368060304
0.367850693
0.36770839
0.367529108
0.367397497
0.36717672
0.367037753
0.366859356
0.366719202
0.366514442
0.366358498
0.366166152
0.36600375
0.365828437
0.365681485
0.365507241
0.36531725
0.365160541
0.364945571
0.364773473
0.364628127
0.364458423
0.364283976
0.36411632
0.363957587
0.363754981
0.363582412
0.363377428
0.36325505
0.363025484
0.362875274
0.362674978
0.362470394
0.36228677
0.362115504
0.361923701
0.361773089
0.361610648
0.361456322
0.361290668
0.361132819
0.360964921
0.360805809
0.360641706
0.36047686
0.360269048
0.3601097
0.359858606
0.359703385
0.35953604
0.359372273
0.359193907
0.359040654
0.358859019
0.358671434
0.358466505
0.358279046
0.358110405
0.357954912
0.357792304
0.357622922
0.357429696
0.357255552
0.357041805
0.356889919
0.356706353
0.35652973
0.356327946
0.356218023
0.356019069
0.355892126
0.355664768
0.35549765
0.355299532
0.355139424
0.354923076
0.354785286
0.354631464
0.35442643
0.354267119
0.354102037
0.353901312
0.353728069
0.353530663
0.35342158
0.35323902
0.353031649
0.35282559
0.352685328
0.352483038
0.352262675
0.352009244
0.351813373
0.351630667
0.351551521
0.351301613
0.351104403
0.350925094
0.350772633
0.350581242
0.350415746
0.3502499
0.350098702
0.349926693
0.349782367
0.349583874
0.349424013
0.349241679
0.349076187
0.348874995
0.34870412
0.348527498
0.348370139
0.348202127
0.348035966
0.347870822
0.347715334
0.347550305
0.347386562
0.347214561
0.347056453
0.346886918
0.34671748
0.346533745
0.346381296
0.346188882
0.346037959
0.345845603
0.345690408
0.34548291
0.345320566
0.345129327
0.344967446
0.344731445
0.344550408
0.344416252
0.344247362
0.344068042
0.3438841
0.343684428
0.343545999
0.343365579
0.343194477
0.342988793
0.342818918
0.342600343
0.342413101
0.342214613
0.342016344
0.341823938
0.341659905
0.341449179
0.341271663
0.341069193
0.340887263
0.34066981
0.340499764
0.340344433
0.340195336
0.339974682
0.339807351
0.339591988
0.339418333
0.339166588
0.338999659
0.338780421
0.338609003
0.33840557
0.338236683
0.338086027
0.337929652
0.337724935
0.337560595
0.337346883
0.337186697
0.337007364
0.336794433
0.336581738
0.336338596
0.336139126
0.335965508
0.335803422
0.335649183
0.33544189
0.335253054
0.335063992
0.334852689
0.334592535
0.334415275
0.334215812
0.334005502
0.333775254
0.333606977
0.333440519
0.333291531
0.333073284
0.332899934
0.33272043
0.332560921
0.332320278
0.332161959
0.331966708
0.33180974
0.331574066
0.331393268
0.331146094
0.330959699
0.330811046
0.330648854
0.330459952
0.330284302
0.330062667
0.329893417
0.329709015
0.329545151
0.329367453
0.329171277
0.328981551
0.328841095
0.328666695
0.32848843
0.328301613
0.328123597
0.327930078
0.327752015
0.327570228
0.327410902
0.32722431
0.327055815
0.326854255
0.32668163
0.326486573
0.326328485
0.326126643
0.325974247
0.325754821
0.325585896
0.325381531
0.325214068
0.324992603
0.324843078
0.32462807
0.324415138
0.324235143
0.324049388
0.323870519
0.323708372
0.323490176
0.32332635
0.323123467
0.322952042
0.322765087
0.322595349
0.322399324
0.322227312
0.322050977
0.321891987
0.321691368
0.321525282
0.321313565
0.321171485
0.320940496
0.320783989
0.320608033
0.320461812
0.320252629
0.320104018
0.319900811
0.319749594
0.319501941
0.31932281
0.319142424
0.318948804
0.318761439
0.318534018
0.318323367
0.318165891
0.317931069
0.317734536
0.317560466
0.317371623
0.317183218
0.316975926
0.316772277
0.316565296
0.316336617
0.316119693
0.315935445
0.315776898
0.315534605
0.315366248
0.315194135
0.315036616
0.314817567
0.31467231
0.314477609
0.314293795
0.314078273
0.31391251
0.31371251
0.313542538
0.313333395
0.313157896
0.312934949
0.312744444
0.312547075
0.312404784
0.312175733
0.311987548
0.311810942
0.311642031
0.311468055
0.311292383
0.311103381
0.310927961
0.310724331
0.310546759
0.310351292
0.310191109
0.310012128
0.309822127
0.309638345
0.309438545
0.309237726
0.309068256
0.308867879
0.308714779
0.308480453
0.308254783
0.307998053
0.307736014
0.30756435
0.307397293
0.307219488
0.30706222
0.306814005
0.306610983
0.306377283
0.306209152
0.305942203
0.305790143
0.305488102
0.305271907
0.305100263
0.304894966
0.304715585
0.304490499
0.30427709
0.304123558
0.303901644
0.303731824
0.303520153
0.303328517
0.303104129
0.302901458
0.302661016
0.302528432
0.3023065
0.302128334
0.301983295
0.301823687
0.301597331
0.301423235
0.301208536
0.301056302
0.300836982
0.300663819
0.30047467
0.300316968
0.300159743
0.299957431
0.299764035
0.299597285
0.29941832
0.299256981
0.299072961
0.298908271
0.29871424
0.298538067
0.298331113
0.298170647
0.297986335
0.297801796
0.297618703
0.297422102
0.297212541
0.297048841
0.296856743
0.296665415
0.296473617
0.296301155
0.296114473
0.295940047
0.295730397
0.295553211
0.295354842
0.295177019
0.294973602
0.294806795
0.294616329
0.294422579
0.294190655
0.2939917
0.293767793
0.293591838
0.293356593
0.293173994
0.292940163
0.292761105
0.292567262
0.292402935
0.292179056
0.292000576
0.291796543
0.291622786
0.291408908
0.29123095
0.291015892
0.290839159
0.290613961
0.290454429
0.290294648
0.290126002
0.289922528
0.289757436
0.289533289
0.289320313
0.289081305
0.288914939
0.288735319
0.288522986
0.288323528
0.288130025
0.287927289
0.287751154
0.287556995
0.287334093
0.287163498
0.286988828
0.286782756
0.286608533
0.286379988
0.286192468
0.285966138
0.285797226
0.285545726
0.285375341
0.285198826
0.285031866
0.284818407
0.284636609
0.284430563
0.284252182
0.284050762
0.283870459
0.283683311
0.283490336
0.283298583
0.283101735
0.282900946
0.282722711
0.282523715
0.282348486
0.282138225
0.281949507
0.281757454
0.281556008
0.281357808
0.281157108
0.280952385
0.280787194
0.280576456
0.280405519
0.280188546
0.280034975
0.279845061
0.279662673
0.279480787
0.279298024
0.279108824
0.27892174
0.27871085
0.278519168
0.278284872
0.278067654
0.277811328
0.277623168
0.277440725
0.277270699
0.277084152
0.276933018
0.276739703
0.276549418
0.276369009
0.276206498
0.27603135
0.275827791
0.275655978
0.275527377
0.275322412
0.275146266
0.274934791
0.274785929
0.274573055
0.27441017
0.274227593
0.274064402
0.273860969
0.273676794
0.273472454
0.273291954
0.273037056
0.272863806
0.272661341
0.272479737
0.272282542
0.272124448
0.271897101
0.271720155
0.271541236
0.271373653
0.271170706
0.271002606
0.27080625
0.270634268
0.270441353
0.270276488
0.270085653
0.269914033
0.269721419
0.269553668
0.269367804
0.269202228
0.269018988
0.268845182
0.268653378
0.268479663
0.268295204
0.268121185
0.267890532
0.267732746
0.267497932
0.267324843
0.267159989
0.267005697
0.266815284
0.266659029
0.266409693
0.26624309
0.26601807
0.265851617
0.265651818
0.265478782
0.265278201
0.265097545
0.264907469
0.264726347
0.264514793
0.264330893
0.264162579
0.263974877
0.263750108
0.26357387
0.263345562
0.263223803
0.262976731
0.262839169
0.262673294
0.262481215
0.262305484
0.262093191
0.261908671
0.261677969
0.261447824
0.261336807
0.261139004
0.26098618
0.260777371
0.260619674
0.260388135
0.260220223
0.259965999
0.259790171
0.259579615
0.259405578
0.259214099
0.259043258
0.258869003
0.258709492
0.258490139
0.258319216
0.258125185
0.257957713
0.257771409
0.257600638
0.257437426
0.257277791
0.257081894
0.256916825
0.256700233
0.256525591
0.256346836
0.256182744
0.255964862
0.255777095
0.255610543
0.255469823
0.255288014
0.255107539
0.254914786
0.254743633
0.254536252
0.254349408
0.25414757
0.253974043
0.253755128
0.253565114
0.253345458
0.253159083
0.252943872
0.252783102
0.252537699
0.252355268
0.252187198
0.252038331
0.25181942
0.251658048
0.251448129
0.251281371
0.251075844
0.250881589
0.250647548
0.250485018
0.250318139
0.250127002
0.249909049
0.249724561
0.249482367
0.249314969
0.249078684
0.248910134
0.248719447
0.248501462
0.248338451
0.248186139
0.247957724
0.247799118
0.247581884
0.247402944
0.247221043
0.247030803
0.246847036
0.24669133
0.246502765
0.246300423
0.246085917
0.245928999
0.245729678
0.245573896
0.24534502
0.245167747
0.244950829
0.244808149
0.244640276
0.24448878
0.244271016
0.244098299
0.243934291
0.243738928
0.243562683
0.243378333
0.243183776
0.242994119
0.242831261
0.242685463
0.242510898
0.242293482
0.242091838
0.241951939
0.241748402
0.241561401
0.241370508
0.241168097
0.240950973
0.240808439
0.240566083
0.24045482
0.240185247
0.239867512
0.239642896
0.23956991
0.239569772
0.238542855
0.238481784
0.238244141
0.23823727
0.237167045
0.237344637
0.237050318