% Model:              CMSL_AJB_O2_20210227_AdptLKR.mph
% Version:            COMSOL 5.5.0.359
% Date:               Feb 28 2021, 00:50
% Dimension:          1
% Nodes:              1208
% Expressions:        1
% Description:        Line graph
% cln1x                   Height
0                         0.9097263721653254
0.07644537880878488       0.9097263721125245
0.8127602615697924        0.9097263716620423
1.5333611862234306        0.9097263715752851
1.691313091440577         0.909726371489454
1.8429681349171005        0.9097263715086523
2.5419370262270036        0.9097263673114837
3.2174618005118987        0.9097263700648963
3.274558342129012         0.909726367660848
3.404895743775228         0.9097263671675327
3.955876995275162         0.9097263560766946
4.140306653069729         0.9097263528747358
4.689754130582742         0.9097263231217846
4.9906938820326445        0.9097263367580641
5.457047219396202         0.9097263185039015
5.655585384957362         0.909726286741027
6.129825952080182         0.9097262587433055
6.526795916652645         0.9097262036171754
7.013540003992716         0.9097261113587208
7.396171616410868         0.909725878395026
7.98464101751739          0.909725663424685
8.354363779026244         0.9097254891232702
9.000420925930882         0.9097249021930307
9.443002490288109         0.9097245233117645
9.998298162578806         0.9097239208454184
10.467453214465024        0.9097233580768642
10.997184887368007        0.9097227833824705
11.423543391872272        0.9097220665887367
11.99901420936078         0.9097208009804056
12.474907543775771        0.9097196994873233
12.9889728045693          0.9097184389266376
13.468372678326318        0.9097173088198307
14.0151494739913          0.909715949482643
14.464274135202345        0.9097145080411198
15.011120710228454        0.9097123381356362
15.462006218028478        0.9097104240911793
15.996249183457735        0.9097076003551782
16.45760037942813         0.9097048122312374
16.991022358406894        0.9097023770960498
17.387868124577608        0.9096993319809097
17.97390812048758         0.9096949123393354
18.459738787339063        0.9096923700560453
19.015126087754936        0.9096888153992347
19.456953417825503        0.9096852861081665
19.99122301803868         0.9096802585448449
20.457522880578153        0.9096760367284467
20.991816970559114        0.9096712756717845
21.456958540726703        0.9096664668223369
21.992082734458506        0.9096603280183071
22.465177304545932        0.9096549661725422
22.99468565551541         0.9096482267530741
23.45601706578134         0.9096424398367753
23.991781244174263        0.9096353265317612
24.45108715582711         0.9096293090763679
24.987735683116284        0.9096216833450635
25.45481915394157         0.9096146218351134
25.989499946149294        0.9096063686039357
26.454353436130077        0.9095980499032933
26.987305351910095        0.9095885255610738
27.455936879918227        0.9095789201464557
27.98371566160165         0.9095684989422848
28.460673446828764        0.9095595615246643
28.986459129118657        0.9095482336701091
29.434175488268124        0.9095382525327937
29.98234061628682         0.9095242106603413
30.45698550812233         0.9095137356266294
30.98872887234228         0.9095012877776425
31.466293792747194        0.9094885114097305
31.985726064324012        0.9094751952196074
32.460581488074354        0.909460224681824
32.98845594957436         0.9094441960039205
33.499963982363624        0.9094319555374017
33.98755619883059         0.9094165213654192
34.4508611474314          0.9093997746727077
34.97375599796976         0.9093845337362716
35.433523469263946        0.9093668140664783
36.030909973715666        0.9093466815083054
36.49141286615696         0.9093335715754992
37.01697752822918         0.9093117632452395
37.48871948917213         0.9092930446980139
37.99714710422535         0.9092744053322694
38.46562238389396         0.9092576887069916
38.995657682003184        0.9092394373965788
39.4594829601063          0.909224166514945
39.97535304896587         0.9092050148612182
40.447898666307765        0.9091854379524054
40.94794976231981         0.909161745712415
41.45269734102067         0.9091388635419809
41.98986735275395         0.9091186542922449
42.450082874653674        0.9090992274069087
42.9890934352357          0.9090711545108191
43.45798373806025         0.9090463761080549
44.014493317146815        0.9090269961305243
44.41013465787515         0.908997690683566
45.039189791509386        0.9089654229784697
45.419577315822835        0.908957269729941
45.9517836630215          0.9089298025618661
46.430818837314405        0.9089059008538587
46.98057737818172         0.9088793531773417
47.43891133224773         0.9088522707501145
47.98868472333177         0.9088188122843279
48.483664945387005        0.9087981684237981
48.96861828489892         0.9087770877139396
49.44980538344299         0.9087490942041968
49.99164740172577         0.9087199591348926
50.44263051062799         0.9086972151094238
50.993197390963616        0.9086645254885691
51.45691129547126         0.9086394446237015
51.991035510655394        0.9086092712421813
52.45760323359596         0.9085818784100368
52.99103794092318         0.9085514337793595
53.46998176026338         0.9085253728610605
53.98965312332709         0.9084955823914989
54.46449569876623         0.9084660676147516
54.98873717373891         0.9084352116228694
55.46071529750509         0.9084049479567708
55.97994557701398         0.9083737650657132
56.5014107003019          0.9083472668608882
56.98917752660276         0.9083177320551935
57.45927018372345         0.9082858212430678
57.96441676910541         0.9082553200340624
58.45811119115052         0.9082190967782704
58.97699945457083         0.9081865021444054
59.461074000348844        0.9081474227779284
59.98269371781589         0.9081120952585466
60.52304041236175         0.9080826951325027
60.99924531228811         0.9080517473029849
61.459346302326026        0.9080139258005023
61.96819794805447         0.9079787462835043
62.47341238404846         0.9079447016670655
62.98622994912057         0.9079068905458202
63.457682705356206        0.9078722112574305
63.99105189502359         0.9078322858233108
64.45768715615668         0.907802250357022
65.00329127792327         0.9077631483806434
65.45890950807319         0.9077323002383705
66.04322665172725         0.907694735986945
66.46288717513107         0.9076664153677255
66.99105464832667         0.9076136351599527
67.45631318986682         0.9075797029610382
67.98378545437663         0.9075348747043304
68.44829493470456         0.9074903207275702
68.99859810087469         0.9074565278333865
69.42946540451305         0.9074335950156549
69.99352637339246         0.9073876504972912
70.42626308437178         0.907350708328238
70.99151590523553         0.9072959423481101
71.45771301639945         0.9072559649547429
71.97241865834104         0.9072063845499573
72.42126092465628         0.9071537855120664
73.02958623085601         0.907116503668374
73.44704349161344         0.9070954005696595
73.9993910656134          0.907053643398017
74.42935210695066         0.9070198549631086
74.9882889069367          0.9069711484599258
75.43677127134242         0.9069340437616894
75.98666799450729         0.9068906697492344
76.42782936332429         0.9068524424801965
77.02135639867714         0.9068008205462718
77.46056789808563         0.9067612648877048
78.02338308213194         0.9067024205419814
78.46075874005152         0.9066665489181938
78.99498492127509         0.9066257414342995
79.39112415035277         0.9065930850494721
79.99273073616695         0.9065285941903234
80.45086680501265         0.9064882493509421
81.02224203457922         0.9064419033095865
81.46065278567045         0.9064019473206311
82.02085216524421         0.9063438824129263
82.46052223059792         0.9063012808482345
82.99366190831842         0.9062623507131711
83.39156668705658         0.906223184715957
83.99137135937207         0.9061610627318576
84.44276629072874         0.9061114233384675
84.99105836031458         0.9060564559536003
85.46060442619762         0.9060115384251921
86.00955454147282         0.905959136405779
86.45267276390007         0.9059052332176599
87.03934353718859         0.9058526386240509
87.44926522137337         0.9058031052790594
87.97237324519335         0.9057295592238852
88.54438952961164         0.905682861381349
89.0270039971989          0.9056497225658074
89.43604602990285         0.9055907066954971
90.05287370054725         0.9055332301421151
90.44075791480816         0.9055031318325018
90.98361585740713         0.9054361527476944
91.45561317221859         0.9053937357356607
91.9615635584542          0.9053489627060243
92.43944086785154         0.9053037207099373
92.97457731108403         0.9052471061914946
93.45204878335767         0.9052069541077761
93.98494554759816         0.9051538357007496
94.43810425388483         0.90510321374601
94.97841903163771         0.9050574337331105
95.39639384410799         0.9050230624377842
95.99400128187733         0.9049587719066408
96.44287873649739         0.9049119140364998
97.02248489452461         0.9048602683164914
97.4233900579751          0.9048143277264789
98.05526000890058         0.9047534653205164
98.46066129239352         0.9047099828195315
99.01587840049876         0.9046430893926324
99.43062801729718         0.9046138306482958
99.98622496287459         0.9045564076043157
100.42366595032638        0.9045141923570463
101.02421174210622        0.904453382175322
101.46084539255543        0.9044090753739475
102.02330385825758        0.9043423969168642
102.46075987428901        0.9042990601785429
102.99485024070498        0.9042533681115407
103.3934355389132         0.9042111277079573
103.99273229019082        0.9041393287164973
104.45087309134544        0.9040913749664324
105.02421174116279        0.9040390534337128
105.46084539342212        0.9039927684954081
106.02330385772586        0.9039246706955211
106.46075987478451        0.9038737245608433
106.99393287741202        0.9038237076558904
107.40918929553163        0.9037748685230924
107.99418481503687        0.9037071038670166
108.44575184396928        0.9036616758581999
109.01961021913735        0.9036082884623299
109.45545478936049        0.9035640441619186
110.02161344345745        0.9035004113681988
110.4621978411709         0.9034521575823534
110.99139295335698        0.9033883437567256
111.43340506813934        0.9033425837654936
111.99138826141376        0.9032890285623606
112.43374698520773        0.9032425812999187
112.99217091170277        0.9031865551820082
113.43013755660166        0.9031431323070764
113.99105925744198        0.903079997443004
114.45772257328576        0.9030302359880894
114.98838571323938        0.9029819848173304
115.42840765913456        0.9029362407430198
116.00746049229139        0.9028745118049895
116.45185533674328        0.9028275796701417
116.99726481429946        0.9027677876975171
117.45598356572953        0.9027169452449901
118.01019579787373        0.9026624404019862
118.46057008740331        0.9026104414015238
119.01227208302055        0.9025507134976691
119.47612937348174        0.9025053998891368
119.98891412817238        0.9024443697413008
120.49045264078632        0.9023941800451154
120.98912886755318        0.9023408417605719
121.48652322026771        0.9022839959362019
121.99489805281843        0.9022275016466038
122.45772257328571        0.9021698858022045
122.99105925744135        0.9021140234185706
123.45772257328565        0.9020625059233582
124.00748512454527        0.9019997947845201
124.47607161348935        0.9019492873055377
125.00567693365804        0.9018969830281618
125.45998221559773        0.9018479643536099
125.9910592574413         0.901786160862137
126.45772257328565        0.9017364301769075
126.9910592574413         0.9016792539527312
127.45772257328565        0.9016273211962822
127.99030536194857        0.9015706656097058
128.44570676630042        0.9015194825964004
129.00359566118823        0.9014601979428689
129.4534121257425         0.9014100833273859
129.99105925744124        0.9013452738342262
130.45772257328548        0.9012945765433378
130.99105925744118        0.9012375221966081
131.45772257328542        0.9011878024785106
131.99039214618801        0.9011308512219095
132.447089958908          0.9010825197342212
133.00419098270714        0.9010246759836158
133.45320743369268        0.9009753023406859
133.99105925744118        0.9009107940324348
134.45772257328537        0.9008576885707322
134.99105925744112        0.9008005107310988
135.46522164713684        0.9007502411963044
135.99073749441231        0.9006942291212592
136.47410927773865        0.9006440135229712
137.003622882777          0.9005880884241263
137.46154853982273        0.9005295784168152
137.9918567732954         0.9004656695683364
138.4929752989221         0.9004164003866745
138.99473745423546        0.9003613538030777
139.4538146761625         0.9003120117266861
139.95386387732805        0.9002513177477086
140.46656081234835        0.9001887572432969
141.003001476465          0.9001349417097605
141.46185398637033        0.9000806504697463
141.99105925744084        0.9000106850000835
142.433384920952          0.8999536483191688
142.98390762666043        0.8999021298829329
143.42077785782863        0.8998554422954593
143.98618879583415        0.8997838369134753
144.44013027163578        0.8997274633295494
145.0074783973099         0.8996616254488228
145.46396865669317        0.8996046022002842
146.0481212198714         0.8995432849223792
146.47718696501317        0.8994984361357323
146.98998992116333        0.8994337107198842
147.47711543361504        0.8993802791946856
147.98568980092773        0.8993272177905279
148.44719763956607        0.8992704976274254
149.00338368812606        0.8992088348409012
149.45348500938383        0.8991589451120796
149.9910592574406         0.8990939970438473
150.45772257328497        0.8990388661740982
150.99105925744055        0.8989782902102834
151.45772257328497        0.8989252298103477
151.9903054387746         0.8988641195908716
152.44341216667215        0.8988135375942319
152.97399827626413        0.8987406050076453
153.4517395999476         0.8986692478830036
154.07351456049605        0.898604706640269
154.46654445683254        0.8985697164472266
154.98833881835577        0.8984926399811463
155.46544857437812        0.898439512687738
155.96456428769648        0.898399653575146
156.43842820470445        0.8983445633754746
156.99171105567615        0.8982792509153968
157.45464434529367        0.8982281926407846
158.00808025352183        0.8981605576088089
158.46393085365105        0.8981053578736815
158.98120587921227        0.8980513591003264
159.40950158234313        0.8980047429765198
159.9953750601752         0.8979273304106379
160.4564808099567         0.8978747685993366
161.00554060410195        0.8978191216242094
161.45669490125243        0.8977662857502899
161.99105925744027        0.8977040481340656
162.45399018518253        0.8976542999361599
162.9712311137667         0.8975984006133472
163.44379740666716        0.8975329227109841
163.9938815939754         0.8974721174610527
164.4474124167793         0.8974290831609645
164.99105925744027        0.8973666101403039
165.4577225732845         0.8973137250806161
165.99105925744016        0.8972537756061977
166.4577225732845         0.8972015763916565
166.99105925744016        0.8971426804622324
167.45772257328446        0.8970895277383367
167.99771248721186        0.8970246561940373
168.46717196567005        0.8969745434533716
169.00887885421923        0.896918664604574
169.46106783299285        0.8968689238968766
169.99105925744004        0.8968040238379958
170.45772257328434        0.8967499600322851
170.99105925744004        0.8966910861038114
171.4577225732843         0.8966385329843883
171.99105925743999        0.8965753325889066
172.4577225732843         0.896523296788927
172.99105925744004        0.8964538021231165
173.45772257328417        0.8964006272563185
174.03122583178572        0.8963486584035543
174.4607388097162         0.8962993539396874
174.9910592574402         0.8962229278461701
175.45772257328395        0.8961621500194246
175.99105925744067        0.8960974270304993
176.47448715894006        0.8960421371929461
176.98860683610928        0.8959845171412022
177.44593867996826        0.895926231465215
177.9888905438661         0.8958605301189505
178.4453295897589         0.8958074411213189
178.99105925744556        0.8957368991452331
179.4577225732869         0.8956792189433197
179.99105925744846        0.8956088973913859
180.45772257328952        0.8955502047361097
180.99105925745158        0.8954899946061343
181.45772257329259        0.8954315138051081
181.99105925745414        0.895370282388123
182.45772257329554        0.8953091271499805
182.99105925745573        0.895243675236771
183.46302576151322        0.8951894403242653
183.9764598930695         0.8951273006019355
184.4750327674921         0.8950630894886287
184.98961512787236        0.8949976269822414
185.4651441120498         0.8949387217300355
185.9984698620296         0.8948848213183385
186.4631048655463         0.8948214964910565
186.9917973327489         0.8947523031665654
187.43600850353096        0.8947026389954047
187.99105925745567        0.894624532941309
188.45772257329946        0.8945692232842046
189.00838984652927        0.894509521768085
189.45227993333896        0.8944557128327433
189.99105925745545        0.8943816652631511
190.4577225732993         0.8943211209402913
191.0115867829914         0.8942601568271954
191.46180899975622        0.894201797641214
191.99105925745533        0.8941278185613937
192.45772257329912        0.8940667917633167
192.99105925745528        0.8939931913593572
193.44700099454377        0.8939480705333461
193.94364894125948        0.8938846906127945
194.47100401505998        0.8938117718109833
194.98968217794413        0.893756256390314
195.44115139780592        0.8936957147878758
195.99207127962995        0.8936252953318092
196.43781283168147        0.8935714863119341
196.99105925745488        0.8934930436275628
197.45772257329878        0.8934301090917363
197.99446407745103        0.8933696795624779
198.44731104626146        0.8933132199173035
198.9859779688257         0.8932411913441994
199.4666256207592         0.8931887405836214
199.9700837088966         0.8931212652252557
200.47902008678284        0.8930563866783574
200.97605275799407        0.8929774263069371
201.4895841536494         0.8928941090329698
201.99105925745448        0.8928375724302693
202.45867568399456        0.8927843439271701
202.95700099290866        0.8926929637208195
203.46417292875935        0.8926287611059667
203.96624947013623        0.8925845438865105
204.4516156497309         0.8925201420443793
205.00794527596656        0.8924486346269987
205.46200164815673        0.8923796342654362
206.01248896032837        0.8923140996919018
206.45626590927992        0.892256549184333
206.99060430399345        0.8921901168391153
207.43406960082638        0.8921306926232166
207.9910592574539         0.8920600175300665
208.447892207201          0.891999722717477
208.9438795819492         0.8919418385088291
209.45772257329764        0.8918746734670431
209.9910592574538         0.8918104574196558
210.45772257329753        0.891758790412446
210.99105925745368        0.8916907731180448
211.45772257329747        0.8916366114082591
211.99105925745368        0.8915668360728836
212.45772257329742        0.8915082601444939
212.9632528388849         0.8914295262809744
213.46088137311563        0.8913654617297175
213.99105925745351        0.8912980998194455
214.42231066866992        0.8912243931193945
214.9909850166482         0.8911354821849548
215.51155582076774        0.8910796842272184
215.99265942463416        0.8910185915794401
216.4577225732972         0.8909542678611414
216.9865679625787         0.8908975150707289
217.41935107964173        0.8908446150529175
217.99046857204758        0.8907684829547019
218.45079875281192        0.8907167559296176
218.9777774542353         0.890655025624888
219.44265340149815        0.8905954927999677
219.991059257453          0.8905191640098893
220.45772257329685        0.8904578989121754
221.01496010875155        0.8903887889271236
221.45505326387877        0.8903349625159265
222.03345849573827        0.8902629627662094
222.46276088654417        0.8902090746786195
222.99105925745272        0.890136957153832
223.45772257329656        0.8900770890197127
223.99105925745266        0.890012084610055
224.45772257329645        0.8899563795857642
224.99105925745255        0.8898871692945396
225.4577225732964         0.8898295425594321
225.9910592574525         0.8897517810501572
226.45772257329634        0.8896937120156394
227.02336440600004        0.8896227324839033
227.4546591042003         0.8895670725899506
228.02251197131994        0.8894995257468423
228.4547399398383         0.8894430589644007
228.9910592574522         0.8893738357969158
229.45772257329605        0.8893130763995852
229.99105925745215        0.8892488498538609
230.45772257329594        0.8891859000775701
230.99105925745204        0.8891182446653735
231.45772257329588        0.8890588874111469
231.99105925745198        0.8889964984516403
232.4577225732957         0.8889371174097755
232.99105925745192        0.8888755433230051
233.45772257329565        0.8888153320887167
233.9910592574518         0.8887478764810868
234.4577225732956         0.8886861971173701
234.9974074555343         0.8886283610314696
235.43766135995128        0.8885682617546248
236.01199700805358        0.8884961436231308
236.4592353722133         0.8884406938031844
237.00929284268585        0.8883725473601886
237.47202384467852        0.8883199329477555
237.9939420934283         0.8882467606058444
238.45436517661375        0.8881907898229178
238.9651077283189         0.888122410917152
239.45772257329526        0.8880537919030853
239.99105925745135        0.887983929308491
240.45772257329514        0.887922433238868
240.99294687599627        0.8878551355771188
241.4324283799067         0.8877971625732985
241.99262298011558        0.8877095547722051
242.4747744573756         0.8876541903593116
242.98836463649786        0.8876000853091697
243.47438469276665        0.8875367768564786
243.98165764849432        0.8874689261960881
244.46182300211086        0.8874057830428055
244.97630314021956        0.8873424441652381
245.4692694250262         0.8872730850477362
245.99224363718412        0.8872061321672858
246.4577225732947         0.8871362467995689
246.9910592574508         0.8870648912115782
247.46180157999743        0.8870019883885044
247.9913594618289         0.8869290764908712
248.45570697095985        0.886871022902158
248.97298907946043        0.8868085801012051
249.42430534973084        0.8867456493640151
249.9946918769271         0.8866639192690988
250.44387092555377        0.8866110441954212
250.9786997520049         0.8865288945659529
251.45519099118206        0.8864618042658957
252.0145895053069         0.886387734837394
252.4392189753837         0.8863275325868911
253.0304734451194         0.8862526808352766
253.43750032824164        0.8862011305884177
253.98105226352862        0.8861263571039883
254.3892581371278         0.8860754715427107
255.0208399425647         0.8859877116086534
255.45984561686288        0.8859295784781771
256.01426794908036        0.8858591906279423
256.4468072729809         0.8858028846941659
256.99105925744993        0.8857213617774814
257.4577225732937         0.8856583231558219
257.9910592574498         0.8855849085903097
258.45772257329367        0.88552193046713
258.99105925744976        0.8854535442201761
259.4585808880951         0.8853950002714469
259.9714129590841         0.8853302306267473
260.45857231981216        0.8852586413033323
260.9716090818108         0.8851951012798691
261.4575577015956         0.8851134662900785
261.9826835761355         0.8850452472700558
262.4908140280381         0.8849874689650113
262.99644904316625        0.8849181258228799
263.45772257329327        0.8848488970185042
263.99979064141326        0.8847853739985345
264.43412043941134        0.8847244909019871
265.0240396718987         0.8846456917024544
265.454575855097          0.8845805353857117
266.0198130263592         0.8845008433139209
266.44574995121263        0.8844509564068361
266.97913889320245        0.8843613202394434
267.4612459913644         0.8843028098428842
267.95689404330346        0.8842292459864913
268.46214912426115        0.8841494165333341
268.9920472986279         0.8840794857865415
269.47794933283456        0.8840149334279417
269.9934642826674         0.8839431364818551
270.4739816458317         0.8838812223451695
270.9859611045398         0.8838143493064219
271.46928539052755        0.8837508388690158
271.98770219302406        0.8836826819535791
272.46720541803217        0.8836195794490234
272.98830607714024        0.883552023791061
273.46460430096806        0.8834869801635639
273.98937596095834        0.8834221218723946
274.41941806726777        0.8833592608140216
274.99075825615466        0.8832783485529165
275.4258111724729         0.8832186696200695
275.9915306070181         0.8831265003128848
276.45772257329224        0.8830681788639247
276.9910592574483         0.8830012360760818
277.4577225732922         0.8829383363187004
277.9910592574482         0.8828689060868354
278.4610583858416         0.8828106555913029
278.98010666417184        0.8827426786566002
279.457722573292          0.882669575610092
279.99105925744806        0.882593720025364
280.4647938937066         0.8825280154475784
280.9905504202415         0.8824585387744863
281.47253981505463        0.8823968759664511
281.99522034247263        0.8823345813835128
282.4388457864437         0.8822676907333333
282.9977811690259         0.8821895548373303
283.44661478442447        0.8821211629009251
283.99937025258373        0.8820318516804869
284.4763659372411         0.8819701116867937
284.9844434674851         0.8818937160796686
285.4304424613059         0.8818174245061856
286.0493244917489         0.8817373706203155
286.44310990957894        0.8816957816949612
287.07463431354967        0.8816146418253168
287.4650703742021         0.8815623544488942
287.9910592574473         0.8814657203830738
288.4577225732912         0.881397403551839
288.9910592574473         0.8813208487626167
289.4577225732911         0.8812542520919138
289.9966710511189         0.8811732768581209
290.4581459756832         0.8811179124916633
290.95768295384295        0.8810542367641219
291.45772257329094        0.8809687032508162
292.00869750939194        0.8809036899426858
292.4479931365202         0.8808350670569647
293.0029759079294         0.8807520589971572
293.43529195345303        0.8806766422937691
293.9979358145842         0.8805962545228072
294.45499909808956        0.8805502153076555
294.96463319854547        0.8804774758802844
295.4577225732906         0.8803956299665168
295.9910592574467         0.8803147178595976
296.4848415986596         0.8802586630276575
296.9792025527129         0.8801789425721492
297.4586411147657         0.8800985668107943
298.02668634685006        0.8799983995053032
298.4608835739945         0.8799207528806605
299.0303906282406         0.8798491577121027
299.35883617978624        0.879822782320457
299.9842771216024         0.8797211563924509
300.4578936986619         0.8796454766989802
301.0087384945772         0.8795752921490916
301.45238161911163        0.879511759141911
301.99105925744624        0.8794334112612976
302.45772257329           0.8793706432093658
303.0040480719222         0.8793045989777639
303.4565260077548         0.8792427741423716
303.9979239795891         0.8791739140385667
304.44060533042955        0.8791159020387748
304.991059257446          0.8790353085756515
305.4577225732898         0.8789705797501428
305.9910592574459         0.8789003373955301
306.4577225732897         0.8788346737993301
306.9910592574458         0.8787591026587986
307.4408088423372         0.8786891141171577
307.9790944593595         0.8786188174209437
308.4521856405023         0.8785544094059288
308.96699296960446        0.8784850880210461
309.47071683735925        0.8784180720177075
309.98484663986574        0.8783498372471407
310.47902221163355        0.8782840637798736
310.9868070265863         0.8782190633678455
311.46993506811333        0.8781488485223927
311.9865458035148         0.8780780026529978
312.4692323356454         0.8780130764058387
312.9868055170839         0.8779410856569826
313.4577225732892         0.8778712201755617
313.9910592574453         0.8777969282127505
314.45772257328906        0.8777356081233125
314.9910592574453         0.8776594930767055
315.45772257328895        0.8775981626529257
315.99105925744516        0.8775212009093607
316.45772257328895        0.8774578856680603
316.99105925744504        0.8773736555936712
317.45772257328883        0.8773082189645911
318.0009116562678         0.8772305276949024
318.4588644918367         0.8771648103587077
319.00449973144976        0.8770686879038058
319.4766655013185         0.8769969574571488
320.0079042678617         0.8769392369660307
320.45084971710116        0.8768705566249116
320.99223324379284        0.8767949046031571
321.44077913579906        0.87672232342564
322.00331080666535        0.876640058104085
322.4672152142314         0.8765823587249182
323.00690887768485        0.8765062149734801
323.46007892098453        0.8764340060938605
323.9959541102045         0.8763458171178228
324.4571360174866         0.8762737266773024
324.9803575170125         0.8761767203167444
325.482501646512          0.8760927435723289
325.9814232662693         0.8760143852740778
326.47157611034595        0.875929687001271
326.999995050042          0.8758484811043007
327.45912571218037        0.8757825292862786
327.99105925744414        0.8756980109288044
328.4577225732879         0.875626006661124
328.99105925744414        0.8755418861258535
329.4577225732879         0.8754717827109434
329.9910592574439         0.875380187965319
330.4577225732878         0.8753084800462987
331.05333850886484        0.8752438409548958
331.4573060403469         0.8751835358917894
331.9870181967533         0.8750958825645453
332.4198834826253         0.8750273030422959
333.0311769609357         0.874937850575786
333.45198950045767        0.8748674323690624
333.99105925744357        0.8747689659733117
334.4723372471417         0.874700210993788
335.0055770635339         0.8746133027312379
335.48446140085673        0.8745429154157887
335.9913263919607         0.8744592429128203
336.45772257328724        0.874386630804671
336.98778661102426        0.8743193956793046
337.4234049714215         0.8742532829066851
338.0096142068319         0.8741711535037687
338.45207146280075        0.8741019725440724
338.99105925744334        0.8740165268251476
339.4596408488402         0.8739491258739323
339.96929497301653        0.8738729504143824
340.46133390753585        0.8737861227470842
340.95223093950926        0.873699081679256
341.47959471655577        0.8735985805673052
341.9946787733917         0.873517186549416
342.5083359866695         0.873442614843346
342.99702217867457        0.873374382686562
343.4485840732167         0.8733065391611278
343.96655951802074        0.8732214040271455
344.46533037658287        0.873147898496198
344.9633002821947         0.8730697264484236
345.41366165772183        0.8729878644635047
345.9845343403092         0.8728866381059207
346.4334669288729         0.8728138001164456
347.00908091343683        0.8727292414747009
347.4497909496889         0.8726478265030992
347.9942221912702         0.872552732745546
348.4764824758065         0.8724851828056007
349.0118031666832         0.8724153652718987
349.4554819918566         0.8723513154061893
349.99105925744254        0.8722601145048171
350.45772257328633        0.872189642809311
350.9853641050586         0.8721124782255014
351.4235578115067         0.8720450400800464
351.99105925744243        0.8719475192592067
352.4577225732862         0.8718796157216036
352.99043790015673        0.8717953139318965
353.4387778602012         0.8717270108720059
353.9910592574423         0.8716300620024664
354.457722573286          0.8715547675856368
354.9880207349303         0.8714526511255486
355.45547532505464        0.8713764546479636
355.9771236623783         0.871309824436286
356.4338411566307         0.8712417130433154
356.9748366531687         0.8711630385060056
357.4299511681928         0.8710909237242395
357.99105925744186        0.871000952816903
358.45772257328554        0.8709332416786609
358.9763357280294         0.8708568122611896
359.4598342149309         0.8707873871399183
359.99153452517555        0.8707180921024998
360.4577225732854         0.8706401977931987
360.99105925744163        0.8705629145421395
361.4949515279427         0.8704998119368084
361.99385611164075        0.8704264700505733
362.4582392226023         0.8703537169672003
362.9746451544254         0.8702789734575642
363.4690464427531         0.8702039235260954
363.98829201850674        0.8701299752957565
364.4577225732851         0.8700525350732196
364.9910592574413         0.8699742652366336
365.4577225732851         0.8699076519654207
365.9910592574412         0.8698269386255405
366.45772257328497        0.8697571923428231
366.99105925744107        0.8696714058260748
367.45772257328485        0.8695997711353975
367.9888616641156         0.8695165453915874
368.43223795045344        0.8694493224122996
369.0159065640655         0.8693639956552686
369.4551975251758         0.8692958665276425
369.99502927809556        0.869202939578914
370.45626504833535        0.8691335712407431
370.9964539798316         0.8690485610941262
371.43391700985137        0.8689787659563616
372.01744828586163        0.868887956990715
372.4766193873602         0.8688243949799513
372.9922011700578         0.8687371125694691
373.4431211701974         0.8686559578696805
373.99987295483663        0.8685815788026375
374.45463222134515        0.8685084060484506
375.00470639668674        0.8684315786718491
375.43260538587003        0.868364198100309
375.9920638680485         0.8682750376543074
376.4447363033495         0.8682081428386694
376.99138746544315        0.8681213335546956
377.45772257328406        0.8680507114559928
377.99105925744027        0.8679743792710801
378.45772257328406        0.8679044107055399
378.99105925744016        0.8678260533736216
379.45772257328395        0.8677563016679044
379.9935554320575         0.8676853866003067
380.4350863636929         0.8676223833386232
380.9928203511531         0.8675383690141295
381.4290748150669         0.8674725853825955
382.0167845895862         0.8673869801858483
382.44533098677573        0.86732749700028
382.9910592574398         0.867234671214758
383.4577225732835         0.8671680500748045
383.99696692987675        0.8670953602169643
384.43765111043706        0.8670332971463404
385.02544920580226        0.8669460829676938
385.46102171364873        0.8668821767024387
386.01773089666995        0.8667977822932323
386.4462144373746         0.8667345086083049
386.9910592574395         0.8666382252465219
387.45772257328326        0.8665650175386264
387.9910592574395         0.866488302464929
388.45772257328326        0.8664084128081859
388.99105925743936        0.866329021464752
389.43974678311645        0.8662354396889871
390.01005075167086        0.8661471946462176
390.45305276523413        0.8660849095740741
390.95840610166886        0.8659888968042716
391.48230994664755        0.8659026703772056
391.96792328608706        0.8658338585989622
392.484753473889          0.8657538088556322
392.9784838838407         0.8656725504687471
393.48122303584137        0.8655887087831804
393.98012632180667        0.8655027047207928
394.45120253292134        0.8654172660432579
394.9517344793104         0.8653238142634387
395.4577225732827         0.8652389645482663
395.9856969630432         0.8651613152422003
396.431104183602          0.8650965587886873
396.98650438586776        0.8649947043828518
397.45954995870056        0.8649224442578491
398.0210422293195         0.8648489233211567
398.4608475887601         0.8647804091344662
398.99659286597546        0.8646906309269364
399.47282285220774        0.8646255188886838
399.99342745566696        0.8645430055788063
400.45542570115026        0.8644644047900091
400.99158663769606        0.8643769985924381
401.45772257328224        0.8642980837313106
401.99105925743834        0.8642107216851468
402.4577225732821         0.8641397570838774
402.99105925743834        0.8640463760005359
403.457722573282          0.86397254708405
404.0209709349833         0.8638766951447726
404.4568632700325         0.8638017353571801
405.06223071113163        0.8637122154731232
405.4561259021058         0.8636553432653006
405.9910592574379         0.8635611949911784
406.45772257328167        0.863483498331127
406.9910592574379         0.8634068374958846
407.45772257328167        0.8633334292526121
407.9910592574379         0.8632555763762004
408.45772257328156        0.8631786542890965
408.99105925743777        0.863099280827186
409.45772257328156        0.863020730135459
409.99105925743777        0.8629370394258565
410.45772257328144        0.8628630695894164
410.99105925743766        0.8627820238556381
411.494990641952          0.8627105592924342
411.994046187762          0.8626364732641476
412.4764221009774         0.8625528646575384
412.9840888523345         0.8624715651888276
413.4552285117287         0.8623903097465258
413.9890955308707         0.8623032545931523
414.45772257328144        0.8622315822589852
414.9910592574372         0.8621417919460929
415.4512035323081         0.8620802683921751
415.95738008429487        0.8619848807078018
416.48911318952116        0.8618914755139888
416.9559897582109         0.8617913075123552
417.43319929391964        0.8616847808767188
417.9783523656099         0.8616154376494188
418.44182908607877        0.8615472656835684
418.98668918309295        0.8614741943514246
419.4078077431692         0.8614045533737267
420.01491353441713        0.8613036052666438
420.44112385142716        0.8612195367230693
421.03763277655275        0.8611154728359777
421.434004901776          0.8610431662995162
421.99618762903765        0.8609331439455165
422.4577225732935         0.8608697306766047
422.98797036034057        0.8607453299723771
423.4986856615151         0.860657214392844
423.99120145630366        0.8605827031726925
424.43106287470687        0.8604987080431299
424.97216214586194        0.8604215300008926
425.4499756834417         0.8603250983976045
426.00051121723914        0.8602331124061291
426.4588213605523         0.860168349669436
426.9721343995059         0.8600774560199923
427.4605332436655         0.8600062976109739
427.97963269519823        0.8599192261614929
428.43195022803377        0.8598381119213225
428.983750907992          0.8597439401176232
429.4408724664461         0.859654058325697
429.9952584579994         0.8595499898864087
430.46494785813206        0.85948884259315
430.9915957280506         0.8593951120150206
431.4579158931439         0.8593183158362729
431.9829480678993         0.8592533210916334
432.40704806437475        0.8591847844714926
432.9883850539354         0.8590911855882866
433.4266347020923         0.859017813200897
434.0103865582016         0.8589227302636521
434.4572261648053         0.8588580384675846
434.9905767433388         0.858764411511083
435.458702733634          0.8586881765091474
435.9859972493299         0.8585962351158409
436.45078245306934        0.8585279273186428
436.97630133460177        0.8584554873450075
437.4615946974051         0.858371688050878
437.99105925744993        0.8582890202736602
438.4577225732934         0.8582170687460738
438.99105925744993        0.8581387166226607
439.4577225732934         0.8580645639975839
439.99105925744993        0.8579837140312859
440.45772257329327        0.8579097647814791
440.9910592574498         0.8578282752347796
441.45772257329327        0.8577476499005647
441.9931477094408         0.8576606361940055
442.46557166363425        0.8575872722782756
442.9713073530504         0.8575034056244358
443.48021739393596        0.8574254638331682
444.01196163234715        0.8573440929744263
444.46295071686336        0.857264433167048
444.9901830886389         0.8571741219964156
445.4583522396928         0.8571022945801625
445.97873801601054        0.85702092135133
446.45772257329304        0.8569381293586995
446.9910592574497         0.8568539178725662
447.4440071966976         0.8567776021307005
447.9958703380822         0.8566941675146509
448.4395379118132         0.8566195405207694
448.97491747029983        0.8565258573942227
449.4560161927013         0.8564459318913369
449.99541194157837        0.8563492455551777
450.4676477385498         0.8562615474771349
450.9919838360721         0.8561688567880965
451.4762819686416         0.8560950841542305
451.9929359850029         0.8560094120625064
452.4577225732928         0.855925300523855
452.9910592574495         0.8558358043082472
453.4577225732928         0.8557511763743819
453.99105925744936        0.8556555484757925
454.4577225732928         0.8555781718509385
454.99105925744936        0.8554749842261407
455.4577225732928         0.8553953705580339
455.9705545001889         0.8552855130313188
456.44152705683746        0.855205870656214
457.0172127602103         0.8551181335741013
457.4612337644886         0.8550459094681478
457.99105925744925        0.8549499721212747
458.4577225732926         0.8548703900269656
458.99105925744925        0.8547804180939568
459.4577225732926         0.8546958061063369
459.99105925744914        0.8546005475739281
460.4577225732926         0.8545230218234273
460.99105925744914        0.8544322684947798
461.4577225732926         0.8543543401175347
461.991059257449          0.8542525823561342
462.45498487885175        0.8541804745874283
462.98531758692366        0.8541042938867159
463.4471077381529         0.8540271282214866
463.9958965077352         0.8539361092131414
464.4506931626938         0.8538603738097867
464.9846106508503         0.8537567945081305
465.4591747517733         0.8536582035186224
465.9908082409962         0.8535524084686282
466.45763768756535        0.853475626089246
466.97061977168664        0.8533922647201403
467.4529163667679         0.8532910001262042
467.9892242457008         0.8531926457295899
468.45308229799593        0.8531041734076055
468.99249897338746        0.8530103720835983
469.48311749895356        0.852933073716569
469.98487496756013        0.8528445844037306
470.4740958001712         0.8527457048894637
470.9910592574487         0.8526681800344625
471.457722573292          0.852593037326277
471.9910592574487         0.8525043756704708
472.457722573292          0.8524300511892209
472.99105925744857        0.8523328356118911
473.457722573292          0.8522494175575552
473.99105925744846        0.8521456087139921
474.457722573292          0.8520668794965135
474.99105925744857        0.85195023973564
475.457722573292          0.8518703687590732
476.0123217841858         0.8517890296269534
476.45671961248433        0.8517142061952558
476.9944201730825         0.8516120583076153
477.46263751494007        0.8515299239963248
477.99105925744857        0.8514309277503628
478.4577225732918         0.8513463735914517
478.99687793717953        0.8512511449310741
479.45716980558007        0.8511691740806495
479.99105925744846        0.8510885297216888
480.4577225732918         0.8510042829682161
480.99105925744834        0.8509240396966975
481.4577225732919         0.8508370390927547
481.99105925744834        0.8507488520459923
482.4577225732918         0.8506709688951829
482.99105925744834        0.8505835329015017
483.4577225732918         0.8505024336917295
483.99105925744834        0.8504129956018414
484.4577225732917         0.8503295431897373
484.99105925744834        0.8502404818619329
485.4577225732917         0.8501544831667589
485.9910592574482         0.8500637171607156
486.4577225732917         0.8499763273559982
486.9910592574482         0.8498830277987699
487.4577225732917         0.8498073822967489
487.9910592574482         0.8497097149293097
488.4577225732917         0.8496306662157702
488.9910592574482         0.8495305002105349
489.46144892169104        0.8494537313037275
489.9780721937566         0.8493617953116264
490.4876783722236         0.8492789469239654
490.9942777863696         0.8491918571978947
491.4823244265332         0.8491019235026425
491.9937025445246         0.8490146292516978
492.45772257329145        0.8489221439748353
492.991059257448          0.8488233390974327
493.45772257329145        0.8487375952784249
493.9910592574479         0.8486283357861188
494.45772257329145        0.8485354132556271
494.9987126098729         0.8484165470441073
495.48126206609527        0.8483331854899447
496.00308000833616        0.8482483858513568
496.47824939247255        0.8481652874802914
497.0083874643361         0.8480762015721353
497.45873403029816        0.847996962789032
497.9716619153571         0.8479005673554224
498.4607039710685         0.8478017326122023
498.9814094217264         0.8477069463738485
499.4667573387568         0.8476271955051551
499.9681441425232         0.8475413048853244
500.4577225732912         0.8474398655668394
501.00078831845565        0.8473601314463398
501.45239774033007        0.8472956321572497
502.00763660773055        0.8471989319661776
502.46134217384963        0.847112521186469
503.01144574127807        0.8470136038941459
503.4609830196056         0.8469410479110538
503.99105925744766        0.8468385813561825
504.4577225732911         0.8467599665348249
504.99021170544734        0.8466718145423087
505.4312813211973         0.8465941636885219
505.99018003405706        0.8464974067957309
506.4302932624039         0.8464132070936348
507.04416159733           0.8463133540305564
507.45405137617115        0.8462336095163472
507.99105925744755        0.8461129726605068
508.45772257329077        0.8460356132882678
508.9969164934639         0.8459423224670273
509.4661551879208         0.8458581761457664
509.9993867760834         0.8457672839814122
510.45829763851543        0.8456936156827146
510.9806417274251         0.845590079294194
511.46148106531996        0.8455109030661943
511.9902689465622         0.8454227539366083
512.4467872645657         0.8453466243928398
512.9910592574472         0.845253257152296
513.4577225732907         0.8451735944952451
513.9910592574472         0.845082439961208
514.4577225732905         0.8449984333260279
514.9910592574472         0.8449114430082663
515.4577225732905         0.844830527721526
515.9910592574471         0.8447406390623965
516.4577225732905         0.8446590275132964
516.9910592574471         0.8445663868340351
517.4577225732907         0.8444867944653796
517.991059257447          0.8443984051195376
518.4577225732908         0.8443156759976975
518.9910592574468         0.8442250475504877
519.4577225732912         0.8441419294340466
519.9910592574462         0.8440477224326587
520.4577225732921         0.8439653772271669
520.9956348543578         0.8438702818146
521.4437325956216         0.8437862134939563
521.99176886079           0.8436750114778316
522.4494855150317         0.8435950063178462
522.9910592574354         0.8434758427958852
523.4577225733119         0.8433876444317232
524.0311494115952         0.8433087308378132
524.4622917347563         0.8432307554660472
524.9925515436234         0.8431322019231087
525.4196617199929         0.8430519596187551
525.9887840144338         0.8429315018663307
526.4426016151193         0.8428481293672094
526.9892434113901         0.8427330581186747
527.4456965688737         0.8426517557798432
527.991059257063          0.8425507731328532
528.4577225740385         0.8424642882025188
528.9910592567771         0.8423647081110435
529.4577225747737         0.842273912884496
529.9910592563687         0.842181763279652
530.457722576392          0.842087299880919
530.9910592559526         0.8419821901535718
531.4577225803705         0.8418887122703039
531.9984203774009         0.8418007573477709
532.4111727582616         0.8417012228448582
533.0338876746773         0.8415806887358892
533.4364504774302         0.8414840711405155
534.0701004673995         0.8413675298922229
534.4685379573033         0.841301158107606
534.9887058904123         0.8411813348698097
535.4540477904868         0.8411108657902218
535.9516761181507         0.8410245931808437
536.4583759440968         0.8409278591503827
536.9676175214072         0.8408377835674812
537.4577244228374         0.8407314685381191
537.9910598664987         0.8406339307468034
538.4196476755858         0.8405199071087672
538.9854066497752         0.8404009573269252
539.4577285366526         0.8403489631595202
539.991060897198          0.8402464675549737
540.4577313063279         0.8401713463063913
540.9910614719724         0.8400701162090799
541.45773406881           0.8399958015992255
541.9910620125181         0.8398890432692383
542.4577367051224         0.8398135380159404
542.9910625427842         0.8396979657468687
543.457739312311          0.8396179040041429
543.9910630701147         0.8395207717515455
544.457741839117          0.8394396170783524
544.9910635420827         0.8393491832180442
545.4577440573742         0.8392667716585354
545.989767116746          0.8391840821834466
546.4305201374336         0.8391069860480029
546.9910643764684         0.8389976101465324
547.4577484054481         0.838914506885793
548.0023922292677         0.8388217530461397
548.4599249542327         0.8387390146789727
548.9910658955234         0.8386450506257768
549.4577563480341         0.8385600803423255
549.9919366573951         0.8384743672984548
550.4356561807231         0.8383931014151726
550.9903303054085         0.8382913180584445
551.438851318575          0.8382064462996003
551.9961878650195         0.8380914124405966
552.456495205387          0.837999939489481
553.0423324488709         0.8379098266668276
553.469073818188          0.837823967779949
554.0087399154105         0.8377075510358758
554.4795775399766         0.8376037780909229
554.9910685328197         0.8375123742870705
555.4529513396915         0.8374365214176447
555.9582965890979         0.8373408877286387
556.4767285144405         0.8372421029694457
556.9899068596818         0.8371400077936979
557.474603929211          0.8370446978233279
557.9851343413543         0.8369397943176339
558.4413800050716         0.8368400876995861
558.9897334737741         0.8367370146718296
559.4390115966843         0.8366463614839879
560.0151426835221         0.8365379569999355
560.4444382031877         0.8364416016411689
561.0034667304111         0.8363167022749144
561.4633524678923         0.8362269623670062
561.9917328171359         0.8361133260394698
562.4578094394791         0.8360262671372827
562.9910768523647         0.8358926685967736
563.4467217046349         0.835797941443031
564.0453614615795         0.8357195617223596
564.4506636167316         0.8356430549144331
565.0036333204607         0.8355291967466716
565.4257578266034         0.8354448320163204
566.0098826621257         0.835335159536888
566.4448772143933         0.8352496467329643
567.0121429089144         0.8351413493472962
567.4416161670313         0.8350346329156153
567.9836508918469         0.834900741665908
568.4756980633715         0.8348185326790096
569.0123968663258         0.8347344813793087
569.4632119275623         0.8346333687649685
570.0055476913071         0.8345205668378857
570.4455594101527         0.8344252485403567
570.9909476198893         0.834305699337965
571.4545469750566         0.8342220521007595
571.9970045256962         0.8341056930923682
572.457497945152          0.8340154112351459
572.9868486833246         0.8339142736964976
573.4501166369712         0.8337957924732223
574.005266511833          0.8337149562644811
574.4064999724906         0.833636466609238
574.9788234787009         0.8335137080355378
575.4319620593694         0.8334275626949071
575.98494969788           0.8333091297008276
576.457795492538          0.8332121051531396
576.9835683502274         0.8331073410598983
577.4584842524241         0.8329958366250653
577.9832401999163         0.8328943026699829
578.479364770782          0.8328152483887425
578.9788398000652         0.8327134529852971
579.4572477627056         0.8326116374618633
579.9805126381489         0.8324983426366065
580.4500438865483         0.8324126404796817
580.9691444885541         0.8323090853678973
581.4303123808617         0.8322263356122416
581.9765240954404         0.8321057472720724
582.4581063196042         0.8320027290854194
583.0155245033968         0.8318862249279984
583.4670027994371         0.8318161525389267
583.9738356593684         0.8317280457763885
584.3979218590408         0.8316490942522063
584.9760088976125         0.831529061724349
585.4569913065037         0.8314377670684068
585.9700095300987         0.8313507208569708
586.4564919980884         0.8312450061405352
586.983344936607          0.8311485352511029
587.4580066666514         0.8310463565280886
587.9798510402017         0.8309369180963786
588.4718567742776         0.8308361409526487
588.9868070622176         0.8307422349548785
589.4555148372322         0.8306521248423433
589.963476451297          0.8305532374152779
590.4573921978158         0.8304467697048947
591.0226538964513         0.8303388647158869
591.4725609571437         0.8302790155202706
591.9837448047282         0.8301767392919471
592.4857333386318         0.830079828706707
592.9688109239257         0.829984696185299
593.3987814543907         0.8298793842355812
593.8978544789409         0.8297654774452157
594.3913505793045         0.829680260419258
594.7513375917949         0.829544016140661
595.044785577671          0.8294842935486497
595.5244451849285         0.8293375464569281
595.864499952195          0.8291510575689486
596.6434387703108         0.829039276404176
596.7031293030346         0.8289998268867211
596.7408948606328         0.8290002405866402
597.5202287523113         0.8284121618961284
598.1918919646375         0.8283924699978918
598.3360141741744         0.8282520015753096
598.4713862626388         0.8282503421977215
599.1240553110965         0.8276479496822331
599.7263648476633         0.8277411666420595
600                       0.82759040387109
