% Model:              CMSL_AJB_O2_20210227_AdptLKR.mph
% Version:            COMSOL 5.5.0.359
% Date:               Feb 28 2021, 00:45
% Dimension:          1
% Nodes:              1208
% Expressions:        1
% Description:        Line graph
% cln1x                   Height
0                         0.9484748915501069
0.07644537880878488       0.9485835542818933
0.8127602615697924        0.9496232872845399
1.5333611862234306        0.9505475102591252
1.691313091440577         0.9507603667501056
1.8429681349171005        0.950939057468756
2.5419370262270036        0.9518023632252341
3.2174618005118987        0.952527158231989
3.274558342129012         0.9525934019743302
3.404895743775228         0.9527269365124251
3.955876995275162         0.9533338344644988
4.140306653069729         0.9535092888002548
4.689754130582742         0.9540597318257333
4.9906938820326445        0.954349183513945
5.457047219396202         0.9547665415614555
5.655585384957362         0.954944524080264
6.129825952080182         0.9553647912700334
6.526795916652645         0.9556842605013989
7.013540003992716         0.956072164628487
7.396171616410868         0.9563700108004796
7.98464101751739          0.9568040051049193
8.354363779026244         0.9570558726087317
9.000420925930882         0.9574993670365654
9.443002490288109         0.9577796050184952
9.998298162578806         0.958123415043484
10.467453214465024        0.9583954241646231
10.997184887368007        0.9586866811107632
11.423543391872272        0.9589121373017406
11.99901420936078         0.9592109566953323
12.474907543775771        0.9594417019638353
12.9889728045693          0.9596823826940845
13.468372678326318        0.9598941886383953
14.0151494739913          0.9601224516815371
14.464274135202345        0.9603037082624675
15.011120710228454        0.960515079082815
15.462006218028478        0.9606802895386055
15.996249183457735        0.9608725665109359
16.45760037942813         0.9610282317983347
16.991022358406894        0.9611960221085659
17.387868124577608        0.9613216455246452
17.97390812048758         0.9614976417729341
18.459738787339063        0.9616277003728884
19.015126087754936        0.9617720801049984
19.456953417825503        0.9618839008351079
19.99122301803868         0.9620156233815474
20.457522880578153        0.9621234201265687
20.991816970559114        0.9622413762255408
21.456958540726703        0.9623397419841941
21.992082734458506        0.9624477255114395
22.465177304545932        0.9625383071811313
22.99468565551541         0.9626361107531766
23.45601706578134         0.9627168431449431
23.991781244174263        0.9628074340489117
24.45108715582711         0.9628803927647406
24.987735683116284        0.9629611155263768
25.45481915394157         0.9630284540217002
25.989499946149294        0.9631020064262568
26.454353436130077        0.9631630710371643
26.987305351910095        0.9632299685664452
27.455936879918227        0.9632829202217892
27.98371566160165         0.9633413854310654
28.460673446828764        0.9633900145440002
28.986459129118657        0.9634409068997967
29.434175488268124        0.9634813018140467
29.98234061628682         0.9635290350709761
30.45698550812233         0.9635663174035201
30.98872887234228         0.963606212299356
31.466293792747194        0.9636390416108795
31.985726064324012        0.9636728341603394
32.460581488074354        0.9637014570891317
32.98845594957436         0.9637310609465085
33.499963982363624        0.9637594002811942
33.98755619883059         0.9637839620757863
34.4508611474314          0.9638048478608678
34.97375599796976         0.9638282023353005
35.433523469263946        0.9638449834442067
36.030909973715666        0.9638673765126391
36.49141286615696         0.963884315448274
37.01697752822918         0.9638997475136198
37.48871948917213         0.9639120842717549
37.99714710422535         0.9639261678778539
38.46562238389396         0.9639372143089252
38.995657682003184        0.9639496364113077
39.4594829601063          0.9639595241275334
39.97535304896587         0.9639694331439848
40.447898666307765        0.9639759469744076
40.94794976231981         0.9639808550252228
41.45269734102067         0.9639857127272973
41.98986735275395         0.9639915155721254
42.450082874653674        0.9639950861745601
42.9890934352357          0.9639964175051913
43.45798373806025         0.9639970371422624
44.014493317146815        0.964000611631408
44.41013465787515         0.9639966357383474
45.039189791509386        0.9639951588977919
45.419577315822835        0.9639984294427566
45.9517836630215          0.9639956192350185
46.430818837314405        0.9639937186241012
46.98057737818172         0.9639911635594309
47.43891133224773         0.9639877260324182
47.98868472333177         0.9639812955184547
48.483664945387005        0.9639791281156179
48.96861828489892         0.9639769081237793
49.44980538344299         0.9639700745073359
49.99164740172577         0.9639642532899448
50.44263051062799         0.963959584936134
50.993197390963616        0.9639516990402613
51.45691129547126         0.96394575218293
51.991035510655394        0.9639387204781842
52.45760323359596         0.9639312854550004
52.99103794092318         0.9639230253159049
53.46998176026338         0.9639163370928936
53.98965312332709         0.9639084322080254
54.46449569876623         0.9638992390374479
54.98873717373891         0.9638898382761593
55.46071529750509         0.9638795253992984
55.97994557701398         0.9638689275045897
56.5014107003019          0.9638600627711823
56.98917752660276         0.9638485967233463
57.45927018372345         0.9638376918507647
57.96441676910541         0.9638243765948081
58.45811119115052         0.9638117071903948
58.97699945457083         0.9637986589813963
59.461074000348844        0.9637842110388918
59.98269371781589         0.9637709350196019
60.52304041236175         0.963760598566926
60.99924531228811         0.9637477927196697
61.459346302326026        0.963734127540992
61.96819794805447         0.9637197992790775
62.47341238404846         0.9637066997588615
62.98622994912057         0.9636907659452291
63.457682705356206        0.9636757486316321
63.99105189502359         0.963656539234355
64.45768715615668         0.9636418949683863
65.00329127792327         0.9636192140572903
65.45890950807319         0.9636036033571237
66.04322665172725         0.9635872041830847
66.46288717513107         0.9635727340065622
66.99105464832667         0.9635542776400167
67.45631318986682         0.9635375045910708
67.98378545437663         0.9635191167089175
68.44829493470456         0.9634985288949824
68.99859810087469         0.9634833544633721
69.42946540451305         0.9634715789106534
69.99352637339246         0.9634530048666489
70.42626308437178         0.9634392412164884
70.99151590523553         0.9634184623957402
71.45771301639945         0.9634028997185861
71.97241865834104         0.9633830135778497
72.42126092465628         0.9633631970658966
73.02958623085601         0.9633465354802073
73.44704349161344         0.9633356352402415
73.9993910656134          0.9633185045045568
74.42935210695066         0.963305384444509
74.9882889069367          0.9632862526609839
75.43677127134242         0.9632717014013277
75.98666799450729         0.963253927479308
76.42782936332429         0.9632381974362308
77.02135639867714         0.9632173217504045
77.46056789808563         0.9632008773504571
78.02338308213194         0.9631782597905674
78.46075874005152         0.9631644526769533
78.99498492127509         0.9631486609946902
79.39112415035277         0.9631363041825578
79.99273073616695         0.9631119217157705
80.45086680501265         0.9630966534818217
81.02224203457922         0.9630780527592688
81.46065278567045         0.963063453821837
82.02085216524421         0.9630424777716541
82.46052223059792         0.9630269172834864
82.99366190831842         0.9630111205295202
83.39156668705658         0.9629964562296818
83.99137135937207         0.9629728691601805
84.44276629072874         0.9629548780410385
84.99105836031458         0.9629344204548526
85.46060442619762         0.9629178077902953
86.00955454147282         0.9628993397179334
86.45267276390007         0.9628796946521947
87.03934353718859         0.9628595360641574
87.44926522137337         0.9628414252620621
87.97237324519335         0.9628153677859403
88.54438952961164         0.9627963862890224
89.0270039971989          0.9627840198718176
89.43604602990285         0.9627621901324803
90.05287370054725         0.9627408883401702
90.44075791480816         0.9627291853565743
90.98361585740713         0.9627053835655465
91.45561317221859         0.9626889322723149
91.9615635584542          0.9626721634199503
92.43944086785154         0.9626553593839677
92.97457731108403         0.962634233803002
93.45204878335767         0.9626182417493563
93.98494554759816         0.9625999555614224
94.43810425388483         0.9625815183189244
94.97841903163771         0.9625642592598418
95.39639384410799         0.9625518663913708
95.99400128187733         0.9625273914754139
96.44287873649739         0.9625102409522538
97.02248489452461         0.962490360703789
97.4233900579751          0.9624737013509033
98.05526000890058         0.9624508954047849
98.46066129239352         0.9624355232312172
99.01587840049876         0.9624111735260164
99.43062801729718         0.9624008502979473
99.98622496287459         0.962379904004197
100.42366595032638        0.9623646760141074
101.02421174210622        0.9623410720464263
101.46084539255543        0.9623254774814778
102.02330385825758        0.9623000875428981
102.46075987428901        0.9622833927053402
102.99485024070498        0.9622660925075092
103.3934355389132         0.9622507383888285
103.99273229019082        0.9622231541310523
104.45087309134544        0.962204966494618
105.02421174116279        0.9621850527171539
105.46084539342212        0.9621673913271176
106.02330385772586        0.9621442802648229
106.46075987478451        0.9621261338501121
106.99393287741202        0.9621077102749196
107.40918929553163        0.9620904427574174
107.99418481503687        0.9620660950231941
108.44575184396928        0.9620491515208516
109.01961021913735        0.9620307905308834
109.45545478936049        0.9620143980340476
110.02161344345745        0.961992930763112
110.4621978411709         0.961975694443446
110.99139295335698        0.961954347023966
111.43340506813934        0.9619376360669732
111.99138826141376        0.9619164580721317
112.43374698520773        0.961899807948523
112.99217091170277        0.961879062364046
113.43013755660166        0.9618630685496017
113.99105925744198        0.9618396419992198
114.45772257328576        0.9618210591792176
114.98838571323938        0.9618039327183087
115.42840765913456        0.9617869077810878
116.00746049229139        0.9617653717789265
116.45185533674328        0.9617477408330126
116.99726481429946        0.9617262818916031
117.45598356572953        0.961707868220337
118.01019579787373        0.961686716117168
118.46057008740331        0.9616674892780132
119.01227208302055        0.9616463004146791
119.47612937348174        0.9616295804802024
119.98891412817238        0.9616064893173093
120.49045264078632        0.9615881425551359
120.98912886755318        0.9615691787250337
121.48652322026771        0.9615480942745035
121.99489805281843        0.9615289448623413
122.45772257328571        0.9615081633647644
122.99105925744135        0.9614871744251459
123.45772257328565        0.9614694869435514
124.00748512454527        0.9614467301401107
124.47607161348935        0.9614280554979504
125.00567693365804        0.9614078799965845
125.45998221559773        0.9613900815549516
125.9910592574413         0.9613668956665327
126.45772257328565        0.9613486682787789
126.9910592574413         0.9613267513842528
127.45772257328565        0.9613077194830515
127.99030536194857        0.9612865474639175
128.44570676630042        0.9612679435379472
129.00359566118823        0.9612453662365127
129.4534121257425         0.9612272221171898
129.99105925744124        0.961203022116985
130.45772257328548        0.961184329058808
130.99105925744118        0.9611622844002015
131.45772257328542        0.961143805392364
131.99039214618801        0.9611212907710677
132.447089958908          0.9611024200380665
133.00419098270714        0.9610791116670475
133.45320743369268        0.9610602948321797
133.99105925744118        0.9610373797790942
134.45772257328537        0.9610164077934328
134.99105925744112        0.9609953431502412
135.46522164713684        0.960976074192867
135.99073749441231        0.9609549549976459
136.47410927773865        0.9609357550598157
137.003622882777          0.9609158459205724
137.46154853982273        0.9608933160617138
137.9918567732954         0.9608696553199184
138.4929752989221         0.9608516280554824
138.99473745423546        0.9608312956426064
139.4538146761625         0.9608120814256609
139.95386387732805        0.9607888626797365
140.46656081234835        0.9607650823338084
141.003001476465          0.9607457241535888
141.46185398637033        0.9607244753193644
141.99105925744084        0.9606977836270122
142.433384920952          0.9606756466798995
142.98390762666043        0.9606561581382789
143.42077785782863        0.9606407962379048
143.98618879583415        0.9606127337358578
144.44013027163578        0.9605914086198253
145.0074783973099         0.9605668036513079
145.46396865669317        0.960543639548662
146.0481212198714         0.9605208623675279
146.47718696501317        0.9605060190848762
146.98998992116333        0.9604823613847618
147.47711543361504        0.9604616781818249
147.98568980092773        0.9604406854683829
148.44719763956607        0.9604177187950711
149.00338368812606        0.9603940374733713
149.45348500938383        0.9603750213845772
149.9910592574406         0.9603506640310735
150.45772257328497        0.9603314251007413
150.99105925744055        0.9603087797364928
151.45772257328497        0.9602892682731812
151.9903054387746         0.9602654870913993
152.44341216667215        0.9602467254044049
152.97399827626413        0.9602187417669136
153.4517395999476         0.9601908262265673
154.07351456049605        0.9601671524965208
154.46654445683254        0.9601542505389163
154.98833881835577        0.9601259545911673
155.46544857437812        0.9601083686859582
155.96456428769648        0.9600925146646496
156.43842820470445        0.9600722200815586
156.99171105567615        0.9600492027010028
157.45464434529367        0.960029947700703
158.00808025352183        0.9600046650207156
158.46393085365105        0.9599837791247885
158.98120587921227        0.9599638174021662
159.40950158234313        0.9599456238453663
159.9953750601752         0.9599158807976496
160.4564808099567         0.9598958260629824
161.00554060410195        0.9598729454499039
161.45669490125243        0.9598533675956964
161.99105925744027        0.95983183668869
162.45399018518253        0.9598128692692206
162.9712311137667         0.9597925099860514
163.44379740666716        0.9597689188804713
163.9938815939754         0.9597443130210768
164.4474124167793         0.9597266697965294
164.99105925744027        0.9596998402146708
165.4577225732845         0.9596800424575437
165.99105925744016        0.9596584577839977
166.4577225732845         0.9596387743496064
166.99105925744016        0.959617275165464
167.45772257328446        0.9595972241520663
167.99771248721186        0.9595737329996518
168.46717196567005        0.9595550688917933
169.00887885421923        0.9595336354522017
169.46106783299285        0.9595155008866383
169.99105925744004        0.9594917498896819
170.45772257328434        0.9594724810185523
170.99105925744004        0.9594510935481352
171.4577225732843         0.959431593497398
171.99105925743999        0.959409651375245
172.4577225732843         0.9593900191374706
172.99105925744004        0.9593657890021609
173.45772257328417        0.9593455283135446
174.03122583178572        0.9593252196639948
174.4607388097162         0.9593068019957269
174.9910592574402         0.9592799887449831
175.45772257328395        0.9592586263700367
175.99105925744067        0.9592366698560587
176.47448715894006        0.9592157275966162
176.98860683610928        0.9591952026096974
177.44593867996826        0.9591744489647109
177.9888905438661         0.9591514934325512
178.4453295897589         0.9591333339440616
178.99105925744556        0.959108243750621
179.4577225732869         0.9590894195677406
179.99105925744846        0.9590638121394843
180.45772257328952        0.9590443387785041
180.99105925745158        0.9590229973845604
181.45772257329259        0.9590032411250453
181.99105925745414        0.9589810452690289
182.45772257329554        0.958960706281411
182.99105925745573        0.9589384754886892
183.46302576151322        0.9589201693882154
183.9764598930695         0.9588980520804948
184.4750327674921         0.9588749153028739
184.98961512787236        0.9588533820822609
185.4651441120498         0.9588328934685504
185.9984698620296         0.9588146030605272
186.4631048655463         0.958791185359518
186.9917973327489         0.9587671691016021
187.43600850353096        0.9587497736922486
187.99105925745567        0.9587216612124878
188.45772257329946        0.9587011453374
189.00838984652927        0.9586796270216529
189.45227993333896        0.9586602072578738
189.99105925745545        0.9586333172906373
190.4577225732993         0.9586123508281208
191.0115867829914         0.9585897632505899
191.46180899975622        0.9585692864886363
191.99105925745533        0.9585432995916621
192.45772257329912        0.9585215333265078
192.99105925745528        0.9584957352523442
193.44700099454377        0.95847951833042
193.94364894125948        0.9584584774276127
194.47100401505998        0.9584321018051344
194.98968217794413        0.9584118677740449
195.44115139780592        0.9583893768736516
195.99207127962995        0.9583645076155602
196.43781283168147        0.9583449230516323
196.99105925745488        0.9583168787560337
197.45772257329878        0.9582942702360957
197.99446407745103        0.95827115914052
198.44731104626146        0.958251942606872
198.9859779688257         0.958225987461426
199.4666256207592         0.9582067210749329
199.9700837088966         0.9581830817838253
200.47902008678284        0.9581589870341409
200.97605275799407        0.9581304471262506
201.4895841536494         0.958100326191325
201.99105925745448        0.9580800915508288
202.45867568399456        0.958061004865367
202.95700099290866        0.9580290348420725
203.46417292875935        0.9580051692246876
203.96624947013623        0.9579890312418533
204.4516156497309         0.9579663231478214
205.00794527596656        0.957942138496024
205.46200164815673        0.9579178667343492
206.01248896032837        0.9578943630660963
206.45626590927992        0.9578745176870891
206.99060430399345        0.9578506743354395
207.43406960082638        0.9578296121850045
207.9910592574539         0.9578021836550613
208.447892207201          0.9577819128215815
208.9438795819492         0.9577601770221853
209.45772257329764        0.9577351222672413
209.9910592574538         0.9577111202548846
210.45772257329753        0.9576919524661771
210.99105925745368        0.9576674095216635
211.45772257329747        0.957647568171438
211.99105925745368        0.9576219716789388
212.45772257329742        0.9576000938298366
212.9632528388849         0.9575722126266766
213.46088137311563        0.9575468084981127
213.99105925745351        0.9575233382967908
214.42231066866992        0.9574974297609246
214.9909850166482         0.9574662040965203
215.51155582076774        0.9574511953378526
215.99265942463416        0.9574306556217708
216.4577225732972         0.9574075573378797
216.9865679625787         0.9573880693082973
217.41935107964173        0.9573687715294394
217.99046857204758        0.957340535288555
218.45079875281192        0.9573215261995385
218.9777774542353         0.9572997180472113
219.44265340149815        0.9572776757296173
219.991059257453          0.9572517436078601
220.45772257329685        0.9572300970157581
221.01496010875155        0.9572061222587602
221.45505326387877        0.957186845632532
222.03345849573827        0.9571611040546018
222.46276088654417        0.9571432273943199
222.99105925745272        0.9571155007226226
223.45772257329656        0.957095070463378
223.99105925745266        0.9570717907896998
224.45772257329645        0.9570515490625752
224.99105925745255        0.9570276234103197
225.4577225732964         0.9570059782332058
225.9910592574525         0.9569797796873918
226.45772257329634        0.9569583101259798
227.02336440600004        0.9569344665720873
227.4546591042003         0.9569152274307576
228.02251197131994        0.9568890372445312
228.4547399398383         0.9568697553055353
228.9910592574522         0.956842938826204
229.45772257329605        0.9568216942929286
229.99105925745215        0.9567986585372833
230.45772257329594        0.9567773308505849
230.99105925745204        0.9567536388628738
231.45772257329588        0.9567316613751569
231.99105925745198        0.9567098021910023
232.4577225732957         0.9566884526609346
232.99105925745192        0.956665044511676
233.45772257329565        0.9566427498582173
233.9910592574518         0.9566173966470434
234.4577225732956         0.9565943393604208
234.9974074555343         0.9565726476304096
235.43766135995128        0.9565511616508519
236.01199700805358        0.9565247172879834
236.4592353722133         0.956503320101776
237.00929284268585        0.9564786999459473
237.47202384467852        0.9564592888464004
237.9939420934283         0.9564327958921294
238.45436517661375        0.9564124982261806
238.9651077283189         0.9563874021529328
239.45772257329526        0.9563617065780485
239.99105925745135        0.9563343486473584
240.45772257329514        0.9563123940390168
240.99294687599627        0.9562881173864539
241.4324283799067         0.9562671200691305
241.99262298011558        0.9562347267856105
242.4747744573756         0.956215226328758
242.98836463649786        0.9561965169859601
243.47438469276665        0.9561728105695251
243.98165764849432        0.9561479664230993
244.46182300211086        0.9561241408755504
244.97630314021956        0.9561015036123534
245.4692694250262         0.9560749403161851
245.99224363718412        0.9560499280649926
246.4577225732947         0.9560220444002219
246.9910592574508         0.9559952275169524
247.46180157999743        0.9559728441933075
247.9913594618289         0.9559443181553747
248.45570697095985        0.9559240109081537
248.97298907946043        0.9559007623093665
249.42430534973084        0.9558775928010093
249.9946918769271         0.9558468336766318
250.44387092555377        0.9558271375371734
250.9786997520049         0.955796096716001
251.45519099118206        0.955769897764442
252.0145895053069         0.9557405548381064
252.4392189753837         0.9557176741859059
253.0304734451194         0.9556905492254995
253.43750032824164        0.9556707720841504
253.98105226352862        0.9556445215007099
254.3892581371278         0.9556265463701457
255.0208399425647         0.9555954784849304
255.45984561686288        0.955574681039746
256.01426794908036        0.9555499769486802
256.4468072729809         0.9555274988311502
256.99105925744993        0.9554983193544133
257.4577225732937         0.9554755982617251
257.9910592574498         0.9554485534094738
258.45772257329367        0.9554245349714912
258.99105925744976        0.9553995943888355
259.4585808880951         0.9553778345602814
259.9714129590841         0.9553535211459718
260.45857231981216        0.9553272621794492
260.9716090818108         0.9553041111270344
261.4575577015956         0.955275588104815
261.9826835761355         0.9552498151502019
262.4908140280381         0.9552286613743275
262.99644904316625        0.9552047569722126
263.45772257329327        0.9551801384958838
263.99979064141326        0.955157659513776
264.43412043941134        0.9551361520400514
265.0240396718987         0.9551076372643436
265.454575855097          0.9550850386405663
266.0198130263592         0.9550577308015544
266.44574995121263        0.9550402826223374
266.97913889320245        0.9550086336522954
267.4612459913644         0.954987924256846
267.95689404330346        0.954963462814164
268.46214912426115        0.9549354039123772
268.9920472986279         0.9549106092251217
269.47794933283456        0.954888387641456
269.9934642826674         0.9548637562715938
270.4739816458317         0.9548421346073641
270.9859611045398         0.9548174090758923
271.46928539052755        0.9547953422433806
271.98770219302406        0.9547698673277017
272.46720541803217        0.9547469555634818
272.98830607714024        0.9547219679928536
273.46460430096806        0.9546985521019424
273.98937596095834        0.9546767644272345
274.41941806726777        0.9546538176820505
274.99075825615466        0.954625310103817
275.4258111724729         0.9546044243089045
275.9915306070181         0.9545715988255412
276.45772257329224        0.9545504035794303
276.9910592574483         0.9545264837113459
277.4577225732922         0.9545042058771511
277.9910592574482         0.9544789586486475
278.4610583858416         0.9544582279918936
278.98010666417184        0.9544335836557143
279.457722573292          0.9544072681305591
279.99105925744806        0.9543792142316878
280.4647938937066         0.9543539035212918
280.9905504202415         0.9543286158649649
281.47253981505463        0.9543063427733709
281.99522034247263        0.9542831577419627
282.4388457864437         0.9542587612206903
282.9977811690259         0.9542300335926102
283.44661478442447        0.9542050175771899
283.99937025258373        0.9541731125393644
284.4763659372411         0.9541510126903889
284.9844434674851         0.954125192313317
285.4304424613059         0.9540982681171823
286.0493244917489         0.9540685919512534
286.44310990957894        0.954052379035909
287.07463431354967        0.9540229476192018
287.4650703742021         0.9540047512752261
287.9910592574473         0.9539693321538717
288.4577225732912         0.9539450699100633
288.9910592574473         0.9539175177971365
289.4577225732911         0.9538943158775743
289.9966710511189         0.9538661930070311
290.4581459756832         0.9538461478264282
290.95768295384295        0.9538228423627627
291.45772257329094        0.953792812325178
292.00869750939194        0.9537696060277221
292.4479931365202         0.9537455454461723
293.0029759079294         0.9537161698158826
293.43529195345303        0.9536895823581384
293.9979358145842         0.9536612233715867
294.45499909808956        0.9536452212688624
294.96463319854547        0.953619385791924
295.4577225732906         0.9535903303320282
295.9910592574467         0.9535615429187649
296.4848415986596         0.953540918610962
296.9792025527129         0.9535132838568314
297.4586411147657         0.9534847724724334
298.02668634685006        0.9534519755478139
298.4608835739945         0.9534235080112828
299.0303906282406         0.9533984653850636
299.35883617978624        0.9533872139999984
299.9842771216024         0.9533489186554602
300.4578936986619         0.9533211707834699
301.0087384945772         0.9532964166360292
301.45238161911163        0.9532751798416186
301.99105925744624        0.9532475572976307
302.45772257329           0.9532250403172678
303.0040480719222         0.9532006979996359
303.4565260077548         0.9531791404906362
303.9979239795891         0.953154219164363
304.44060533042955        0.9531326219290107
304.991059257446          0.9531043835372696
305.4577225732898         0.9530801624595933
305.9910592574459         0.953053885563302
306.4577225732897         0.953026728040241
306.9910592574458         0.9529981253740556
307.4408088423372         0.9529666997717099
307.9790944593595         0.9529396502813531
308.4521856405023         0.9529127870144266
308.96699296960446        0.9528873922485456
309.47071683735925        0.9528631731629794
309.98484663986574        0.9528384876394123
310.47902221163355        0.9528154111462606
310.9868070265863         0.9527894835727242
311.46993506811333        0.9527662155689299
311.9865458035148         0.9527395011311559
312.4692323356454         0.9527162437057024
312.9868055170839         0.9526895794008764
313.4577225732892         0.9526640454282047
313.9910592574453         0.9526347940222561
314.45772257328906        0.9526104820639123
314.9910592574453         0.9525827809656077
315.45772257328895        0.9525589605812574
315.99105925744516        0.9525296975975863
316.45772257328895        0.9525061230059793
316.99105925744504        0.9524760876452287
317.45772257328883        0.9524521219800419
318.0009116562678         0.9524234993437295
318.4588644918367         0.9524000254371209
319.00449973144976        0.9523673845741243
319.4766655013185         0.9523412024518786
320.0079042678617         0.9523183796748798
320.45084971710116        0.9522939780777049
320.99223324379284        0.952266340741927
321.44077913579906        0.9522415584211954
322.00331080666535        0.95221199698784
322.4672152142314         0.9521910155010445
323.00690887768485        0.9521632003232207
323.46007892098453        0.9521387782566686
323.9959541102045         0.9521083595678678
324.4571360174866         0.9520840494461407
324.9803575170125         0.9520518694192083
325.482501646512          0.9520252028154934
325.9814232662693         0.9519982928264338
326.47157611034595        0.9519698194029023
326.999995050042          0.9519456985283977
327.45912571218037        0.9519247100627057
327.99105925744414        0.9518976588500758
328.4577225732879         0.9518746466466927
328.99105925744414        0.9518455034825655
329.4577225732879         0.9518225524843406
329.9910592574439         0.9517910201798571
330.4577225732878         0.9517672668524957
331.05333850886484        0.9517456831567235
331.4573060403469         0.9517240462672494
331.9870181967533         0.9516932757624749
332.4198834826253         0.9516702059704518
333.0311769609357         0.9516394744941051
333.45198950045767        0.9516187664372531
333.99105925744357        0.9515854293943418
334.4723372471417         0.9515632862009611
335.0055770635339         0.9515351136524638
335.48446140085673        0.9515106811788978
335.9913263919607         0.9514834528146731
336.45772257328724        0.9514592442605787
336.98778661102426        0.9514376282666142
337.4234049714215         0.9514162396595298
338.0096142068319         0.9513857114178497
338.45207146280075        0.951362625171418
338.99105925744334        0.9513317931802087
339.4596408488402         0.9513099816208161
339.96929497301653        0.9512840197984413
340.46133390753585        0.9512542006826272
340.95223093950926        0.9512231061211509
341.47959471655577        0.9511891716763428
341.9946787733917         0.9511597699791964
342.5083359866695         0.9511334680466111
342.99702217867457        0.9511133779697905
343.4485840732167         0.9510911844633352
343.96655951802074        0.9510626404326034
344.46533037658287        0.95103434334956
344.9633002821947         0.9510085879909457
345.41366165772183        0.9509791189882342
345.9845343403092         0.9509439780359067
346.4334669288729         0.9509218587769885
347.00908091343683        0.9508927344225111
347.4497909496889         0.9508654074501706
347.9942221912702         0.950831111775137
348.4764824758065         0.9508065023888549
349.0118031666832         0.9507834309867496
349.4554819918566         0.9507610796112982
349.99105925744254        0.9507294359569589
350.45772257328633        0.950705125800237
350.9853641050586         0.9506801613334345
351.4235578115067         0.95065728061456
351.99105925744243        0.9506226061143817
352.4577225732862         0.9506000151514861
352.99043790015673        0.950574660692132
353.4387778602012         0.9505527271281369
353.9910592574423         0.9505198701944813
354.457722573286          0.9504944934142164
354.9880207349303         0.9504611414970399
355.45547532505464        0.9504347565227779
355.9771236623783         0.9504139722467669
356.4338411566307         0.9503906424309327
356.9748366531687         0.9503629642669036
357.4299511681928         0.9503370975572396
357.99105925744186        0.9503042002666138
358.45772257328554        0.9502792897775423
358.9763357280294         0.9502529016422291
359.4598342149309         0.9502277896964927
359.99153452517555        0.9502018155113722
360.4577225732854         0.950172930576068
360.99105925744163        0.9501441769454266
361.4949515279427         0.9501227369382261
361.99385611164075        0.9500975229625965
362.4582392226023         0.9500715869084273
362.9746451544254         0.9500444087513042
363.4690464427531         0.9500177063588291
363.98829201850674        0.9499906430858431
364.4577225732851         0.9499646080339197
364.9910592574413         0.949936841055268
365.4577225732851         0.9499131856088909
365.9910592574412         0.9498843269772781
366.45772257328497        0.9498596775742956
366.99105925744107        0.9498300814230409
367.45772257328485        0.9498049096039112
367.9888616641156         0.949777006789649
368.43223795045344        0.9497525351678444
369.0159065640655         0.9497209740535764
369.4551975251758         0.9496971076517513
369.99502927809556        0.9496638947983627
370.45626504833535        0.9496393518695805
370.9964539798316         0.9496108320181698
371.43391700985137        0.9495850930836018
372.01744828586163        0.9495517393103423
372.4766193873602         0.9495295754898321
372.9922011700578         0.9494977835482332
373.4431211701974         0.9494681454108975
373.99987295483663        0.9494397152715547
374.45463222134515        0.9494125440717986
375.00470639668674        0.9493834734909533
375.43260538587003        0.9493595382206463
375.9920638680485         0.9493263906084588
376.4447363033495         0.9492992121886993
376.99138746544315        0.9492662492830678
377.45772257328406        0.9492360052745289
377.99105925744027        0.9492066581916299
378.45772257328406        0.9491803014079325
378.99105925744016        0.9491496164535145
379.45772257328395        0.9491231307538313
379.9935554320575         0.9490963484202998
380.4350863636929         0.9490716977671816
380.9928203511531         0.9490411064171804
381.4290748150669         0.9490176552304448
382.0167845895862         0.9489849389378122
382.44533098677573        0.9489637017751241
382.9910592574398         0.9489280239799981
383.4577225732835         0.9489042806855106
383.99696692987675        0.9488768282389036
384.43765111043706        0.9488543659982469
385.02544920580226        0.9488209274873759
385.46102171364873        0.9487977526885358
386.01773089666995        0.9487678668582036
386.4462144373746         0.9487447366643857
386.9910592574395         0.9487097805917823
387.45772257328326        0.9486828812415373
387.9910592574395         0.9486542085871942
388.45772257328326        0.94862583044071
388.99105925743936        0.9485956136061335
389.43974678311645        0.9485623864912813
390.01005075167086        0.9485304740707842
390.45305276523413        0.9485119780892806
390.95840610166886        0.9484771836216118
391.48230994664755        0.9484469463284808
391.96792328608706        0.9484236030208586
392.484753473889          0.9483969338303126
392.9784838838407         0.9483707989261831
393.48122303584137        0.9483396625628238
393.98012632180667        0.9483105813155546
394.45120253292134        0.9482813549088289
394.9517344793104         0.9482481602533109
395.4577225732827         0.9482143672793921
395.9856969630432         0.9481861343480447
396.431104183602          0.948161200914085
396.98650438586776        0.948123351822943
397.45954995870056        0.9480960902909698
398.0210422293195         0.9480696646714944
398.4608475887601         0.9480433567200457
398.99659286597546        0.9480095575390637
399.47282285220774        0.9479846749562876
399.99342745566696        0.9479534597617966
400.45542570115026        0.9479239104521457
400.99158663769606        0.947891339103882
401.45772257328224        0.9478639419039403
401.99105925743834        0.947829748558682
402.4577225732821         0.9478013393197479
402.99105925743834        0.9477623681225977
403.457722573282          0.9477320904032576
404.0209709349833         0.9476976599171498
404.4568632700325         0.9476660453682826
405.06223071113163        0.94763557549681
405.4561259021058         0.9476114046112143
405.9910592574379         0.9475717797621979
406.45772257328167        0.9475436254839584
406.9910592574379         0.9475101737659593
407.45772257328167        0.947483245018657
407.9910592574379         0.9474475787248414
408.45772257328156        0.9474179282989572
408.99105925743777        0.947381013033473
409.45772257328156        0.9473475241498153
409.99105925743777        0.9473144602865196
410.45772257328144        0.9472836501588318
410.99105925743766        0.9472536675023976
411.494990641952          0.9472242847123121
411.994046187762          0.947195003178267
412.4764221009774         0.9471648881701015
412.9840888523345         0.9471356847935962
413.4552285117287         0.9471046443738902
413.9890955308707         0.9470716775248494
414.45772257328144        0.9470421200683442
414.9910592574372         0.9470080630573895
415.4512035323081         0.9469794073418756
415.95738008429487        0.9469445370783881
416.48911318952116        0.9469100404970053
416.9559897582109         0.9468728308201187
417.43319929391964        0.9468348439239646
417.9783523656099         0.946807815339674
418.44182908607877        0.9467812007089251
418.98668918309295        0.9467528406964069
419.4078077431692         0.9467285148008606
420.01491353441713        0.9466928769509427
420.44112385142716        0.9466626331786641
421.03763277655275        0.9466266358436387
421.434004901776          0.9466002173736263
421.99618762903765        0.9465618268047208
422.4577225732935         0.9465388650479549
422.98797036034057        0.9464997024218549
423.4986856615151         0.9464692505016632
423.99120145630366        0.9464434418274746
424.43106287470687        0.9464154558956797
424.97216214586194        0.946388604697402
425.4499756834417         0.9463577011515418
426.00051121723914        0.9463255812133791
426.4588213605523         0.9463047844630602
426.9721343995059         0.9462721921703126
427.4605332436655         0.9462481804853173
427.97963269519823        0.9462173502521909
428.43195022803377        0.9461900219208637
428.983750907992          0.9461574616974977
429.4408724664461         0.9461286715321604
429.9952584579994         0.9460936144268811
430.46494785813206        0.9460725722984067
430.9915957280506         0.9460424992824025
431.4579158931439         0.9460152148109496
431.9829480678993         0.9459928729139051
432.40704806437475        0.9459685926715997
432.9883850539354         0.9459346019171038
433.4266347020923         0.9459079106175862
434.0103865582016         0.9458747983279274
434.4572261648053         0.9458517083423794
434.9905767433388         0.945816657246315
435.458702733634          0.9457896182143865
435.9859972493299         0.9457571683898641
436.45078245306934        0.9457328244107126
436.97630133460177        0.945706663927995
437.4615946974051         0.9456764140883107
437.99105925744993        0.9456450277803519
438.4577225732934         0.9456188868206536
438.99105925744993        0.9455899483803965
439.4577225732934         0.9455643142131986
439.99105925744993        0.9455363912252066
440.45772257329327        0.9455102136662445
440.9910592574498         0.9454816045183088
441.45772257329327        0.9454540517148391
441.9931477094408         0.9454242112395697
442.46557166363425        0.9453987910755821
442.9713073530504         0.945371319156276
443.48021739393596        0.9453440391090275
444.01196163234715        0.9453165413366817
444.46295071686336        0.9452889596994689
444.9901830886389         0.9452572286907278
445.4583522396928         0.9452334046545852
445.97873801601054        0.9452048166631389
446.45772257329304        0.9451756540048732
446.9910592574497         0.9451448184030883
447.4440071966976         0.9451173319955892
447.9958703380822         0.9450867301179423
448.4395379118132         0.9450601394923488
448.97491747029983        0.9450288239373935
449.4560161927013         0.9450006360040483
449.99541194157837        0.9449707616827061
450.4676477385498         0.9449446484456522
450.9919838360721         0.9449156488457233
451.4762819686416         0.9448887187631048
451.9929359850029         0.9448590468399803
452.4577225732928         0.9448294055309377
452.9910592574495         0.9447963723293443
453.4577225732928         0.9447688854973758
453.99105925744936        0.9447342351951218
454.4577225732928         0.9447080118842217
454.99105925744936        0.9446730721145408
455.4577225732928         0.944646614746238
455.9705545001889         0.9446122405645926
456.44152705683746        0.9445840395287539
457.0172127602103         0.944554251138543
457.4612337644886         0.9445292245477986
457.99105925744925        0.9444943254987658
458.4577225732926         0.9444669066094513
458.99105925744925        0.9444346914523956
459.4577225732926         0.9444080074392853
459.99105925744914        0.9443762507473663
460.4577225732926         0.944348758623649
460.99105925744914        0.9443155582612369
461.4577225732926         0.9442871728122625
461.991059257449          0.9442520642355038
462.45498487885175        0.9442256307945597
462.98531758692366        0.9441997890523822
463.4471077381529         0.9441730317484864
463.9958965077352         0.9441400445220393
464.4506931626938         0.9441129829790955
464.9846106508503         0.9440764073688259
465.4591747517733         0.9440409308574458
465.9908082409962         0.9440051631344138
466.45763768756535        0.9439781718571008
466.97061977168664        0.9439487573343933
467.4529163667679         0.9439134929750788
467.9892242457008         0.9438813580960472
468.45308229799593        0.9438518870843596
468.99249897338746        0.9438165735416615
469.48311749895356        0.9437877059283378
469.98487496756013        0.9437551145084931
470.4740958001712         0.9437193029301689
470.9910592574487         0.943692245767875
471.457722573292          0.9436653627922307
471.9910592574487         0.9436320686256588
472.457722573292          0.9436051431683458
472.99105925744857        0.9435694992754561
473.457722573292          0.9435409209045376
473.99105925744846        0.9435052720883866
474.457722573292          0.943475844781489
474.99105925744857        0.9434363634842514
475.457722573292          0.9434064824838579
476.0123217841858         0.943375690169158
476.45671961248433        0.9433482230538126
476.9944201730825         0.9433101255633999
477.46263751494007        0.9432813452122841
477.99105925744857        0.9432490190433206
478.4577225732918         0.9432197126439682
478.99687793717953        0.9431886705207779
479.45716980558007        0.9431592935284577
479.99105925744846        0.9431277616677819
480.4577225732918         0.9430980408424505
480.99105925744834        0.9430666826163463
481.4577225732919         0.9430356644795378
481.99105925744834        0.9430041231160913
482.4577225732918         0.9429764035857204
482.99105925744834        0.9429441433886737
483.4577225732918         0.9429151556359873
483.99105925744834        0.9428813019547229
484.4577225732917         0.9428516072559417
484.99105925744834        0.9428191045705233
485.4577225732917         0.942789343394609
485.9910592574482         0.9427563315028124
486.4577225732917         0.9427257658313887
486.9910592574482         0.942691651540738
487.4577225732917         0.9426633374856594
487.9910592574482         0.942630166885616
488.4577225732917         0.9426005927797771
488.9910592574482         0.9425678206544064
489.46144892169104        0.9425423277041551
489.9780721937566         0.9425099868616552
490.4876783722236         0.942480859289575
490.9942777863696         0.9424504890848092
491.4823244265332         0.9424182403478956
491.9937025445246         0.9423874865376795
492.45772257329145        0.9423537159868834
492.991059257448          0.9423184165037606
493.45772257329145        0.9422890074805936
493.9910592574479         0.9422492387809471
494.45772257329145        0.9422145037917393
494.9987126098729         0.9421785865463913
495.48126206609527        0.9421481364887612
496.00308000833616        0.9421140342989515
496.47824939247255        0.9420842388455479
497.0083874643361         0.942051447152253
497.45873403029816        0.942023129951113
497.9716619153571         0.9419848286024739
498.4607039710685         0.9419490419219918
498.9814094217264         0.9419128430764239
499.4667573387568         0.941883410100238
499.9681441425232         0.9418493291061809
500.4577225732912         0.9418082762789257
501.00078831845565        0.9417768184529173
501.45239774033007        0.9417522726995422
502.00763660773055        0.9417120954330565
502.46134217384963        0.9416769833526573
503.01144574127807        0.9416394147553355
503.4609830196056         0.9416091106092912
503.99105925744766        0.9415706885056689
504.4577225732911         0.9415384258169319
504.99021170544734        0.9415042741304013
505.4312813211973         0.9414729625465849
505.99018003405706        0.941434427511615
506.4302932624039         0.9413996130999922
507.04416159733           0.9413599151524846
507.45405137617115        0.9413239230994411
507.99105925744755        0.941271130353084
508.45772257329077        0.9412386290612565
508.9969164934639         0.9411962805330499
509.4661551879208         0.9411604875055888
509.9993867760834         0.941121199697407
510.45829763851543        0.9410919074950392
510.9806417274251         0.9410443009760462
511.46148106531996        0.9410121353889991
511.9902689465622         0.9409707359083378
512.4467872645657         0.9409390607604043
512.9910592574472         0.9409044234567094
513.4577225732907         0.9408704059796417
513.9910592574472         0.9408342782230912
514.4577225732905         0.9408034986216592
514.9910592574472         0.9407702723309235
515.4577225732905         0.9407400176680127
515.9910592574471         0.9407061347888769
516.4577225732905         0.9406755771662523
516.9910592574471         0.9406422094681751
517.4577225732907         0.9406121215752955
517.991059257447          0.9405801742162615
518.4577225732908         0.9405503237215669
518.9910592574468         0.9405174296617337
519.4577225732912         0.940486642474039
519.9910592574462         0.9404539343010229
520.4577225732921         0.9404232428994215
520.9956348543578         0.9403910901233299
521.4437325956216         0.9403611046624109
521.99176886079           0.9403218786041635
522.4494855150317         0.9402936249388328
522.9910592574354         0.9402566038263056
523.4577225733119         0.9402254799259759
524.0311494115952         0.940193922709882
524.4622917347563         0.9401665639206185
524.9925515436234         0.940132842277685
525.4196617199929         0.9401066786658581
525.9887840144338         0.9400638744693685
526.4426016151193         0.940035436387292
526.9892434113901         0.9399974571867273
527.4456965688737         0.9399681304813774
527.991059257063          0.9399331303593128
528.4577225740385         0.9399022846362179
528.9910592567771         0.9398672250041319
529.4577225747737         0.9398357228120359
529.9910592563687         0.9398022055523232
530.457722576392          0.9397713488584225
530.9910592559526         0.9397349704090127
531.4577225803705         0.9397025708062987
531.9984203774009         0.9396694421863776
532.4111727582616         0.9396358404011854
533.0338876746773         0.9395902365732396
533.4364504774302         0.9395597251427148
534.0701004673995         0.939518889772344
534.4685379573033         0.9394971940345158
534.9887058904123         0.939452401743908
535.4540477904868         0.9394263362203904
535.9516761181507         0.9393937122928631
536.4583759440968         0.9393574209331819
536.9676175214072         0.9393219836798331
537.4577244228374         0.9392843542847009
537.9910598664987         0.9392488608659901
538.4196476755858         0.9392080811441705
538.9854066497752         0.9391673415439181
539.4577285366526         0.9391453770614455
539.991060897198          0.9391072055223936
540.4577313063279         0.9390789573262908
540.9910614719724         0.9390416932921907
541.45773406881           0.939013669580933
541.9910620125181         0.9389715795700314
542.4577367051224         0.9389417489792163
542.9910625427842         0.9388990422206673
543.457739312311          0.9388692810693968
543.9910630701147         0.9388331490102683
544.457741839117          0.9388027328763833
544.9910635420827         0.9387684036627193
545.4577440573742         0.9387384402444585
545.989767116746          0.9387046120572918
546.4305201374336         0.9386763533942926
546.9910643764684         0.9386394773729324
547.4577484054481         0.9386082757143608
548.0023922292677         0.9385732661618589
548.4599249542327         0.9385433561195591
548.9910658955234         0.9385091945266852
549.4577563480341         0.9384779668940847
549.9919366573951         0.9384452791111145
550.4356561807231         0.9384149072112171
550.9903303054085         0.9383792196135947
551.438851318575          0.9383489998651982
551.9961878650195         0.9383135842368454
552.456495205387          0.938281459517317
553.0423324488709         0.9382500344022155
553.469073818188          0.9382188236705231
554.0087399154105         0.9381799372067106
554.4795775399766         0.9381444141005322
554.9910685328197         0.9381123406442914
555.4529513396915         0.9380863871468157
555.9582965890979         0.938053377596835
556.4767285144405         0.9380188403032469
556.9899068596818         0.9379844118669013
557.474603929211          0.9379511778002676
557.9851343413543         0.9379172753814282
558.4413800050716         0.9378820130271339
558.9897334737741         0.9378436582797216
559.4390115966843         0.9378118596572906
560.0151426835221         0.9377761318811136
560.4444382031877         0.9377429248420543
561.0034667304111         0.9376992836226954
561.4633524678923         0.9376713585839563
561.9917328171359         0.9376343244171312
562.4578094394791         0.9376035213807512
562.9910768523647         0.9375594489161082
563.4467217046349         0.9375248845848669
564.0453614615795         0.9374955395463028
564.4506636167316         0.9374675057142015
565.0036333204607         0.9374277185609607
565.4257578266034         0.9373976472683063
566.0098826621257         0.937358840972718
566.4448772143933         0.937329028552818
567.0121429089144         0.9372888561571446
567.4416161670313         0.937251769085234
567.9836508918469         0.9372083285839024
568.4756980633715         0.9371788026394787
569.0123968663258         0.9371472763871959
569.4632119275623         0.9371116006956108
570.0055476913071         0.9370689812193511
570.4455594101527         0.9370363779344242
570.9909476198893         0.9369921183921429
571.4545469750566         0.9369606451659156
571.9970045256962         0.9369141357358254
572.457497945152          0.9368807057822566
572.9868486833246         0.9368429522117067
573.4501166369712         0.9367991084936937
574.005266511833          0.9367665555902129
574.4064999724906         0.9367359834983029
574.9788234787009         0.9366922068706521
575.4319620593694         0.9366603536152797
575.98494969788           0.9366172644131439
576.457795492538          0.9365810865046019
576.9835683502274         0.936541315616822
577.4584842524241         0.9365023021562732
577.9832401999163         0.9364645197337117
578.479364770782          0.9364348857872599
578.9788398000652         0.9363979228804763
579.4572477627056         0.9363583149474117
579.9805126381489         0.9363167281531907
580.4500438865483         0.9362845169363001
580.9691444885541         0.9362443202871468
581.4303123808617         0.936211236814021
581.9765240954404         0.9361687557666653
582.4581063196042         0.9361289016113955
583.0155245033968         0.9360861993126081
583.4670027994371         0.9360581320000222
583.9738356593684         0.9360246973645036
584.3979218590408         0.9359938563819334
584.9760088976125         0.9359494671714182
585.4569913065037         0.9359153549733119
585.9700095300987         0.9358789382749244
586.4564919980884         0.9358397142970026
586.983344936607          0.9357972706980126
587.4580066666514         0.9357601201665522
587.9798510402017         0.935719773013785
588.4718567742776         0.9356840082094269
588.9868070622176         0.9356473871078312
589.4555148372322         0.9356178946737743
589.963476451297          0.9355831398528105
590.4573921978158         0.9355407440941305
591.0226538964513         0.935501445686109
591.4725609571437         0.9354715930709439
591.9837448047282         0.9354349169700247
592.4857333386318         0.935397437328287
592.9688109239257         0.935362697387318
593.3987814543907         0.9353286699697554
593.8978544789409         0.9352878228598281
594.3913505793045         0.9352590950049566
594.7513375917949         0.9352151225464594
595.044785577671          0.9351976864212275
595.5244451849285         0.9351476008643775
595.864499952195          0.9350916238120154
596.6434387703108         0.9350589041348493
596.7031293030346         0.9350462275519772
596.7408948606328         0.9350463318513981
597.5202287523113         0.9348505666022189
598.1918919646375         0.9348455606665509
598.3360141741744         0.9348038486018382
598.4713862626388         0.9348029989628421
599.1240553110965         0.9346021303195772
599.7263648476633         0.9346391253511261
600                       0.9345821625984265
