% Model:              CMSL_AJB_O2_20210227_AdptLKR.mph
% Version:            COMSOL 5.5.0.359
% Date:               Feb 28 2021, 00:53
% Dimension:          1
% Nodes:              1208
% Expressions:        1
% Description:        Line graph
% cln1x                   Height
0                         0.8943574677937555
0.07644537880878488       0.8943574677480483
0.8127602615697924        0.8943574673248977
1.5333611862234306        0.8943574672807755
1.691313091440577         0.8943574671855942
1.8429681349171005        0.8943574671588592
2.5419370262270036        0.8943574630154785
3.2174618005118987        0.8943574656208122
3.274558342129012         0.8943574631374034
3.404895743775228         0.8943574622348095
3.955876995275162         0.8943574500531173
4.140306653069729         0.8943574468724269
4.689754130582742         0.8943574149196527
4.9906938820326445        0.894357429308777
5.457047219396202         0.8943574138744748
5.655585384957362         0.8943573813753165
6.129825952080182         0.8943573558796638
6.526795916652645         0.8943572971367235
7.013540003992716         0.8943571990555093
7.396171616410868         0.8943569561092549
7.98464101751739          0.8943567300988964
8.354363779026244         0.8943565548614765
9.000420925930882         0.8943559518049975
9.443002490288109         0.8943555861736997
9.998298162578806         0.894354968301237
10.467453214465024        0.8943544098208651
10.997184887368007        0.8943538552817736
11.423543391872272        0.8943531456143827
11.99901420936078         0.8943519442551893
12.474907543775771        0.894350909373995
12.9889728045693          0.894349492451462
13.468372678326318        0.8943481746954771
14.0151494739913          0.8943465161611781
14.464274135202345        0.8943446566260433
15.011120710228454        0.8943423129642138
15.462006218028478        0.8943399261269965
15.996249183457735        0.8943367139865275
16.45760037942813         0.8943339038615697
16.991022358406894        0.8943308852990288
17.387868124577608        0.8943280546457093
17.97390812048758         0.8943235957822826
18.459738787339063        0.8943208390479851
19.015126087754936        0.8943173700858503
19.456953417825503        0.8943137912338855
19.99122301803868         0.8943086213723793
20.457522880578153        0.8943043615472281
20.991816970559114        0.8942991931559655
21.456958540726703        0.8942937717670982
21.992082734458506        0.894286884978306
22.465177304545932        0.8942812609631401
22.99468565551541         0.8942742921444248
23.45601706578134         0.8942678361101717
23.991781244174263        0.8942608321210551
24.45108715582711         0.8942536462213406
24.987735683116284        0.8942455810419375
25.45481915394157         0.8942376952411693
25.989499946149294        0.8942273921186585
26.454353436130077        0.894219192133264
26.987305351910095        0.8942090142343203
27.455936879918227        0.8941992717948416
27.98371566160165         0.89418893544243
28.460673446828764        0.8941799057695721
28.986459129118657        0.8941689667469319
29.434175488268124        0.8941581759139234
29.98234061628682         0.8941435231573771
30.45698550812233         0.8941313295221563
30.98872887234228         0.8941176310183437
31.466293792747194        0.8941041799336771
31.985726064324012        0.8940888727228348
32.460581488074354        0.8940730735749789
32.98845594957436         0.8940551913562563
33.499963982363624        0.894041333564606
33.98755619883059         0.8940256112866072
34.4508611474314          0.8940089449698017
34.97375599796976         0.8939935972634652
35.433523469263946        0.893974446522164
36.030909973715666        0.8939543106224556
36.49141286615696         0.8939411441014178
37.01697752822918         0.8939184736189472
37.48871948917213         0.8938995011836912
37.99714710422535         0.8938800717914488
38.46562238389396         0.8938625847125115
38.995657682003184        0.8938426167819221
39.4594829601063          0.8938265264551872
39.97535304896587         0.8938057989352449
40.447898666307765        0.8937852648115795
40.94794976231981         0.8937602977159419
41.45269734102067         0.8937369215414641
41.98986735275395         0.8937158118505911
42.450082874653674        0.8936956749823731
42.9890934352357          0.8936672126173184
43.45798373806025         0.8936408032047112
44.014493317146815        0.8936210247950042
44.41013465787515         0.8935883500868802
45.039189791509386        0.8935534559892115
45.419577315822835        0.8935436887832461
45.9517836630215          0.8935145526520093
46.430818837314405        0.8934888044278548
46.98057737818172         0.8934589564994844
47.43891133224773         0.8934295130188608
47.98868472333177         0.8933934096037632
48.483664945387005        0.8933694589592723
48.96861828489892         0.8933471547339068
49.44980538344299         0.8933169102606244
49.99164740172577         0.8932864474848614
50.44263051062799         0.8932623012256478
50.993197390963616        0.8932282843475866
51.45691129547126         0.8932012142837082
51.991035510655394        0.8931682500702118
52.45760323359596         0.8931395403644453
52.99103794092318         0.8931067596624339
53.46998176026338         0.8930791130491362
53.98965312332709         0.8930480780468424
54.46449569876623         0.893014368636146
54.98873717373891         0.892980095196305
55.46071529750509         0.8929422803509978
55.97994557701398         0.8929057757624216
56.5014107003019          0.8928774733166427
56.98917752660276         0.8928428039217318
57.45927018372345         0.8928074562663753
57.96441676910541         0.8927710302884484
58.45811119115052         0.892732111228925
58.97699945457083         0.8926929538917865
59.461074000348844        0.8926534310298099
59.98269371781589         0.8926145760917751
60.52304041236175         0.8925817155691735
60.99924531228811         0.8925465187749096
61.459346302326026        0.8925080871373356
61.96819794805447         0.8924686778156447
62.47341238404846         0.8924309552162271
62.98622994912057         0.8923895132482941
63.457682705356206        0.892351133976661
63.99105189502359         0.8923044939054451
64.45768715615668         0.8922701461491065
65.00329127792327         0.8922242913803448
65.45890950807319         0.8921876615774036
66.04322665172725         0.8921446274286359
66.46288717513107         0.8921094640538609
66.99105464832667         0.8920533122437023
67.45631318986682         0.8920135771596978
67.98378545437663         0.891963665833478
68.44829493470456         0.8919146471400932
68.99859810087469         0.8918742928638899
69.42946540451305         0.8918436399411329
69.99352637339246         0.8917916747656711
70.42626308437178         0.8917525140744191
70.99151590523553         0.8916911510385925
71.45771301639945         0.8916456778838052
71.97241865834104         0.8915891439455857
72.42126092465628         0.8915321544197545
73.02958623085601         0.8914898205241573
73.44704349161344         0.8914631947042893
73.9993910656134          0.8914146635619915
74.42935210695066         0.8913753792391621
74.9882889069367          0.8913203250917121
75.43677127134242         0.8912770028401635
75.98666799450729         0.8912261879825499
76.42782936332429         0.8911821053661632
77.02135639867714         0.8911253961307586
77.46056789808563         0.8910805229533916
78.02338308213194         0.8910141241586507
78.46075874005152         0.8909732109258192
78.99498492127509         0.8909286593029937
79.39112415035277         0.89089243042653
79.99273073616695         0.890820712800162
80.45086680501265         0.8907751622054327
81.02224203457922         0.8907219424797533
81.46065278567045         0.8906762035526916
82.02085216524421         0.8906085291808541
82.46052223059792         0.8905625897816791
82.99366190831842         0.8905173425236311
83.39156668705658         0.8904746311193291
83.99137135937207         0.8904026814351896
84.44276629072874         0.8903485895461234
84.99105836031458         0.8902874816337222
85.46060442619762         0.8902402609771282
86.00955454147282         0.8901829527082044
86.45267276390007         0.8901234003066034
87.03934353718859         0.8900618996887388
87.44926522137337         0.8900063797956208
87.97237324519335         0.8899281863751198
88.54438952961164         0.8898701496091002
89.0270039971989          0.8898307048556932
89.43604602990285         0.8897653265253431
90.05287370054725         0.889700008295267
90.44075791480816         0.889663839000954
90.98361585740713         0.8895893411118612
91.45561317221859         0.8895391003209342
91.9615635584542          0.8894873789044478
92.43944086785154         0.8894360693642652
92.97457731108403         0.8893689682208136
93.45204878335767         0.8893225555453548
93.98494554759816         0.8892594344827578
94.43810425388483         0.8892008430647971
94.97841903163771         0.8891453222884832
95.39639384410799         0.8891043321132005
95.99400128187733         0.8890320240228825
96.44287873649739         0.8889781943115315
97.02248489452461         0.8889201745975991
97.4233900579751          0.8888696584930373
98.05526000890058         0.8888035845202019
98.46066129239352         0.8887572632303798
99.01587840049876         0.8886863942778883
99.43062801729718         0.8886527778885303
99.98622496287459         0.8885898664723383
100.42366595032638        0.8885442176114184
101.02421174210622        0.8884725622144298
101.46084539255543        0.8884239827767482
102.02330385825758        0.8883476935166982
102.46075987428901        0.888296644894417
102.99485024070498        0.8882425757338995
103.3934355389132         0.8881969916890176
103.99273229019082        0.8881177935645432
104.45087309134544        0.8880611640329714
105.02421174116279        0.8880027658470142
105.46084539342212        0.8879514231813481
106.02330385772586        0.887882158350931
106.46075987478451        0.8878277677688104
106.99393287741202        0.887774718598397
107.40918929553163        0.8877235834294486
107.99418481503687        0.8876495978951012
108.44575184396928        0.8875980117303537
109.01961021913735        0.8875362771625712
109.45545478936049        0.8874877975852558
110.02161344345745        0.887418814108208
110.4621978411709         0.8873676834000455
110.99139295335698        0.8872977748019154
111.43340506813934        0.8872460195972109
111.99138826141376        0.8871875874772528
112.43374698520773        0.887138111144636
112.99217091170277        0.8870761366716681
113.43013755660166        0.8870279538477459
113.99105925744198        0.8869574870770645
114.45772257328576        0.8869036385407332
114.98838571323938        0.8868493544364408
115.42840765913456        0.8867981023826097
116.00746049229139        0.8867304512367282
116.45185533674328        0.8866770394465613
116.99726481429946        0.8866137990878821
117.45598356572953        0.886556883228002
118.01019579787373        0.8864969140246175
118.46057008740331        0.8864384020797647
119.01227208302055        0.8863719005530329
119.47612937348174        0.8863218955393504
119.98891412817238        0.8862547396524603
120.49045264078632        0.8861993467041054
120.98912886755318        0.8861401913941788
121.48652322026771        0.8860769327847098
121.99489805281843        0.8860151280668845
122.45772257328571        0.8859504208837339
122.99105925744135        0.8858848868228655
123.45772257328565        0.8858296388579714
124.00748512454527        0.8857616920125808
124.47607161348935        0.8857027748981248
125.00567693365804        0.885643773693026
125.45998221559773        0.8855874037352061
125.9910592574413         0.8855198012963177
126.45772257328565        0.885462911439502
126.9910592574413         0.8853972864213588
127.45772257328565        0.8853402264266047
127.99030536194857        0.8852753918629648
128.44570676630042        0.8852174001005402
129.00359566118823        0.8851485379481315
129.4534121257425         0.8850912594282123
129.99105925744124        0.8850194757031159
130.45772257328548        0.8849624865698339
130.99105925744118        0.884895814433777
131.45772257328542        0.8848382402020873
131.99039214618801        0.8847716042877273
132.447089958908          0.8847138033429027
133.00419098270714        0.8846443530103936
133.45320743369268        0.8845868315923608
133.99105925744118        0.8845151429435435
134.45772257328537        0.884451280981176
134.99105925744112        0.884383715221416
135.46522164713684        0.8843264188120312
135.99073749441231        0.884260962557675
136.47410927773865        0.8842031530892596
137.003622882777          0.884137024278953
137.46154853982273        0.8840668825649043
137.9918567732954         0.8839941769993929
138.4929752989221         0.8839379135485859
138.99473745423546        0.8838733957287138
139.4538146761625         0.8838139140766421
139.95386387732805        0.8837428794313286
140.46656081234835        0.8836697148974015
141.003001476465          0.8836057927288259
141.46185398637033        0.8835392247165554
141.99105925744084        0.883457338306856
142.433384920952          0.8833897155440621
142.98390762666043        0.8833290241015473
143.42077785782863        0.8832765254563752
143.98618879583415        0.8831904017266916
144.44013027163578        0.883123435013768
145.0074783973099         0.8830450962594459
145.46396865669317        0.8829762774214993
146.0481212198714         0.8829052093666733
146.47718696501317        0.882851970395427
146.98998992116333        0.8827743500764103
147.47711543361504        0.882710418908746
147.98568980092773        0.882642368500261
148.44719763956607        0.8825731245833428
149.00338368812606        0.8824956160265058
149.45348500938383        0.8824345466507166
149.9910592574406         0.8823554150620523
150.45772257328497        0.8822898287743197
150.99105925744055        0.8822166653430796
151.45772257328497        0.8821508792376097
151.9903054387746         0.8820757784317538
152.44341216667215        0.8820160607746004
152.97399827626413        0.8819276916626224
153.4517395999476         0.8818372599166981
154.07351456049605        0.8817629846115217
154.46654445683254        0.8817153680610401
154.98833881835577        0.8816249496558816
155.46544857437812        0.8815597515667524
155.96456428769648        0.8815065457295609
156.43842820470445        0.8814418176747567
156.99171105567615        0.8813625227416599
157.45464434529367        0.8813013276332382
158.00808025352183        0.8812199252351227
158.46393085365105        0.8811565444277553
158.98120587921227        0.8810903855019189
159.40950158234313        0.8810358753297521
159.9953750601752         0.8809458256027545
160.4564808099567         0.880885116759727
161.00554060410195        0.8808150290165208
161.45669490125243        0.8807523071045635
161.99105925744027        0.8806797518398166
162.45399018518253        0.8806199042804406
162.9712311137667         0.8805536538828908
163.44379740666716        0.8804768176604335
163.9938815939754         0.8804024306679773
164.4474124167793         0.8803459566361926
164.99105925744027        0.8802625239424562
165.4577225732845         0.8801988938752637
165.99105925744016        0.8801305000993885
166.4577225732845         0.880068537337527
166.99105925744016        0.8799984654953235
167.45772257328446        0.8799312779616444
167.99771248721186        0.8798581091067942
168.46717196567005        0.8797944667264062
169.00887885421923        0.8797294774104202
169.46106783299285        0.8796710946616775
169.99105925744004        0.8795908038009675
170.45772257328434        0.879530157328893
170.99105925744004        0.8794588431444428
171.4577225732843         0.8793977424682775
171.99105925743999        0.8793226329810894
172.4577225732843         0.8792609912177847
172.99105925744004        0.8791798476807716
173.45772257328417        0.8791148761034968
174.03122583178572        0.8790399907581333
174.4607388097162         0.8789804583674028
174.9910592574402         0.8788944458775841
175.45772257328395        0.8788234337359837
175.99105925744067        0.8787515282078896
176.47448715894006        0.8786836620673821
176.98860683610928        0.8786178919145505
177.44593867996826        0.8785513428339946
177.9888905438661         0.8784745166945833
178.4453295897589         0.8784155367380306
178.99105925744556        0.8783327497279121
179.4577225732869         0.8782685113242898
179.99105925744846        0.8781850398325239
180.45772257328952        0.8781180336731731
180.99105925745158        0.8780475749472525
181.45772257329259        0.8779779619120004
181.99105925745414        0.8779078052193172
182.45772257329554        0.8778402977655595
182.99105925745573        0.8777670748359582
183.46302576151322        0.8777067511865376
183.9764598930695         0.8776396356432248
184.4750327674921         0.8775672577177229
184.98961512787236        0.8774963477296261
185.4651441120498         0.8774301514187068
185.9984698620296         0.8773697266393721
186.4631048655463         0.8772993132686189
186.9917973327489         0.8772221772441499
187.43600850353096        0.8771643288442108
187.99105925745567        0.8770758591121255
188.45772257329946        0.8770121738244199
189.00838984652927        0.8769434877029849
189.45227993333896        0.8768822321420526
189.99105925745545        0.8767979926161384
190.4577225732993         0.8767297223168593
191.0115867829914         0.8766573086801506
191.46180899975622        0.87658816379449
191.99105925745533        0.8765012113706029
192.45772257329912        0.876434217632318
192.99105925745528        0.8763477068927572
193.44700099454377        0.8762890767854123
193.94364894125948        0.8762172989061404
194.47100401505998        0.8761346363385973
194.98968217794413        0.8760678193025183
195.44115139780592        0.8759983152046344
195.99207127962995        0.875920352688793
196.43781283168147        0.875856590658177
196.99105925745488        0.8757697702939328
197.45772257329878        0.8756947011893785
197.99446407745103        0.8756205650781984
198.44731104626146        0.8755562794552143
198.9859779688257         0.8754741389711465
199.4666256207592         0.8754121695351977
199.9700837088966         0.8753378658643411
200.47902008678284        0.8752634122272632
200.97605275799407        0.8751735236991623
201.4895841536494         0.8750785594566362
201.99105925745448        0.8750103291465107
202.45867568399456        0.8749470745339766
202.95700099290866        0.8748427746561432
203.46417292875935        0.874768020700265
203.96624947013623        0.8747116202135852
204.4516156497309         0.8746368413902528
205.00794527596656        0.8745569922360157
205.46200164815673        0.8744769812177762
206.01248896032837        0.8743996295610319
206.45626590927992        0.8743343004939854
206.99060430399345        0.8742575095513461
207.43406960082638        0.8741879376990394
207.9910592574539         0.8741042714130313
208.447892207201          0.8740342496953786
208.9438795819492         0.8739663458264855
209.45772257329764        0.8738903434685601
209.9910592574538         0.8738140669142959
210.45772257329753        0.8737536108623034
210.99105925745368        0.8736746206028597
211.45772257329747        0.8736109708449538
211.99105925745368        0.8735308571870781
212.45772257329742        0.8734615990556691
212.9632528388849         0.8733693081336964
213.46088137311563        0.8732930048880729
213.99105925745351        0.8732158336883157
214.42231066866992        0.8731339662825744
214.9909850166482         0.8730323456132647
215.51155582076774        0.8729826632219005
215.99265942463416        0.8729135876515879
216.4577225732972         0.8728387612605824
216.9865679625787         0.87277404317694
217.41935107964173        0.8727112636834162
217.99046857204758        0.8726230180948055
218.45079875281192        0.8725601854907696
218.9777774542353         0.8724910077256204
219.44265340149815        0.872418719718774
219.991059257453          0.8723339068487564
220.45772257329685        0.8722613049871609
221.01496010875155        0.8721818234527056
221.45505326387877        0.8721135183037381
222.03345849573827        0.8720291050645442
222.46276088654417        0.8719703756040893
222.99105925745272        0.8718836421810688
223.45772257329656        0.8718150020800033
223.99105925745266        0.8717384993714395
224.45772257329645        0.8716712991003528
224.99105925745255        0.8715926322211087
225.4577225732964         0.8715243344568395
225.9910592574525         0.87143964690404
226.45772257329634        0.8713717445473954
227.02336440600004        0.8712958975665765
227.4546591042003         0.8712329905778584
228.02251197131994        0.871149825182718
228.4547399398383         0.8710856264812223
228.9910592574522         0.8710006807777435
229.45772257329605        0.870929315990615
229.99105925745215        0.870852331064675
230.45772257329594        0.8707794140945816
230.99105925745204        0.8707001323994419
231.45772257329588        0.8706286277719724
231.99105925745198        0.8705526905351443
232.4577225732957         0.8704826133906707
232.99105925745192        0.8704054379779338
233.45772257329565        0.8703337807229192
233.9910592574518         0.8702502970382084
234.4577225732956         0.8701765382976229
234.9974074555343         0.8701064094367311
235.43766135995128        0.870033998499838
236.01199700805358        0.8699462677364969
236.4592353722133         0.8698775493685472
237.00929284268585        0.8697926958294221
237.47202384467852        0.8697325680842842
237.9939420934283         0.8696456834748615
238.45436517661375        0.8695790429197302
238.9651077283189         0.8694978861897713
239.45772257329526        0.8694135044027862
239.99105925745135        0.8693323549193152
240.45772257329514        0.8692599487279158
240.99294687599627        0.869181397757973
241.4324283799067         0.8691123945699246
241.99262298011558        0.8690102493543315
242.4747744573756         0.8689440471270835
242.98836463649786        0.8688805388958132
243.47438469276665        0.8688044725398196
243.98165764849432        0.8687200441077982
244.46182300211086        0.8686429740523058
244.97630314021956        0.868567949818068
245.4692694250262         0.8684826859242283
245.99224363718412        0.868404855103925
246.4577225732947         0.868316794359705
246.9910592574508         0.8682326993152487
247.46180157999743        0.8681621532553896
247.9913594618289         0.8680722349307836
248.45570697095985        0.8680059568152801
248.97298907946043        0.8679305774132443
249.42430534973084        0.8678573870465287
249.9946918769271         0.8677624325255852
250.44387092555377        0.8677004176616976
250.9786997520049         0.8676037654286729
251.45519099118206        0.8675266581486598
252.0145895053069         0.8674416898813647
252.4392189753837         0.8673734284859671
253.0304734451194         0.8672876459651366
253.43750032824164        0.8672260652740345
253.98105226352862        0.8671409162952385
254.3892581371278         0.8670816332373058
255.0208399425647         0.866979487410434
255.45984561686288        0.8669134735849511
256.01426794908036        0.8668321399067166
256.4468072729809         0.8667623943514722
256.99105925744993        0.866668021399597
257.4577225732937         0.8665962107191194
257.9910592574498         0.8665110994947501
258.45772257329367        0.8664390027269822
258.99105925744976        0.8663573185950875
259.4585808880951         0.8662886130410854
259.9714129590841         0.8662102729300808
260.45857231981216        0.8661266404467433
260.9716090818108         0.8660522956909432
261.4575577015956         0.8659571653149932
261.9826835761355         0.865877043992758
262.4908140280381         0.8658089068265107
262.99644904316625        0.8657290195641795
263.45772257329327        0.865649169732094
263.99979064141326        0.865575857981154
264.43412043941134        0.8655052669760996
265.0240396718987         0.8654122041630431
265.454575855097          0.8653352443050756
266.0198130263592         0.8652428259032402
266.44574995121263        0.8651842852164605
266.97913889320245        0.8650792031135993
267.4612459913644         0.8650082357687436
267.95689404330346        0.8649236948457174
268.46214912426115        0.8648303802410882
268.9920472986279         0.8647460549920333
269.47794933283456        0.8646703270795286
269.9934642826674         0.8645859444383852
270.4739816458317         0.864517803855339
270.9859611045398         0.8644422481849566
271.46928539052755        0.8643694884743782
271.98770219302406        0.8642905285679405
272.46720541803217        0.864217302164974
272.98830607714024        0.8641393088731144
273.46460430096806        0.8640647884959827
273.98937596095834        0.8639912065221621
274.41941806726777        0.8639166231834441
274.99075825615466        0.8638212620243848
275.4258111724729         0.863755220859699
275.9915306070181         0.8636480182840927
276.45772257329224        0.8635801340839118
276.9910592574483         0.8635057433155081
277.4577225732922         0.8634328869694529
277.9910592574482         0.8633523700847653
278.4610583858416         0.8632854518309028
278.98010666417184        0.8632060009382054
279.457722573292          0.8631205010605554
279.99105925744806        0.8630332324470326
280.4647938937066         0.8629527601282697
280.9905504202415         0.8628717448900038
281.47253981505463        0.8628009541277388
281.99522034247263        0.8627258104492229
282.4388457864437         0.8626477247479306
282.9977811690259         0.8625559794257994
283.44661478442447        0.862477238285396
283.99937025258373        0.8623756148141228
284.4763659372411         0.8623044348555755
284.9844434674851         0.8622219958395594
285.4304424613059         0.8621342235925183
286.0493244917489         0.8620368516184052
286.44310990957894        0.8619890061228871
287.07463431354967        0.8618905685234607
287.4650703742021         0.8618299827288844
287.9910592574473         0.8617147057770634
288.4577225732912         0.8616349835815211
288.9910592574473         0.861547742719355
289.4577225732911         0.8614709514689565
289.9966710511189         0.8613815973448251
290.4581459756832         0.861316380405017
290.95768295384295        0.8612426173815471
291.45772257329094        0.86114108989431
292.00869750939194        0.8610653064573801
292.4479931365202         0.8609863480829318
293.0029759079294         0.8608852447746242
293.43529195345303        0.8608038611384993
293.9979358145842         0.8607073956505475
294.45499909808956        0.860661952340029
294.96463319854547        0.860579250113719
295.4577225732906         0.8604842240935855
295.9910592574467         0.8603925807623708
296.4848415986596         0.8603259783471935
296.9792025527129         0.8602331068623875
297.4586411147657         0.8601280465690978
298.02668634685006        0.8600109806433347
298.4608835739945         0.8599197009158766
299.0303906282406         0.8598371029078387
299.35883617978624        0.8598082233646076
299.9842771216024         0.859682064185299
300.4578936986619         0.8595951271203429
301.0087384945772         0.8595139035667891
301.45238161911163        0.8594410561578567
301.99105925744624        0.8593502489394109
302.45772257329           0.8592752678764187
303.0040480719222         0.859199649035657
303.4565260077548         0.8591266132777744
303.9979239795891         0.8590460569091456
304.44060533042955        0.8589747026462868
304.991059257446          0.8588781160687375
305.4577225732898         0.8588014173319558
305.9910592574459         0.8587207996211829
306.4577225732897         0.8586430272241155
306.9910592574458         0.8585577313379893
307.4408088423372         0.8584768626602373
307.9790944593595         0.8583934882936761
308.4521856405023         0.8583230219146707
308.96699296960446        0.8582448345465258
309.47071683735925        0.8581636269754378
309.98484663986574        0.8580842472440531
310.47902221163355        0.8580061686708101
310.9868070265863         0.8579260066002614
311.46993506811333        0.8578441270708503
311.9865458035148         0.8577584949723583
312.4692323356454         0.857681188582387
312.9868055170839         0.8575978472311967
313.4577225732892         0.8575157546189236
313.9910592574453         0.8574278417564686
314.45772257328906        0.8573527871698958
314.9910592574453         0.8572651828748045
315.45772257328895        0.8571899493366768
315.99105925744516        0.857100246461752
316.45772257328895        0.8570228453255861
316.99105925744504        0.8569318350144326
317.45772257328883        0.8568533668743875
318.0009116562678         0.8567627390669599
318.4588644918367         0.856690025877222
319.00449973144976        0.8565858173959217
319.4766655013185         0.856505819272569
320.0079042678617         0.8564395784464268
320.45084971710116        0.8563640244092219
320.99223324379284        0.8562728492300313
321.44077913579906        0.8561951839679758
322.00331080666535        0.8561022600394448
322.4672152142314         0.8560313319970834
323.00690887768485        0.8559412841092486
323.46007892098453        0.855855423662127
323.9959541102045         0.8557502097798623
324.4571360174866         0.8556740587320497
324.9803575170125         0.855567243914106
325.482501646512          0.8554858723948023
325.9814232662693         0.8554029362430722
326.47157611034595        0.855310960134988
326.999995050042          0.8552298589775629
327.45912571218037        0.8551541948282374
327.99105925744414        0.8550625687223149
328.4577225732879         0.8549835934979066
328.99105925744414        0.8548862245104414
329.4577225732879         0.854804152929464
329.9910592574439         0.8546909123247306
330.4577225732878         0.8546125949071327
331.05333850886484        0.8545460899374855
331.4573060403469         0.8544796667714034
331.9870181967533         0.8543784959222238
332.4198834826253         0.8543042691986749
333.0311769609357         0.8542085186139816
333.45198950045767        0.8541301636386003
333.99105925744357        0.8540128827124117
334.4723372471417         0.8539360038248575
335.0055770635339         0.8538396660396875
335.48446140085673        0.8537558976726258
335.9913263919607         0.8536658408795185
336.45772257328724        0.853583891271012
336.98778661102426        0.853516949240324
337.4234049714215         0.8534428576020173
338.0096142068319         0.8533446070232222
338.45207146280075        0.8532639665808945
338.99105925744334        0.8531610694212898
339.4596408488402         0.8530879054351792
339.96929497301653        0.8530007713423471
340.46133390753585        0.8529010422500463
340.95223093950926        0.8527940388222566
341.47959471655577        0.8526771100821675
341.9946787733917         0.8525776224555591
342.5083359866695         0.8524890551899215
342.99702217867457        0.8524245006488348
343.4485840732167         0.8523532248355257
343.96655951802074        0.852251607146855
344.46533037658287        0.8521580228429303
344.9633002821947         0.8520730362534783
345.41366165772183        0.8519690814518769
345.9845343403092         0.8518522180224753
346.4334669288729         0.8517785077102469
347.00908091343683        0.8516853495082225
347.4497909496889         0.8515998896081265
347.9942221912702         0.8514861804304905
348.4764824758065         0.8514096347422337
349.0118031666832         0.8513374718412852
349.4554819918566         0.8512701680711299
349.99105925744254        0.851162874106579
350.45772257328633        0.8510846926595017
350.9853641050586         0.8510016099619556
351.4235578115067         0.8509220265938418
351.99105925744243        0.8508052125210211
352.4577225732862         0.8507300286026995
352.99043790015673        0.8506421278728451
353.4387778602012         0.8505659265777163
353.9910592574423         0.8504510990276322
354.457722573286          0.8503632837472127
354.9880207349303         0.850244196432451
355.45547532505464        0.8501552795926981
355.9771236623783         0.8500876383926229
356.4338411566307         0.8500124954506196
356.9748366531687         0.8499229793291789
357.4299511681928         0.8498391368409305
357.99105925744186        0.8497302241566399
358.45772257328554        0.849651530086518
358.9763357280294         0.8495626056539244
359.4598342149309         0.8494796921777075
359.99153452517555        0.849394822683687
360.4577225732854         0.8492988183528982
360.99105925744163        0.8492143632509609
361.4949515279427         0.8491449221566908
361.99385611164075        0.8490670399098956
362.4582392226023         0.8489808687318309
362.9746451544254         0.8488965193680404
363.4690464427531         0.8488107494015659
363.98829201850674        0.8487267767228301
364.4577225732851         0.8486450190278019
364.9910592574413         0.8485577788628034
365.4577225732851         0.8484852244713073
365.9910592574412         0.8483930028068426
366.45772257328497        0.84831750613826
366.99105925744107        0.8482198969884003
367.45772257328485        0.848141618350183
367.9888616641156         0.848055580252953
368.43223795045344        0.8479794050481155
369.0159065640655         0.8478790781195819
369.4551975251758         0.8478061280605721
369.99502927809556        0.8476997775435728
370.45626504833535        0.8476181972147473
370.9964539798316         0.8475323288388237
371.43391700985137        0.8474535647472948
372.01744828586163        0.8473480394569919
372.4766193873602         0.847275505322514
372.9922011700578         0.8471714046448265
373.4431211701974         0.8470735548938211
373.99987295483663        0.846986860913659
374.45463222134515        0.8469024330211092
375.00470639668674        0.846813859536325
375.43260538587003        0.8467426952833357
375.9920638680485         0.8466357867031181
376.4447363033495         0.8465585314786483
376.99138746544315        0.8464554202325186
377.45772257328406        0.846372609606894
377.99105925744027        0.8462806844028838
378.45772257328406        0.846200683336921
378.99105925744016        0.8461062641027579
379.45772257328395        0.8460235358902558
379.9935554320575         0.8459436413800966
380.4350863636929         0.8458707672579752
380.9928203511531         0.8457724062109881
381.4290748150669         0.8456997997294018
382.0167845895862         0.8455985949579369
382.44533098677573        0.8455261612419369
382.9910592574398         0.8454110981552803
383.4577225732835         0.8453282909102761
383.99696692987675        0.8452428462277218
384.43765111043706        0.8451679657536556
385.02544920580226        0.8450622714427433
385.46102171364873        0.8449838393325413
386.01773089666995        0.8448857464546996
386.4462144373746         0.8448071493871043
386.9910592574395         0.8446916547103147
387.45772257328326        0.8446020370438191
387.9910592574395         0.8445147197083585
388.45772257328326        0.8444218066335512
388.99105925743936        0.8443297498250353
389.43974678311645        0.8442141797138132
390.01005075167086        0.8441069801452821
390.45305276523413        0.8440375581489853
390.95840610166886        0.8439153572706075
391.48230994664755        0.8438158496878219
391.96792328608706        0.8437428357673793
392.484753473889          0.8436524156423852
392.9784838838407         0.8435598847199651
393.48122303584137        0.8434627808425006
393.98012632180667        0.8433669034622016
394.45120253292134        0.8432652429706002
394.9517344793104         0.8431554398099781
395.4577225732827         0.8430493452884389
395.9856969630432         0.8429593458546568
396.431104183602          0.8428852183756779
396.98650438586776        0.8427623909559251
397.45954995870056        0.8426811946560058
398.0210422293195         0.8425999046192528
398.4608475887601         0.8425190915911183
398.99659286597546        0.8424042065855876
399.47282285220774        0.8423270242916268
399.99342745566696        0.8422367439631631
400.45542570115026        0.8421448194527454
400.99158663769606        0.8420426993095989
401.45772257328224        0.841961170863416
401.99105925743834        0.8418663308955864
402.4577225732821         0.8417814950403621
402.99105925743834        0.8416786011897429
403.457722573282          0.8415896260956977
404.0209709349833         0.8414913969162432
404.4568632700325         0.8413975061183977
405.06223071113163        0.8412952009887844
405.4561259021058         0.8412316473720702
405.9910592574379         0.8411057882476186
406.45772257328167        0.8410196064035173
406.9910592574379         0.8409262516960555
407.45772257328167        0.8408401616293777
407.9910592574379         0.8407428311266486
408.45772257328156        0.8406530667707988
408.99105925743777        0.8405576348245576
409.45772257328156        0.8404669565127754
409.99105925743777        0.8403740819308481
410.45772257328144        0.8402798497595345
410.99105925743766        0.8401847853871098
411.494990641952          0.8401093904492507
411.994046187762          0.8400201671303591
412.4764221009774         0.8399228581158082
412.9840888523345         0.8398315996609319
413.4552285117287         0.8397262528858902
413.9890955308707         0.8396213629975728
414.45772257328144        0.8395356786276238
414.9910592574372         0.8394289729706937
415.4512035323081         0.8393520727079301
415.95738008429487        0.8392338704086806
416.48911318952116        0.8391234948793673
416.9559897582109         0.8390154700832008
417.43319929391964        0.8389010635903047
417.9783523656099         0.8388271961160604
418.44182908607877        0.8387477973330927
418.98668918309295        0.8386713317018909
419.4078077431692         0.8385931273545182
420.01491353441713        0.8384680950443806
420.44112385142716        0.8383650441319003
421.03763277655275        0.8382429961864916
421.434004901776          0.8381762154187581
421.99618762903765        0.8380314373214657
422.4577225732935         0.8379583214905801
422.98797036034057        0.8378134212188607
423.4986856615151         0.8377048929541269
423.99120145630366        0.8376512755810536
424.43106287470687        0.837559826079457
424.97216214586194        0.8374686320844879
425.4499756834417         0.8373764685906218
426.00051121723914        0.8372726981146116
426.4588213605523         0.837190193554457
426.9721343995059         0.8370825740269714
427.4605332436655         0.8369970796567744
427.97963269519823        0.8369132651914433
428.43195022803377        0.8368089069549263
428.983750907992          0.8367030187880051
429.4408724664461         0.836600352970027
429.9952584579994         0.8364817837464772
430.46494785813206        0.8364272642905878
430.9915957280506         0.8363104259575896
431.4579158931439         0.8362206962590353
431.9829480678993         0.8361602808888506
432.40704806437475        0.8360827469973433
432.9883850539354         0.8359576806436304
433.4266347020923         0.8358745379826829
434.0103865582016         0.8357564026891573
434.4572261648053         0.8356722142222391
434.9905767433388         0.8355501696367399
435.458702733634          0.8354492509383347
435.9859972493299         0.8353492818697801
436.45078245306934        0.8352689995474483
436.97630133460177        0.8351851953623519
437.4615946974051         0.8350685739704407
437.99105925744993        0.8349545104159078
438.4577225732934         0.8348676491126714
438.99105925744993        0.8347654040557816
439.4577225732934         0.8346760247856817
439.99105925744993        0.8345736994931676
440.45772257329327        0.8344831610464485
440.9910592574498         0.8343789850088377
441.45772257329327        0.8342813346002976
441.9931477094408         0.8341721793438167
442.46557166363425        0.8340886433158166
442.9713073530504         0.8339926161589157
443.48021739393596        0.8338905239757548
444.01196163234715        0.8338002627020422
444.46295071686336        0.8336965807674848
444.9901830886389         0.8335794910816974
445.4583522396928         0.8334988365078718
445.97873801601054        0.833401141028397
446.45772257329304        0.8333002063151822
446.9910592574497         0.8331962938796083
447.4440071966976         0.8331084494521637
447.9958703380822         0.8330091171378812
448.4395379118132         0.8329247457183102
448.97491747029983        0.8328118012049301
449.4560161927013         0.8327226461291694
449.99541194157837        0.8326130752577773
450.4676477385498         0.8325242295075667
450.9919838360721         0.8324240497064902
451.4762819686416         0.8323315391558297
451.9929359850029         0.832235422545974
452.4577225732928         0.8321332286037729
452.9910592574495         0.8320297059158509
453.4577225732928         0.8319439226716747
453.99105925744936        0.8318373263255466
454.4577225732928         0.831750752921977
454.99105925744936        0.8316420302159289
455.4577225732928         0.831552717014087
455.9705545001889         0.8314374256631263
456.44152705683746        0.8313446602718807
457.0172127602103         0.831247126864466
457.4612337644886         0.8311627679342587
457.99105925744925        0.8310373576520872
458.4577225732926         0.830943440231608
458.99105925744925        0.8308411448403272
459.4577225732926         0.8307476792879426
459.99105925744914        0.8306402839562664
460.4577225732926         0.8305442413771729
460.99105925744914        0.8304343234534841
461.4577225732926         0.8303336597860322
461.991059257449          0.8302122772935207
462.45498487885175        0.8301275612985497
462.98531758692366        0.8300572402399303
463.4471077381529         0.829967065920898
463.9958965077352         0.8298510175980297
464.4506931626938         0.8297584812607106
464.9846106508503         0.8296252519025299
465.4591747517733         0.82950291322275
465.9908082409962         0.8293922376315606
466.45763768756535        0.8293124672423958
466.97061977168664        0.829216523965532
467.4529163667679         0.8290975775923868
467.9892242457008         0.8289960407874746
468.45308229799593        0.8289074481756701
468.99249897338746        0.8287806312904875
469.48311749895356        0.8286852776869089
469.98487496756013        0.828568811496353
470.4740958001712         0.8284448004817829
470.9910592574487         0.8283583233368358
471.457722573292          0.8282711174654842
471.9910592574487         0.8281622090336453
472.457722573292          0.8280760825793401
472.99105925744857        0.8279658416755592
473.457722573292          0.8278718071873565
473.99105925744846        0.8277620023308062
474.457722573292          0.8276715276578848
474.99105925744857        0.8275545267548827
475.457722573292          0.8274596964510192
476.0123217841858         0.8273650422989426
476.45671961248433        0.82727412187988
476.9944201730825         0.8271477647835584
477.46263751494007        0.8270556175787995
477.99105925744857        0.8269497706183698
478.4577225732918         0.8268588314485497
478.99687793717953        0.8267551581298295
479.45716980558007        0.8266628460948804
479.99105925744846        0.8265596647850139
480.4577225732918         0.826467718975838
480.99105925744834        0.8263675542719324
481.4577225732919         0.8262788830375213
481.99105925744834        0.8261743999200684
482.4577225732918         0.8260829215365109
482.99105925744834        0.8259823700251988
483.4577225732918         0.8258894696105332
483.99105925744834        0.8257884097634692
484.4577225732917         0.8256917084047795
484.99105925744834        0.8255841925486906
485.4577225732917         0.8254873497310752
485.9910592574482         0.8253755255554508
486.4577225732917         0.8252774180340867
486.9910592574482         0.8251683233159879
487.4577225732917         0.8250661717145752
487.9910592574482         0.8249544564271393
488.4577225732917         0.8248508513663806
488.9910592574482         0.8247402431054313
489.46144892169104        0.8246544208505877
489.9780721937566         0.8245494570445631
490.4876783722236         0.8244528645072366
490.9942777863696         0.8243519623111597
491.4823244265332         0.8242453547002343
491.9937025445246         0.8241387888022194
492.45772257329145        0.8240231672125417
492.991059257448          0.8239098343481526
493.45772257329145        0.8238151263488608
493.9910592574479         0.8236983964473987
494.45772257329145        0.8235926598907877
494.9987126098729         0.8234787359418173
495.48126206609527        0.8233984076126655
496.00308000833616        0.8232916020829149
496.47824939247255        0.823195453407819
497.0083874643361         0.8230912480989329
497.45873403029816        0.8230044156252828
497.9716619153571         0.8228796822977091
498.4607039710685         0.8227611320567347
498.9814094217264         0.8226492638574082
499.4667573387568         0.8225568520517983
499.9681441425232         0.822442109374183
500.4577225732912         0.822301183961377
501.00078831845565        0.8222215724829638
501.45239774033007        0.8221487952231074
502.00763660773055        0.8220250762224004
502.46134217384963        0.8219098182696353
503.01144574127807        0.821788136645544
503.4609830196056         0.8217016552777725
503.99105925744766        0.8215620576979852
504.4577225732911         0.8214694641402152
504.99021170544734        0.8213681517980679
505.4312813211973         0.8212780742904611
505.99018003405706        0.8211479744863748
506.4302932624039         0.8210516155000864
507.04416159733           0.820933852298532
507.45405137617115        0.8208446185158649
507.99105925744755        0.8206932986300236
508.45772257329077        0.8205922910053693
508.9969164934639         0.8204812397682767
509.4661551879208         0.8203764871156999
509.9993867760834         0.8202677774146059
510.45829763851543        0.8201733267821972
510.9806417274251         0.8200448028154211
511.46148106531996        0.8199376222716632
511.9902689465622         0.8198567883245708
512.4467872645657         0.819760372212073
512.9910592574472         0.8196406063752577
513.4577225732907         0.8195471321355803
513.9910592574472         0.8194390628011673
514.4577225732905         0.8193414520736941
514.9910592574472         0.8192351577274514
515.4577225732905         0.8191385423610436
515.9910592574471         0.8190272399818971
516.4577225732905         0.8189296898460965
516.9910592574471         0.8188223247532208
517.4577225732907         0.8187252364754448
517.991059257447          0.8186175343763605
518.4577225732908         0.8185232894355976
518.9910592574468         0.8184123105880902
519.4577225732912         0.8183161301764699
519.9910592574462         0.818201819737933
520.4577225732921         0.818103592314736
520.9956348543578         0.818003238400187
521.4437325956216         0.8179161827634915
521.99176886079           0.8177919870232677
522.4494855150317         0.8176980556980618
522.9910592574354         0.8175688001240816
523.4577225733119         0.8174693620898317
524.0311494115952         0.8173752416137412
524.4622917347563         0.8172826411846846
524.9925515436234         0.8171699045350312
525.4196617199929         0.8170808880476532
525.9887840144338         0.8169359738352328
526.4426016151193         0.8168393381392501
526.9892434113901         0.816728834006715
527.4456965688737         0.8166316653284007
527.991059257063          0.8165147223359136
528.4577225740385         0.8164133716295501
528.9910592567771         0.816301488756233
529.4577225747737         0.8162005949565224
529.9910592563687         0.8160834022430815
530.457722576392          0.8159780373267252
530.9910592559526         0.8158505085427095
531.4577225803705         0.8157398480057156
531.9984203774009         0.8156483887471708
532.4111727582616         0.8155288551546718
533.0338876746773         0.8153845705005376
533.4364504774302         0.8152907109148015
534.0701004673995         0.8151509276343534
534.4685379573033         0.815079598603597
534.9887058904123         0.8149111711294476
535.4540477904868         0.8148343730066048
535.9516761181507         0.8147369765504068
536.4583759440968         0.8146103336628987
536.9676175214072         0.8145106376971215
537.4577244228374         0.8143730419890752
537.9910598664987         0.8142606674554587
538.4196476755858         0.8141310773000558
538.9854066497752         0.8139953111697322
539.4577285366526         0.8139424865821847
539.991060897198          0.8138294152883017
540.4577313063279         0.813739448087598
540.9910614719724         0.8136286188103403
541.45773406881           0.813538207508427
541.9910620125181         0.8134242000767454
542.4577367051224         0.8133311155485167
542.9910625427842         0.813217129784703
543.457739312311          0.813122998667495
543.9910630701147         0.8130062234338737
544.457741839117          0.8129098646182509
544.9910635420827         0.81279252282053
545.4577440573742         0.8126955579035721
545.989767116746          0.8125974183821548
546.4305201374336         0.8125073260159503
546.9910643764684         0.8123709808226602
547.4577484054481         0.8122718686874904
548.0023922292677         0.8121670375895687
548.4599249542327         0.8120702156066386
548.9910658955234         0.8119469456254099
549.4577563480341         0.8118454785195257
549.9919366573951         0.8117529580294679
550.4356561807231         0.8116576745490265
550.9903303054085         0.8115344080910265
551.438851318575          0.8114361757291563
551.9961878650195         0.8112997153121422
552.456495205387          0.8111924171474079
553.0423324488709         0.8110839351126483
553.469073818188          0.8109820995972885
554.0087399154105         0.8108279004618084
554.4795775399766         0.8107078905928313
554.9910685328197         0.8105978536039977
555.4529513396915         0.8105164560168864
555.9582965890979         0.8104121216003384
556.4767285144405         0.8102934442189953
556.9899068596818         0.8101817097538633
557.474603929211          0.810068174958277
557.9851343413543         0.8099638344356533
558.4413800050716         0.8098456798862461
558.9897334737741         0.8097215502369789
559.4390115966843         0.8096230537229502
560.0151426835221         0.8095025157951373
560.4444382031877         0.8093938475076768
561.0034667304111         0.809232384589034
561.4633524678923         0.8091538062848636
561.9917328171359         0.8090356836097448
562.4578094394791         0.8089289268958084
562.9910768523647         0.8088016662400526
563.4467217046349         0.8086846316954854
564.0453614615795         0.8085984956645895
564.4506636167316         0.8085092921557636
565.0036333204607         0.8083560633802115
565.4257578266034         0.8082654974927038
566.0098826621257         0.8081338909368174
566.4448772143933         0.8080422168776833
567.0121429089144         0.8079232346908803
567.4416161670313         0.8078105313083057
567.9836508918469         0.8076695644837718
568.4756980633715         0.8075791438887082
569.0123968663258         0.8074965944731174
569.4632119275623         0.8073769612797341
570.0055476913071         0.807238262414454
570.4455594101527         0.8071534829170035
570.9909476198893         0.8070167523906322
571.4545469750566         0.8069063759938075
571.9970045256962         0.8067852917704833
572.457497945152          0.8066786866024866
572.9868486833246         0.8065259290136981
573.4501166369712         0.8063730421464768
574.005266511833          0.8062814738640939
574.4064999724906         0.8062333175734502
574.9788234787009         0.8060798823580105
575.4319620593694         0.8059731573966901
575.98494969788           0.8058344974274305
576.457795492538          0.8057201564733698
576.9835683502274         0.8056125273143251
577.4584842524241         0.8055002292490618
577.9832401999163         0.8053881651573263
578.479364770782          0.8052931113278194
578.9788398000652         0.8051832920199555
579.4572477627056         0.8050491674556215
579.9805126381489         0.8049175539794645
580.4500438865483         0.8048150605130532
580.9691444885541         0.8047210071174421
581.4303123808617         0.8046220887441391
581.9765240954404         0.8044688160390572
582.4581063196042         0.8043457916499874
583.0155245033968         0.8042340543046194
583.4670027994371         0.8041499339098155
583.9738356593684         0.8040401660707683
584.3979218590408         0.80393998162463
584.9760088976125         0.8037639379761338
585.4569913065037         0.8036570571725561
585.9700095300987         0.8035487296153305
586.4564919980884         0.80342040658385
586.983344936607          0.8033034081719126
587.4580066666514         0.8031898999985841
587.9798510402017         0.8030499415955616
588.4718567742776         0.8029237642722218
588.9868070622176         0.8028195305207169
589.4555148372322         0.8027235558808087
589.963476451297          0.8026105045826155
590.4573921978158         0.8024525116098323
591.0226538964513         0.8023396079442309
591.4725609571437         0.8022571029678311
591.9837448047282         0.8021208212998314
592.4857333386318         0.801992560745747
592.9688109239257         0.8018797571576923
593.3987814543907         0.8017297427171007
593.8978544789409         0.8015938242971279
594.3913505793045         0.8014984541978679
594.7513375917949         0.801291298253309
595.044785577671          0.8012209101495691
595.5244451849285         0.8010322678668679
595.864499952195          0.8007578421398087
596.6434387703108         0.8006319751639809
596.7031293030346         0.8005777757421806
596.7408948606328         0.800578311154415
597.5202287523113         0.7998439468031577
598.1918919646375         0.7998229840521879
598.3360141741744         0.7996717619890408
598.4713862626388         0.7996704350937587
599.1240553110965         0.7989995487235886
599.7263648476633         0.7991166877396335
600                       0.7989461904576163
