0.851911454
0.852075481
0.85364426
0.855109335
0.855445987
0.855742402
0.857174782
0.85842786
0.858542722
0.858781854
0.859869285
0.86019647
0.861225593
0.861780022
0.862596772
0.86295309
0.863801654
0.864474488
0.865300087
0.86594913
0.866921688
0.867503529
0.86855577
0.869235282
0.870097428
0.870795972
0.871568887
0.872181445
0.87300913
0.873670668
0.874384202
0.875026876
0.875741234
0.876323045
0.877020194
0.877585567
0.878250423
0.878813734
0.879432667
0.879910971
0.880593815
0.881113468
0.881715792
0.882192199
0.882764462
0.8832482
0.883788222
0.884255418
0.884775244
0.885229761
0.885723752
0.88616017
0.886648525
0.887057167
0.887531427
0.887932986
0.888382194
0.88877032
0.889201079
0.88957813
0.889986698
0.890342153
0.890730944
0.891060886
0.891465674
0.891800346
0.89217023
0.892495178
0.89284496
0.893159553
0.893504187
0.893804309
0.894106429
0.894392413
0.89469549
0.894972247
0.895308829
0.895551784
0.895845456
0.896101494
0.896366522
0.896604532
0.896865719
0.897085537
0.89733025
0.897553007
0.897788757
0.898020111
0.898246742
0.898444115
0.898674457
0.89886974
0.8990813
0.899251249
0.899493691
0.899621951
0.899820174
0.89999023
0.900183198
0.900338831
0.900531248
0.900688483
0.90083767
0.900994692
0.901160557
0.901295313
0.901459054
0.901593484
0.901743167
0.901873882
0.902018695
0.902142696
0.902279709
0.902399012
0.90252948
0.902640217
0.902760797
0.902875353
0.902981436
0.903081373
0.903183018
0.903279992
0.903378807
0.903466064
0.903559957
0.9036529
0.903732279
0.903805847
0.903885963
0.903960863
0.904038205
0.904103249
0.904176602
0.904238011
0.904306423
0.904363217
0.904437323
0.904487929
0.904543914
0.90459475
0.904645722
0.904687727
0.904739049
0.904781935
0.904827081
0.904860374
0.904900042
0.9049312
0.904962482
0.904985695
0.905024126
0.905054302
0.905082546
0.905105663
0.905135207
0.905157582
0.905187122
0.905207191
0.905235973
0.905253699
0.905277142
0.905293347
0.905315619
0.905329729
0.905342981
0.905356019
0.905374543
0.905385374
0.905396507
0.905401912
0.905414131
0.90542063
0.905421354
0.905422914
0.905428092
0.905432105
0.905439727
0.905435217
0.905438657
0.905432672
0.905414798
0.905415951
0.905422902
0.905406024
0.905400758
0.905402224
0.905379179
0.90537179
0.905361257
0.905350889
0.905333104
0.905322559
0.905305899
0.905287476
0.905274968
0.905266906
0.905240211
0.905224238
0.905210673
0.905191194
0.905170843
0.905152478
0.905125931
0.905118049
0.905096882
0.905078454
0.905051825
0.905032628
0.904997459
0.904975725
0.904953962
0.904933363
0.904894606
0.904867572
0.904844601
0.90481686
0.904783799
0.904754083
0.904727453
0.904696588
0.904656068
0.904631141
0.904599479
0.904571252
0.904533806
0.904504319
0.904463024
0.904434462
0.904400674
0.904372674
0.904337705
0.904311049
0.90427106
0.904240696
0.90421074
0.90418207
0.904142169
0.90411046
0.904072052
0.904035467
0.903996149
0.9039581
0.903918476
0.903886784
0.90384434
0.903808897
0.903771492
0.903732361
0.903692224
0.903650995
0.903610551
0.903575274
0.90353015
0.903493319
0.903452276
0.903415861
0.903370898
0.903334509
0.903293107
0.903255692
0.903215146
0.903175669
0.903127736
0.90308624
0.903035427
0.902995577
0.902951077
0.90291046
0.902867267
0.902828972
0.902780049
0.902740582
0.902688465
0.902644329
0.902597262
0.902555213
0.902512225
0.902471429
0.902421421
0.90237311
0.902319221
0.902277465
0.902231919
0.902187611
0.902138033
0.90208503
0.902039953
0.901996095
0.901930728
0.901881476
0.901836667
0.901797047
0.901734778
0.901685355
0.901627489
0.901574358
0.901519563
0.901480396
0.90142003
0.901368378
0.901319999
0.901262653
0.901204616
0.901148371
0.901080685
0.901032169
0.900969505
0.90092018
0.900861603
0.900812853
0.900737945
0.900673372
0.900618618
0.900583675
0.900508707
0.900458134
0.900417367
0.900368577
0.9003064
0.900259651
0.900193015
0.900144116
0.900092764
0.900049353
0.899972109
0.899923541
0.899854779
0.899806138
0.899749075
0.899702447
0.899648502
0.899590554
0.899524348
0.899482142
0.899403126
0.899348902
0.899294448
0.89924325
0.899186702
0.899133986
0.899066815
0.899015166
0.89894839
0.898897424
0.89883091
0.898778033
0.898722793
0.898670145
0.898617183
0.898565184
0.898497142
0.898441053
0.898372093
0.898320942
0.898262608
0.898207186
0.898151424
0.898097397
0.898050573
0.897997806
0.897942766
0.897895153
0.897834506
0.897783141
0.897716305
0.897664448
0.897611342
0.897560232
0.89750757
0.89745409
0.897394892
0.897347869
0.897295366
0.897237616
0.897184393
0.897133075
0.897080629
0.8970222
0.896959486
0.896913571
0.896847377
0.896798484
0.896745568
0.896696992
0.896629345
0.896577835
0.896516921
0.89646388
0.896394816
0.896338791
0.896263643
0.896217537
0.896166812
0.896098445
0.896043698
0.895982183
0.895916154
0.895863003
0.895786843
0.895726613
0.895662539
0.895612818
0.895544795
0.895493251
0.895437863
0.895373019
0.895302523
0.895225186
0.895168939
0.895120542
0.895040982
0.894984008
0.894935523
0.894874435
0.894815059
0.894751262
0.894690355
0.894635444
0.894576255
0.894518825
0.894451012
0.894396127
0.894338844
0.894273814
0.894210503
0.894159288
0.894094844
0.894042613
0.893972099
0.893915687
0.893843244
0.893780428
0.89371795
0.893649974
0.893570361
0.893528766
0.893474321
0.893411976
0.893359117
0.893305667
0.89323437
0.893180557
0.893122919
0.893065
0.892997871
0.892938137
0.892870486
0.892812205
0.89274342
0.892692988
0.892620933
0.892566307
0.892501369
0.892450174
0.892382506
0.892329681
0.892254645
0.892199186
0.892131308
0.892079884
0.892012218
0.891958975
0.891889786
0.891829776
0.89176769
0.891704304
0.891639141
0.891582085
0.891523566
0.891465667
0.891403009
0.891343621
0.891276491
0.891216665
0.891158738
0.891102185
0.891034925
0.890979171
0.890913468
0.890865207
0.890798434
0.890742831
0.890679481
0.890613536
0.890546523
0.890488267
0.890422373
0.890366401
0.890282635
0.890229938
0.890176126
0.890115182
0.890051875
0.889988362
0.889930093
0.889858329
0.889793674
0.889716596
0.889643218
0.889584034
0.889507235
0.889453436
0.889394504
0.889337022
0.889258649
0.889209222
0.889127072
0.889064124
0.888992248
0.888937566
0.88886613
0.888815482
0.888742141
0.88869351
0.888614462
0.888557521
0.888490908
0.888434951
0.888358116
0.888299174
0.888228039
0.888166766
0.888099512
0.888042617
0.887976568
0.887905904
0.887844923
0.887767084
0.887696938
0.887640685
0.887573358
0.887505515
0.887441415
0.887380965
0.887302866
0.887238247
0.887163291
0.887115665
0.88703008
0.886974664
0.886904157
0.886826326
0.886758065
0.886692443
0.886627071
0.886567719
0.886503575
0.886442226
0.886378146
0.886318619
0.886251948
0.886190887
0.88612569
0.886066736
0.885985486
0.885931814
0.885844823
0.885782273
0.885717819
0.885654194
0.885586589
0.885524767
0.885456757
0.885387711
0.885313188
0.885246826
0.885179299
0.885119331
0.885057299
0.884994639
0.884918502
0.884857758
0.884771478
0.884712556
0.884635701
0.884562984
0.88447876
0.884436809
0.88435504
0.884303602
0.884221388
0.884157178
0.884081756
0.884019046
0.883940339
0.88388706
0.883826527
0.883743984
0.883680416
0.883612773
0.883538542
0.883465166
0.883386577
0.883343394
0.883271917
0.883191632
0.883114849
0.883060854
0.882986951
0.882905768
0.882811518
0.882738801
0.882666589
0.882638512
0.882545665
0.882474551
0.882409443
0.882352211
0.882276239
0.882214476
0.882149966
0.882089704
0.882021891
0.881963075
0.881888387
0.881824652
0.881756704
0.881690686
0.881619295
0.881553604
0.881484384
0.881424922
0.881358617
0.881293505
0.881228814
0.881166313
0.881100658
0.881034967
0.880967419
0.880904635
0.880839584
0.880774243
0.88070291
0.880642296
0.880568596
0.880508162
0.880435339
0.880373237
0.880296726
0.880233166
0.880157785
0.88009483
0.880004641
0.879935178
0.879879294
0.879816045
0.879740148
0.879674337
0.879591338
0.879537824
0.879464084
0.879398184
0.879319506
0.879258554
0.879174657
0.879104115
0.879035662
0.878962219
0.87889295
0.878830606
0.878752193
0.87868825
0.878611961
0.878545864
0.878459118
0.878392091
0.878330535
0.878277386
0.878191633
0.87813123
0.878053158
0.877991074
0.877900761
0.877837858
0.877758337
0.877689903
0.877616369
0.877546101
0.877490376
0.877429143
0.877348909
0.877280802
0.877194293
0.877136883
0.877061713
0.876984311
0.876896791
0.876809738
0.876729565
0.876653263
0.876596798
0.876532965
0.876454986
0.876376551
0.87630068
0.876212551
0.876112663
0.87605315
0.875975358
0.875905541
0.875815266
0.875747494
0.875683136
0.875622573
0.875536344
0.875470251
0.87539527
0.875336477
0.875243843
0.875178319
0.875097259
0.875030002
0.874940303
0.874870599
0.874776357
0.874709898
0.874647756
0.874587492
0.874507912
0.874432152
0.874346013
0.874275699
0.874203074
0.874138348
0.874066864
0.873990007
0.873916952
0.873868863
0.873799701
0.873722511
0.873652413
0.873579445
0.873508207
0.873432934
0.873357687
0.873293351
0.873216967
0.873149961
0.873070789
0.873002499
0.872926436
0.872861389
0.87277943
0.872713044
0.872628107
0.872557842
0.872484402
0.872420571
0.872332647
0.872277444
0.872191726
0.872103818
0.87202888
0.871952138
0.871878629
0.871808423
0.871718056
0.871650371
0.871558142
0.871477761
0.871398936
0.871324544
0.871242751
0.871171592
0.871098545
0.871030806
0.870946078
0.870874402
0.870784908
0.870724756
0.870627644
0.870561313
0.870486061
0.870420362
0.870334125
0.870266879
0.870182968
0.870116241
0.870016321
0.869939724
0.869858234
0.869775846
0.869693867
0.869606684
0.869517213
0.869452528
0.869357735
0.869279617
0.869213111
0.869141126
0.869068795
0.86898449
0.868902961
0.868824541
0.868733826
0.868647018
0.868573711
0.868515283
0.868412377
0.868343868
0.868272261
0.868207583
0.868118076
0.868056923
0.867979448
0.867902718
0.867817836
0.867747003
0.867663648
0.867590886
0.867502571
0.86742587
0.867336115
0.867258225
0.867174814
0.867113249
0.867015484
0.866937318
0.866860013
0.866788641
0.866709232
0.866636194
0.866555434
0.866484088
0.866400587
0.866326718
0.866245943
0.866179135
0.866102043
0.866020979
0.865941613
0.865859303
0.865766379
0.865695287
0.865603497
0.865537868
0.86544592
0.865350878
0.865253094
0.865151969
0.865085405
0.865016328
0.864945013
0.86487844
0.864780757
0.864699257
0.864595797
0.86453753
0.864428653
0.864366527
0.86424377
0.864154353
0.8640836
0.864001158
0.863927068
0.863837622
0.863746535
0.863680723
0.863586111
0.863517689
0.863417617
0.863338123
0.863239076
0.863154245
0.863035899
0.862977585
0.862882118
0.862805392
0.862739741
0.862669076
0.862574747
0.862503552
0.862412978
0.862342414
0.862254781
0.862177715
0.862095989
0.86202719
0.861960512
0.861870794
0.861785104
0.861710722
0.861632461
0.86155711
0.861477528
0.861408666
0.861327051
0.861254116
0.861170429
0.861108057
0.861037992
0.860957343
0.860880144
0.860802592
0.860715467
0.860650778
0.860573133
0.860491255
0.860412502
0.860335129
0.860253664
0.860178416
0.860089478
0.860016428
0.859926094
0.85985374
0.859764856
0.859694806
0.859612127
0.859529701
0.859439356
0.859361003
0.859266449
0.859195463
0.859103423
0.859028634
0.858933566
0.858853731
0.858771601
0.858703124
0.858607795
0.85853068
0.858440673
0.858357095
0.858263435
0.858184328
0.85810071
0.858020539
0.857924459
0.857851552
0.857779948
0.85770806
0.857620449
0.857546851
0.857451246
0.857357195
0.857259295
0.857182696
0.857103412
0.857000896
0.856910306
0.856821943
0.856728947
0.85665711
0.856572439
0.856472248
0.856396033
0.856322341
0.856232921
0.85615655
0.856054863
0.855970708
0.855868288
0.855793838
0.855685628
0.855609463
0.855533716
0.855459717
0.855356985
0.855271829
0.855171301
0.855095019
0.855000653
0.854919839
0.85483168
0.854743325
0.854662281
0.854570713
0.854487674
0.854409202
0.854319863
0.854241404
0.85415021
0.854057465
0.853970912
0.853886916
0.853797825
0.853705865
0.853612046
0.853537548
0.85344547
0.853368074
0.853274617
0.853206255
0.85311786
0.853042676
0.85296082
0.852884035
0.852801808
0.85272286
0.852634627
0.852554328
0.852454625
0.852379434
0.852276243
0.852201521
0.852118272
0.852037722
0.851953252
0.851880357
0.851791823
0.851702373
0.851616626
0.85153971
0.851455757
0.851360662
0.851281749
0.851224144
0.851127202
0.851044283
0.850950786
0.850879865
0.850783537
0.85070787
0.850624674
0.850549924
0.850455315
0.850374593
0.850270627
0.850194255
0.85007703
0.849992834
0.849893752
0.849810385
0.849727839
0.849649562
0.849545953
0.849460254
0.849372861
0.849299166
0.849206226
0.84912664
0.849038776
0.8489609
0.848872762
0.848793326
0.848704608
0.848627042
0.848539897
0.848463173
0.848375038
0.848298442
0.848213421
0.848135227
0.848043587
0.847961185
0.847875898
0.847800252
0.847697941
0.847623377
0.847509459
0.847427485
0.847336852
0.847259917
0.847167878
0.847095551
0.846984122
0.846903552
0.846803211
0.846719323
0.846623238
0.846535792
0.846448866
0.846362054
0.846269205
0.846184399
0.846083531
0.846000537
0.845915575
0.845820781
0.845688051
0.845603122
0.845491367
0.845430038
0.84530782
0.845240519
0.845156986
0.8450568
0.844972143
0.844869961
0.844777957
0.844663477
0.844552339
0.844501675
0.84440417
0.844331129
0.844231449
0.844156743
0.844055423
0.843977257
0.843868784
0.843787591
0.843691546
0.843607096
0.843519422
0.843434095
0.843350079
0.8432725
0.843162354
0.843082253
0.842986722
0.842907082
0.842811298
0.842729122
0.842645869
0.842564664
0.842461683
0.842373497
0.842257199
0.842159541
0.842069558
0.841978608
0.841864988
0.841765523
0.84167652
0.841608289
0.841518138
0.841419355
0.841321745
0.841231935
0.841130194
0.841031923
0.840925617
0.840841386
0.840736319
0.840641852
0.840519553
0.840453149
0.840338612
0.840248248
0.840119948
0.840022325
0.839942726
0.839865731
0.839749146
0.839670237
0.839553083
0.839472765
0.839364685
0.839271867
0.839147071
0.839073777
0.838994716
0.838894438
0.838788027
0.838711946
0.838602416
0.838513645
0.8384039
0.838314966
0.83822128
0.838101361
0.838015689
0.837947615
0.837833945
0.837751243
0.837645793
0.837548462
0.837455503
0.837358257
0.83726491
0.837183255
0.837085837
0.836981182
0.836872086
0.836783941
0.836689552
0.836604741
0.836487369
0.836387141
0.836282021
0.836207692
0.836122167
0.836044509
0.835921669
0.835838204
0.835749666
0.835647981
0.835552233
0.835452912
0.835339965
0.835243991
0.835146875
0.835060854
0.834958264
0.834842695
0.834734426
0.834665192
0.834570044
0.834476306
0.834377296
0.834276647
0.834154685
0.834068204
0.833940508
0.833878299
0.833715274
0.833549744
0.833429753
0.833392132
0.833393655
0.832902952
0.832860792
0.832729498
0.832730749
0.832196415
0.832325706
0.832151846