% Model:              CMSL_AJB_O2_20210227_AdptLKR.mph
% Version:            COMSOL 5.5.0.359
% Date:               Feb 28 2021, 00:48
% Dimension:          1
% Nodes:              1208
% Expressions:        1
% Description:        Line graph
% cln1x                   Height
0                         0.9222978273875754
0.07644537880878488       0.9222978273230568
0.8127602615697924        0.9222978268645136
1.5333611862234306        0.9222978270598174
1.691313091440577         0.9222978269967295
1.8429681349171005        0.922297826982903
2.5419370262270036        0.9222978235759502
3.2174618005118987        0.9222978263667774
3.274558342129012         0.922297823879431
3.404895743775228         0.9222978234608412
3.955876995275162         0.9222978110658393
4.140306653069729         0.9222978082281214
4.689754130582742         0.9222977850415686
4.9906938820326445        0.9222977990365837
5.457047219396202         0.9222977900368263
5.655585384957362         0.9222977621781266
6.129825952080182         0.9222977171558897
6.526795916652645         0.9222976565917819
7.013540003992716         0.9222975653264979
7.396171616410868         0.9222973402317172
7.98464101751739          0.9222971498330872
8.354363779026244         0.9222969644469979
9.000420925930882         0.9222964066308899
9.443002490288109         0.9222959596176632
9.998298162578806         0.9222953344341931
10.467453214465024        0.9222947731954012
10.997184887368007        0.9222940564378102
11.423543391872272        0.9222933879683004
11.99901420936078         0.9222919541069173
12.474907543775771        0.9222909034132895
12.9889728045693          0.9222894624988205
13.468372678326318        0.9222879333123081
14.0151494739913          0.9222865706613284
14.464274135202345        0.9222848488974739
15.011120710228454        0.9222827010746393
15.462006218028478        0.922281051914997
15.996249183457735        0.922278371632276
16.45760037942813         0.9222761031583264
16.991022358406894        0.9222740808634587
17.387868124577608        0.9222713456908115
17.97390812048758         0.922267445770851
18.459738787339063        0.9222655491613154
19.015126087754936        0.9222620511192818
19.456953417825503        0.9222589612806481
19.99122301803868         0.9222542678804674
20.457522880578153        0.9222498319805792
20.991816970559114        0.9222453362697624
21.456958540726703        0.9222399522106814
21.992082734458506        0.9222341988803009
22.465177304545932        0.9222285311440039
22.99468565551541         0.9222217229376841
23.45601706578134         0.9222158212274563
23.991781244174263        0.9222083848581829
24.45108715582711         0.922202484306742
24.987735683116284        0.922195343278235
25.45481915394157         0.9221889265213512
25.989499946149294        0.9221816386094442
26.454353436130077        0.9221743459593408
26.987305351910095        0.9221656660647841
27.455936879918227        0.9221575030884994
27.98371566160165         0.9221486253287524
28.460673446828764        0.9221408624090779
28.986459129118657        0.9221310723656208
29.434175488268124        0.9221217530054138
29.98234061628682         0.9221088829646221
30.45698550812233         0.9220983738408676
30.98872887234228         0.9220870801455489
31.466293792747194        0.9220757320909139
31.985726064324012        0.9220639711349005
32.460581488074354        0.9220514217195723
32.98845594957436         0.9220369240066142
33.499963982363624        0.922026437536867
33.98755619883059         0.9220132804293051
34.4508611474314          0.9219974818847524
34.97375599796976         0.9219838358722597
35.433523469263946        0.9219673974614361
36.030909973715666        0.9219490003853754
36.49141286615696         0.9219381049638373
37.01697752822918         0.9219179161526557
37.48871948917213         0.9219010702388162
37.99714710422535         0.9218838441065447
38.46562238389396         0.9218682776544743
38.995657682003184        0.921850661925865
39.4594829601063          0.9218362745987843
39.97535304896587         0.9218176692669438
40.447898666307765        0.921799868311733
40.94794976231981         0.9217771525016929
41.45269734102067         0.9217569574878172
41.98986735275395         0.9217384745870101
42.450082874653674        0.921718698459315
42.9890934352357          0.9216931654438358
43.45798373806025         0.9216706928225411
44.014493317146815        0.9216538122452286
44.41013465787515         0.9216246873150961
45.039189791509386        0.921594283187545
45.419577315822835        0.9215864746168594
45.9517836630215          0.9215585985083276
46.430818837314405        0.9215363545270481
46.98057737818172         0.9215110815442628
47.43891133224773         0.9214867094166992
47.98868472333177         0.9214544404207028
48.483664945387005        0.9214331188662643
48.96861828489892         0.9214133521772594
49.44980538344299         0.9213863623324711
49.99164740172577         0.9213586841378804
50.44263051062799         0.9213380034421192
50.993197390963616        0.9213087786849787
51.45691129547126         0.9212855082673355
51.991035510655394        0.9212570724926646
52.45760323359596         0.921233464195961
52.99103794092318         0.9212054480140851
53.46998176026338         0.9211816576407879
53.98965312332709         0.9211523563250542
54.46449569876623         0.9211229941473624
54.98873717373891         0.921094515452334
55.46071529750509         0.9210638512488092
55.97994557701398         0.9210334204112438
56.5014107003019          0.9210075639499697
56.98917752660276         0.9209786637053566
57.45927018372345         0.920948407417706
57.96441676910541         0.9209163232058089
58.45811119115052         0.9208829573371632
58.97699945457083         0.920850782303987
59.461074000348844        0.9208133945206525
59.98269371781589         0.9207786290851961
60.52304041236175         0.9207505123324684
60.99924531228811         0.9207206213428705
61.459346302326026        0.9206870457783405
61.96819794805447         0.9206532108414887
62.47341238404846         0.9206210804402934
62.98622994912057         0.920587183526206
63.457682705356206        0.9205541349729665
63.99105189502359         0.9205179754266358
64.45768715615668         0.9204885319875852
65.00329127792327         0.920453137262353
65.45890950807319         0.9204241565272346
66.04322665172725         0.920388961079769
66.46288717513107         0.920363247500459
66.99105464832667         0.9203179244264359
67.45631318986682         0.9202861060409685
67.98378545437663         0.9202470636413466
68.44829493470456         0.9202086821866227
68.99859810087469         0.920179027592536
69.42946540451305         0.9201577236264245
69.99352637339246         0.9201122196102638
70.42626308437178         0.9200797418298043
70.99151590523553         0.9200338199063085
71.45771301639945         0.9199970640890585
71.97241865834104         0.919952090216091
72.42126092465628         0.9199054630127466
73.02958623085601         0.9198709032402456
73.44704349161344         0.9198469073759352
73.9993910656134          0.9198076061009332
74.42935210695066         0.9197766309453534
74.9882889069367          0.919730479789442
75.43677127134242         0.9196950234502297
75.98666799450729         0.919651933911471
76.42782936332429         0.919616467509381
77.02135639867714         0.9195701173748848
77.46056789808563         0.919530041804738
78.02338308213194         0.9194777583550313
78.46075874005152         0.9194447683556314
78.99498492127509         0.9194077405090757
79.39112415035277         0.9193778509629291
79.99273073616695         0.9193211510252844
80.45086680501265         0.9192848952019468
81.02224203457922         0.9192415239649275
81.46065278567045         0.9192071290397406
82.02085216524421         0.9191528911848373
82.46052223059792         0.9191154503066139
82.99366190831842         0.9190806351254633
83.39156668705658         0.9190469287279456
83.99137135937207         0.9189901752231435
84.44276629072874         0.9189487060165424
84.99105836031458         0.918900217235318
85.46060442619762         0.9188609022241456
86.00955454147282         0.9188143834585154
86.45267276390007         0.9187676264831923
87.03934353718859         0.9187214154382326
87.44926522137337         0.9186796222240186
87.97237324519335         0.9186180143621733
88.54438952961164         0.9185754096949292
89.0270039971989          0.9185452714122604
89.43604602990285         0.9184953461907168
90.05287370054725         0.9184462496761037
90.44075791480816         0.9184183741837512
90.98361585740713         0.9183604607733817
91.45561317221859         0.9183209075762571
91.9615635584542          0.9182821905751772
92.43944086785154         0.9182441207316958
92.97457731108403         0.9181931275017887
93.45204878335767         0.9181549855969872
93.98494554759816         0.9181096266489753
94.43810425388483         0.9180653162069754
94.97841903163771         0.9180206503054816
95.39639384410799         0.9179910016226651
95.99400128187733         0.9179361319944519
96.44287873649739         0.9178972047857896
97.02248489452461         0.9178517651461805
97.4233900579751          0.9178133468049101
98.05526000890058         0.9177615580603177
98.46066129239352         0.9177253949894422
99.01587840049876         0.9176708171647133
99.43062801729718         0.9176444968339388
99.98622496287459         0.917597022712145
100.42366595032638        0.9175612475760291
101.02421174210622        0.9175100066016298
101.46084539255543        0.9174724824042502
102.02330385825758        0.9174171165162051
102.46075987428901        0.9173772833802363
102.99485024070498        0.9173380857514317
103.3934355389132         0.9173016864282622
103.99273229019082        0.9172400297432819
104.45087309134544        0.9172004445026651
105.02421174116279        0.9171531727050982
105.46084539342212        0.9171131709682867
106.02330385772586        0.9170558978047691
106.46075987478451        0.9170137690211262
106.99393287741202        0.9169731335200191
107.40918929553163        0.9169340207011554
107.99418481503687        0.9168775486635601
108.44575184396928        0.9168402604194337
109.01961021913735        0.9167955456375403
109.45545478936049        0.9167573152926896
110.02161344345745        0.916706698041373
110.4621978411709         0.916668677127378
110.99139295335698        0.9166175604026273
111.43340506813934        0.9165797636093496
111.99138826141376        0.9165327613943436
112.43374698520773        0.9164949829997069
112.99217091170277        0.9164486428374875
113.43013755660166        0.9164096336701464
113.99105925744198        0.9163565961714157
114.45772257328576        0.9163154561189413
114.98838571323938        0.9162738025274919
115.42840765913456        0.9162346438239625
116.00746049229139        0.9161814334851486
116.45185533674328        0.916140850785597
116.99726481429946        0.9160919736867051
117.45598356572953        0.916048223496815
118.01019579787373        0.9160008744405821
118.46057008740331        0.9159567623702065
119.01227208302055        0.9159063702100129
119.47612937348174        0.9158688501975794
119.98891412817238        0.9158174880844931
120.49045264078632        0.9157752438951794
120.98912886755318        0.9157300532780351
121.48652322026771        0.9156815213745435
121.99489805281843        0.9156349885409952
122.45772257328571        0.9155873871419759
122.99105925744135        0.9155382779005242
123.45772257328565        0.9154947656958459
124.00748512454527        0.9154437954174938
124.47607161348935        0.9154012391854605
125.00567693365804        0.9153554128488073
125.45998221559773        0.9153126345213527
125.9910592574413         0.9152623118066444
126.45772257328565        0.9152196041153593
126.9910592574413         0.9151697409610561
127.45772257328565        0.915125050669509
127.99030536194857        0.9150762904500728
128.44570676630042        0.9150322734664302
129.00359566118823        0.9149798110024976
129.4534121257425         0.9149353281034991
129.99105925744124        0.9148813134798109
130.45772257328548        0.9148384124526286
130.99105925744118        0.9147872072361809
131.45772257328542        0.914743326311394
131.99039214618801        0.9146932837059351
132.447089958908          0.914650349713265
133.00419098270714        0.9145976017910801
133.45320743369268        0.9145536424135248
133.99105925744118        0.9144988043362066
134.45772257328537        0.9144529507317782
134.99105925744112        0.9144009865533963
135.46522164713684        0.9143553652053915
135.99073749441231        0.9143054310997529
136.47410927773865        0.9142620398098471
137.003622882777          0.914211249236767
137.46154853982273        0.9141585788528888
137.9918567732954         0.9141045081381857
138.4929752989221         0.9140611947223021
138.99473745423546        0.914012204026424
139.4538146761625         0.9139677369178578
139.95386387732805        0.9139135924173885
140.46656081234835        0.913859566468159
141.003001476465          0.9138109445671602
141.46185398637033        0.9137639404283504
141.99105925744084        0.9137034234281087
142.433384920952          0.9136531446250898
142.98390762666043        0.913607477783271
143.42077785782863        0.9135659759458731
143.98618879583415        0.913501305243909
144.44013027163578        0.9134516622603537
145.0074783973099         0.9133926327354949
145.46396865669317        0.9133410334378967
146.0481212198714         0.9132855536287054
146.47718696501317        0.9132462861605621
146.98998992116333        0.9131895544318678
147.47711543361504        0.9131416233265202
147.98568980092773        0.9130930098428758
148.44719763956607        0.913041304341173
149.00338368812606        0.9129854420484719
149.45348500938383        0.9129384735525339
149.9910592574406         0.9128807101627884
150.45772257328497        0.9128306516909875
150.99105925744055        0.9127749714048098
151.45772257328497        0.9127299405139757
151.9903054387746         0.9126756059246129
152.44341216667215        0.9126308756433834
152.97399827626413        0.9125668810254749
153.4517395999476         0.9125038192288973
154.07351456049605        0.9124487022592173
154.46654445683254        0.9124135975551068
154.98833881835577        0.9123445950018182
155.46544857437812        0.9122965386778801
155.96456428769648        0.9122546839937022
156.43842820470445        0.912206272576692
156.99171105567615        0.9121498866887691
157.45464434529367        0.9121039347877008
158.00808025352183        0.9120446721061207
158.46393085365105        0.9119961690461034
158.98120587921227        0.9119475415233773
159.40950158234313        0.9119052456380274
159.9953750601752         0.9118376786249074
160.4564808099567         0.9117922412323946
161.00554060410195        0.9117394519625867
161.45669490125243        0.9116935636010158
161.99105925744027        0.9116398662180618
162.45399018518253        0.9115940143210208
162.9712311137667         0.9115435204362438
163.44379740666716        0.9114880126124378
163.9938815939754         0.9114319642968697
164.4474124167793         0.9113876832906986
164.99105925744027        0.9113253318718306
165.4577225732845         0.9112781610256477
165.99105925744016        0.91122554364361
166.4577225732845         0.9111782522904004
166.99105925744016        0.9111267447019374
167.45772257328446        0.9110813433049636
167.99771248721186        0.9110248027988764
168.46717196567005        0.9109776338803215
169.00887885421923        0.9109281177630288
169.46106783299285        0.9108857900904594
169.99105925744004        0.9108279877914369
170.45772257328434        0.9107823892852644
170.99105925744004        0.9107276714400799
171.4577225732843         0.9106819195360119
171.99105925743999        0.9106274700575714
172.4577225732843         0.9105794392199724
172.99105925744004        0.9105199941928177
173.45772257328417        0.910471461342127
174.03122583178572        0.9104171328686137
174.4607388097162         0.9103712830568249
174.9910592574402         0.9103065221400196
175.45772257328395        0.9102555427756492
175.99105925744067        0.9102024862711567
176.47448715894006        0.9101542107869418
176.98860683610928        0.9101056580679412
177.44593867996826        0.910054989113266
177.9888905438661         0.9099979770529282
178.4453295897589         0.9099500510125391
178.99105925744556        0.9098875830783992
179.4577225732869         0.9098387809523258
179.99105925744846        0.9097763641743214
180.45772257328952        0.9097262470747988
180.99105925745158        0.9096733259028745
181.45772257329259        0.909623519839687
181.99105925745414        0.9095705221341986
182.45772257329554        0.9095199264025233
182.99105925745573        0.9094652310018873
183.46302576151322        0.9094197325964619
183.9764598930695         0.9093682241245917
184.4750327674921         0.9093147945410207
184.98961512787236        0.9092627599626218
185.4651441120498         0.9092142502725982
185.9984698620296         0.9091672184401177
186.4631048655463         0.909113488437734
186.9917973327489         0.9090559395181461
187.43600850353096        0.9090121089620924
187.99105925745567        0.9089484528654356
188.45772257329946        0.9089019160137448
189.00838984652927        0.9088504486405297
189.45227993333896        0.9088047315116113
189.99105925745545        0.9087432787955608
190.4577225732993         0.9086914125659896
191.0115867829914         0.9086349849310232
191.46180899975622        0.9085824659095003
191.99105925745533        0.9085196186550092
192.45772257329912        0.9084691985404929
192.99105925745528        0.9084053360842795
193.44700099454377        0.9083627341767881
193.94364894125948        0.90831192027262
194.47100401505998        0.9082512757645611
194.98968217794413        0.9082028456263582
195.44115139780592        0.9081521198942442
195.99207127962995        0.908094213366616
196.43781283168147        0.9080478649691719
196.99105925745488        0.907984258795031
197.45772257329878        0.9079330527590208
197.99446407745103        0.9078794185726909
198.44731104626146        0.9078334480074861
198.9859779688257         0.9077744227716028
199.4666256207592         0.9077295412490569
199.9700837088966         0.9076749483639576
200.47902008678284        0.9076182581853225
200.97605275799407        0.907552393914704
201.4895841536494         0.90748209086327
201.99105925745448        0.9074321012476652
202.45867568399456        0.9073891390866431
202.95700099290866        0.9073162742717114
203.46417292875935        0.9072604524856485
203.96624947013623        0.9072206985502195
204.4516156497309         0.9071668700228203
205.00794527596656        0.9071088106250661
205.46200164815673        0.9070538227326832
206.01248896032837        0.9069992981510169
206.45626590927992        0.906952035923686
206.99060430399345        0.9068964382214909
207.43406960082638        0.9068454714631176
207.9910592574539         0.9067824176715712
208.447892207201          0.906733255665474
208.9438795819492         0.9066832919317435
209.45772257329764        0.9066258380253298
209.9910592574538         0.9065695784285492
210.45772257329753        0.9065232416241606
210.99105925745368        0.9064657164325164
211.45772257329747        0.9064178944706585
211.99105925745368        0.9063558334067915
212.45772257329742        0.9063074442350674
212.9632528388849         0.906240840603627
213.46088137311563        0.9061830315167136
213.99105925745351        0.9061274385123669
214.42231066866992        0.9060677318983623
214.9909850166482         0.9059937900917228
215.51155582076774        0.905955174082275
215.99265942463416        0.9059048818415446
216.4577225732972         0.905848047735589
216.9865679625787         0.9057989975023846
217.41935107964173        0.9057527269099515
217.99046857204758        0.9056871331086602
218.45079875281192        0.9056399854435755
218.9777774542353         0.9055883221613815
219.44265340149815        0.9055357818627932
219.991059257453          0.9054741593373551
220.45772257329685        0.9054211656586773
221.01496010875155        0.9053637206071653
221.45505326387877        0.9053146597370914
222.03345849573827        0.9052517362747722
222.46276088654417        0.905206483596881
222.99105925745272        0.9051423374510285
223.45772257329656        0.9050920592332723
223.99105925745266        0.9050367550372865
224.45772257329645        0.9049870505669122
224.99105925745255        0.9049288392084658
225.4577225732964         0.9048783142804981
225.9910592574525         0.9048175653242271
226.45772257329634        0.9047683520488707
227.02336440600004        0.9047117518612673
227.4546591042003         0.9046662732306496
228.02251197131994        0.9046052737137289
228.4547399398383         0.904558829248731
228.9910592574522         0.9044943444315826
229.45772257329605        0.904439240194471
229.99105925745215        0.9043803004706809
230.45772257329594        0.9043246300243204
230.99105925745204        0.9042657250690229
231.45772257329588        0.90421296306199
231.99105925745198        0.9041546952457229
232.4577225732957         0.9041033259322199
232.99105925745192        0.9040440964743646
233.45772257329565        0.9039911403485388
233.9910592574518         0.9039296293978706
234.4577225732956         0.9038748126560289
234.9974074555343         0.9038210809502781
235.43766135995128        0.9037680610041835
236.01199700805358        0.9037023651747237
236.4592353722133         0.9036519240469918
237.00929284268585        0.9035908604719991
237.47202384467852        0.903545527448906
237.9939420934283         0.903483172606084
238.45436517661375        0.9034318001183941
238.9651077283189         0.9033735999875416
239.45772257329526        0.9033122454106925
239.99105925745135        0.9032508776395846
240.45772257329514        0.903198234270904
240.99294687599627        0.9031408979879488
241.4324283799067         0.9030893503464532
241.99262298011558        0.9030153099654682
242.4747744573756         0.9029659774430834
242.98836463649786        0.9029199107205235
243.47438469276665        0.9028672022314633
243.98165764849432        0.9028097284366773
244.46182300211086        0.9027533876171381
244.97630314021956        0.9026960382263798
245.4692694250262         0.9026380411595508
245.99224363718412        0.902578464133502
246.4577225732947         0.9025175042297758
246.9910592574508         0.9024534983731698
247.46180157999743        0.9024016069233005
247.9913594618289         0.9023365754263207
248.45570697095985        0.9022867424676542
248.97298907946043        0.9022338152878786
249.42430534973084        0.9021787532202362
249.9946918769271         0.9021096089285996
250.44387092555377        0.9020627503459331
250.9786997520049         0.9019951841516638
251.45519099118206        0.9019393751781895
252.0145895053069         0.9018741471917647
252.4392189753837         0.9018238242874523
253.0304734451194         0.9017581660199427
253.43750032824164        0.9017134652228527
253.98105226352862        0.9016525986076874
254.3892581371278         0.901608847887309
255.0208399425647         0.9015347438469081
255.45984561686288        0.9014855992997928
256.01426794908036        0.9014237471048376
256.4468072729809         0.9013730182115278
256.99105925744993        0.9013042468972755
257.4577225732937         0.901248897682075
257.9910592574498         0.9011873705588896
258.45772257329367        0.9011317160901874
258.99105925744976        0.9010723030808436
259.4585808880951         0.9010225395913078
259.9714129590841         0.9009632247783672
260.45857231981216        0.900901599805872
260.9716090818108         0.9008478158716171
261.4575577015956         0.9007807854805086
261.9826835761355         0.9007190119719257
262.4908140280381         0.9006673218537762
262.99644904316625        0.9006094414539035
263.45772257329327        0.9005502677096823
263.99979064141326        0.9004940463009107
264.43412043941134        0.9004432613514787
265.0240396718987         0.9003751325710444
265.454575855097          0.9003199172767298
266.0198130263592         0.9002517069899663
266.44574995121263        0.900207661079836
266.97913889320245        0.9001306955773429
267.4612459913644         0.9000796933443536
267.95689404330346        0.9000183279751169
268.46214912426115        0.8999502109287387
268.9920472986279         0.8998879873400548
269.47794933283456        0.8998342240982484
269.9934642826674         0.8997731570872651
270.4739816458317         0.8997200571540158
270.9859611045398         0.8996657108739844
271.46928539052755        0.8996113236659857
271.98770219302406        0.8995537693182258
272.46720541803217        0.8995005415814008
272.98830607714024        0.8994400490179135
273.46460430096806        0.899384741667809
273.98937596095834        0.8993300260731661
274.41941806726777        0.899274623700673
274.99075825615466        0.899204256104301
275.4258111724729         0.8991540695842398
275.9915306070181         0.8990767753816532
276.45772257329224        0.8990264563332913
276.9910592574483         0.8989648712260592
277.4577225732922         0.8989107039055253
277.9910592574482         0.8988519654021189
278.4610583858416         0.8988003770200763
278.98010666417184        0.8987425472855156
279.457722573292          0.8986816239911444
279.99105925744806        0.8986165520501448
280.4647938937066         0.8985589822989231
280.9905504202415         0.8985005336203374
281.47253981505463        0.8984465730880538
281.99522034247263        0.8983922712761019
282.4388457864437         0.8983353908085943
282.9977811690259         0.8982699676265454
283.44661478442447        0.8982119594334919
283.99937025258373        0.8981383251649458
284.4763659372411         0.8980867112727536
284.9844434674851         0.8980258729662645
285.4304424613059         0.8979639403622477
286.0493244917489         0.8978956621133872
286.44310990957894        0.8978598826086142
287.07463431354967        0.8977884403169911
287.4650703742021         0.8977443036958828
287.9910592574473         0.8976618325251238
288.4577225732912         0.8976025023002436
288.9910592574473         0.8975392051969161
289.4577225732911         0.8974807753805504
289.9966710511189         0.897414075050596
290.4581459756832         0.8973651783519799
290.95768295384295        0.897310301248205
291.45772257329094        0.897237448572125
292.00869750939194        0.8971818172625246
292.4479931365202         0.8971258924740397
293.0029759079294         0.897055364109562
293.43529195345303        0.8969959326739321
293.9979358145842         0.8969288313374418
294.45499909808956        0.8968941080829331
294.96463319854547        0.8968357277555516
295.4577225732906         0.8967663252668991
295.9910592574467         0.8966992257096168
296.4848415986596         0.89665264667822
296.9792025527129         0.8965845999583892
297.4586411147657         0.8965140481957217
298.02668634685006        0.8964312757704215
298.4608835739945         0.896367539891562
299.0303906282406         0.896306502181203
299.35883617978624        0.8962843793948545
299.9842771216024         0.89619642823974
300.4578936986619         0.8961322341719988
301.0087384945772         0.8960733182277429
301.45238161911163        0.8960199239933939
301.99105925744624        0.8959525652872191
302.45772257329           0.8958982381356493
303.0040480719222         0.8958399586293182
303.4565260077548         0.8957859672566397
303.9979239795891         0.8957259595431827
304.44060533042955        0.8956745964143822
304.991059257446          0.8956046046021493
305.4577225732898         0.8955477541726833
305.9910592574459         0.8954877941686157
306.4577225732897         0.8954300460148128
306.9910592574458         0.8953696182731758
307.4408088423372         0.8953106131529911
307.9790944593595         0.8952495995158176
308.4521856405023         0.8951964852118584
308.96699296960446        0.8951373679315611
309.47071683735925        0.8950788096095424
309.98484663986574        0.8950204719630316
310.47902221163355        0.8949633680342461
310.9868070265863         0.8949036432783404
311.46993506811333        0.894844264662843
311.9865458035148         0.8947827786322162
312.4692323356454         0.8947247864218315
312.9868055170839         0.8946643198454983
313.4577225732892         0.8946036930441608
313.9910592574453         0.8945405442651372
314.45772257328906        0.8944866054728812
314.9910592574453         0.8944216207374319
315.45772257328895        0.8943686255712039
315.99105925744516        0.8943015362197926
316.45772257328895        0.8942478926789708
316.99105925744504        0.8941794827135319
317.45772257328883        0.8941219939608788
318.0009116562678         0.8940587789150813
318.4588644918367         0.8940050594176755
319.00449973144976        0.8939288394209
319.4766655013185         0.8938713008060872
320.0079042678617         0.893821953644318
320.45084971710116        0.8937666333911072
320.99223324379284        0.8937022467033973
321.44077913579906        0.8936474227688789
322.00331080666535        0.8935772050658906
322.4672152142314         0.8935261533978465
323.00690887768485        0.8934626345499227
323.46007892098453        0.893400282673293
323.9959541102045         0.8933276289047255
324.4571360174866         0.8932729422321315
324.9803575170125         0.8931970195855959
325.482501646512          0.8931389100832792
325.9814232662693         0.8930772611845781
326.47157611034595        0.8930104936874739
326.999995050042          0.8929590163487596
327.45912571218037        0.892903629385267
327.99105925744414        0.892833313498919
328.4577225732879         0.892775621547807
328.99105925744414        0.8927071295284583
329.4577225732879         0.8926499941157584
329.9910592574439         0.892574714289031
330.4577225732878         0.892514160266884
331.05333850886484        0.892465566649064
331.4573060403469         0.8924160114800288
331.9870181967533         0.8923342444372515
332.4198834826253         0.8922806710663156
333.0311769609357         0.8922026815449875
333.45198950045767        0.8921464857393793
333.99105925744357        0.8920577040755219
334.4723372471417         0.8920043996283626
335.0055770635339         0.891935902931276
335.48446140085673        0.891871649852107
335.9913263919607         0.8918050328330377
336.45772257328724        0.891741045383721
336.98778661102426        0.8916866610497878
337.4234049714215         0.8916307321797227
338.0096142068319         0.8915551395512858
338.45207146280075        0.8914959546108485
338.99105925744334        0.8914171344926987
339.4596408488402         0.8913633694854652
339.96929497301653        0.891297716143106
340.46133390753585        0.8912271838580244
340.95223093950926        0.891148612990817
341.47959471655577        0.8910724161263737
341.9946787733917         0.8910069232683026
342.5083359866695         0.8909380828984523
342.99702217867457        0.8908995235663778
343.4485840732167         0.8908410816993502
343.96655951802074        0.8907665425848892
344.46533037658287        0.8906999462781788
344.9633002821947         0.8906438120772452
345.41366165772183        0.8905654607886381
345.9845343403092         0.8904843494940868
346.4334669288729         0.890435690217919
347.00908091343683        0.8903627078071172
347.4497909496889         0.8903057993800941
347.9942221912702         0.8902145803310141
348.4764824758065         0.8901572274907181
349.0118031666832         0.8901066088140154
349.4554819918566         0.8900549179838007
349.99105925744254        0.8899749514727393
350.45772257328633        0.8899148082950443
350.9853641050586         0.8898531784966585
351.4235578115067         0.8897993633106255
351.99105925744243        0.8897151684079058
352.4577225732862         0.8896562850183147
352.99043790015673        0.8895979788977129
353.4387778602012         0.8895415343385762
353.9910592574423         0.8894635843240881
354.457722573286          0.8894022712647118
354.9880207349303         0.8893202718932427
355.45547532505464        0.8892584617865285
355.9771236623783         0.889207832697538
356.4338411566307         0.8891514714570063
356.9748366531687         0.8890846069359256
357.4299511681928         0.8890168391388564
357.99105925744186        0.888933672741429
358.45772257328554        0.8888722732356491
358.9763357280294         0.888807106413405
359.4598342149309         0.8887474836036008
359.99153452517555        0.8886839376273967
360.4577225732854         0.8886131427403196
360.99105925744163        0.8885438428738478
361.4949515279427         0.8884928211409628
361.99385611164075        0.8884292997244464
362.4582392226023         0.8883611201113455
362.9746451544254         0.8882953347710071
363.4690464427531         0.8882287897656417
363.98829201850674        0.8881609160191494
364.4577225732851         0.8880943618872206
364.9910592574413         0.888022294626576
365.4577225732851         0.8879663287384785
365.9910592574412         0.8878968292063275
366.45772257328497        0.8878369339644652
366.99105925744107        0.8877651746541971
367.45772257328485        0.8877062192231058
367.9888616641156         0.8876431917384969
368.43223795045344        0.8875875430412083
369.0159065640655         0.8875111909162112
369.4551975251758         0.887453259920321
369.99502927809556        0.8873698228513955
370.45626504833535        0.8873071057521382
370.9964539798316         0.8872460293515062
371.43391700985137        0.8871842893511381
372.01744828586163        0.887103659295121
372.4766193873602         0.8870478342642271
372.9922011700578         0.8869737751921852
373.4431211701974         0.8868987355708113
373.99987295483663        0.8868295944725632
374.45463222134515        0.8867688011465478
375.00470639668674        0.8867024992796533
375.43260538587003        0.8866545773259311
375.9920638680485         0.8865704825519232
376.4447363033495         0.8865164956273196
376.99138746544315        0.8864378301686596
377.45772257328406        0.8863756060026777
377.99105925744027        0.8863082221965505
378.45772257328406        0.8862488389567589
378.99105925744016        0.8861777213490999
379.45772257328395        0.8861166163108882
379.9935554320575         0.8860568926811896
380.4350863636929         0.8860001721003257
380.9928203511531         0.8859286379358559
381.4290748150669         0.885871541301836
382.0167845895862         0.8857943437600397
382.44533098677573        0.8857398274345545
382.9910592574398         0.8856456345058443
383.4577225732835         0.8855812931060336
383.99696692987675        0.8855190302794074
384.43765111043706        0.8854603795906445
385.02544920580226        0.8853813826365146
385.46102171364873        0.8853217507451367
386.01773089666995        0.8852443977737168
386.4462144373746         0.8851838793487817
386.9910592574395         0.8850940725569778
387.45772257328326        0.8850244506105978
387.9910592574395         0.8849562324720461
388.45772257328326        0.884886375359029
388.99105925743936        0.884812161363806
389.43974678311645        0.8847224250966633
390.01005075167086        0.8846411841711754
390.45305276523413        0.8846009650268836
390.95840610166886        0.8845053917551124
391.48230994664755        0.8844342061447787
391.96792328608706        0.8843898962890093
392.484753473889          0.8843263301367141
392.9784838838407         0.8842643612164549
393.48122303584137        0.8841918816496508
393.98012632180667        0.8841237635413995
394.45120253292134        0.8840525467369622
394.9517344793104         0.8839805106712587
395.4577225732827         0.8838988126206337
395.9856969630432         0.8838317466063852
396.431104183602          0.8837769292480342
396.98650438586776        0.883679679140141
397.45954995870056        0.8836164266233073
398.0210422293195         0.8835571490127027
398.4608475887601         0.8834932661566576
398.99659286597546        0.8834099976165439
399.47282285220774        0.8833541946743015
399.99342745566696        0.8832871420650756
400.45542570115026        0.8832177958850433
400.99158663769606        0.883144051761869
401.45772257328224        0.8830804973814681
401.99105925743834        0.8830073955110574
402.4577225732821         0.8829438109715089
402.99105925743834        0.8828656394908647
403.457722573282          0.8828000269733507
404.0209709349833         0.8827293462415896
404.4568632700325         0.8826601816995503
405.06223071113163        0.8825828624281249
405.4561259021058         0.8825388589098222
405.9910592574379         0.8824403309836492
406.45772257328167        0.8823739534540536
406.9910592574379         0.8823059944461805
407.45772257328167        0.8822411554675919
407.9910592574379         0.8821714043299694
408.45772257328156        0.8821064817948312
408.99105925743777        0.8820351910368623
409.45772257328156        0.8819677783339815
409.99105925743777        0.8818980103104787
410.45772257328144        0.8818269051112431
410.99105925743766        0.8817542361742504
411.494990641952          0.881703644865308
411.994046187762          0.8816380207664458
412.4764221009774         0.8815645674260424
412.9840888523345         0.8814976963796894
413.4552285117287         0.8814177561288534
413.9890955308707         0.8813411985997768
414.45772257328144        0.8812782244346409
414.9910592574372         0.881199632259679
415.4512035323081         0.8811462841229654
415.95738008429487        0.8810603862170435
416.48911318952116        0.8809779027710664
416.9559897582109         0.8808999425756637
417.43319929391964        0.8808162349427638
417.9783523656099         0.8807594136960533
418.44182908607877        0.8807003338736994
418.98668918309295        0.8806430180936529
419.4078077431692         0.8805849124544451
420.01491353441713        0.8804930319917305
420.44112385142716        0.8804170575497354
421.03763277655275        0.8803262114629339
421.434004901776          0.880279210432146
421.99618762903765        0.8801710718319493
422.4577225732935         0.8801179915483446
422.98797036034057        0.8800114773743452
423.4986856615151         0.8799309506068529
423.99120145630366        0.87988905271295
424.43106287470687        0.8798220417161291
424.97216214586194        0.8797561189067249
425.4499756834417         0.8796828879562206
426.00051121723914        0.8796072612690296
426.4588213605523         0.879546569017368
426.9721343995059         0.879466749411322
427.4605332436655         0.8794034753702062
427.97963269519823        0.8793398096540995
428.43195022803377        0.8792635764232688
428.983750907992          0.8791833037618214
429.4408724664461         0.8791082093249127
429.9952584579994         0.8790189086455552
430.46494785813206        0.8789752469648753
430.9915957280506         0.8788913815099716
431.4579158931439         0.8788265324402353
431.9829480678993         0.8787770213735225
432.40704806437475        0.8787187854201768
432.9883850539354         0.8786254177084301
433.4266347020923         0.8785632911235504
434.0103865582016         0.8784786788099948
434.4572261648053         0.8784180920581133
434.9905767433388         0.8783311904818887
435.458702733634          0.8782584348938332
435.9859972493299         0.8781871697131053
436.45078245306934        0.8781266989164543
436.97630133460177        0.8780679493512136
437.4615946974051         0.8779852396550902
437.99105925744993        0.8779053500940128
438.4577225732934         0.8778416598350023
438.99105925744993        0.8777705645613769
439.4577225732934         0.8777051034755499
439.99105925744993        0.8776280675353175
440.45772257329327        0.8775636968594869
440.9910592574498         0.8774879782630414
441.45772257329327        0.8774201766586831
441.9931477094408         0.8773407455998264
442.46557166363425        0.8772796941255168
442.9713073530504         0.8772113000125099
443.48021739393596        0.8771361617368946
444.01196163234715        0.8770704102237935
444.46295071686336        0.8769953310422416
444.9901830886389         0.8769081401187591
445.4583522396928         0.8768475179221874
445.97873801601054        0.8767739961147183
446.45772257329304        0.8767007280576418
446.9910592574497         0.8766228728273449
447.4440071966976         0.8765578088372581
447.9958703380822         0.8764837170857802
448.4395379118132         0.8764214879038699
448.97491747029983        0.8763383624233152
449.4560161927013         0.8762732810040998
449.99541194157837        0.8761930383708134
450.4676477385498         0.8761285300762534
450.9919838360721         0.8760545799634706
451.4762819686416         0.8759892993304954
451.9929359850029         0.875919467253045
452.4577225732928         0.8758446581385829
452.9910592574495         0.8757696474640263
453.4577225732928         0.8757066618277788
453.99105925744936        0.8756284598976235
454.4577225732928         0.8755651360957921
454.99105925744936        0.8754858318787704
455.4577225732928         0.8754212517345421
455.9705545001889         0.8753372437346335
456.44152705683746        0.8752703238611088
457.0172127602103         0.8752010771333898
457.4612337644886         0.8751386395860514
457.99105925744925        0.8750487213268932
458.4577225732926         0.8749797553214611
458.99105925744925        0.8749046701494312
459.4577225732926         0.8748372146126442
459.99105925744914        0.8747600901609038
460.4577225732926         0.8746890901282118
460.99105925744914        0.8746085841308731
461.4577225732926         0.8745369313425643
461.991059257449          0.8744486629238201
462.45498487885175        0.8743844648990491
462.98531758692366        0.874327671476605
463.4471077381529         0.8742610166294136
463.9958965077352         0.8741755368289899
464.4506931626938         0.8741066374178078
464.9846106508503         0.8740112746270765
465.4591747517733         0.8739219998340504
465.9908082409962         0.873845068157523
466.45763768756535        0.8737860513902453
466.97061977168664        0.8737159166304226
467.4529163667679         0.8736323705261733
467.9892242457008         0.8735586458070638
468.45308229799593        0.8734934128827896
468.99249897338746        0.8734006846272546
469.48311749895356        0.8733309006727441
469.98487496756013        0.8732458704572607
470.4740958001712         0.8731548433421539
470.9910592574487         0.8730920918843453
471.457722573292          0.8730292130006021
471.9910592574487         0.8729511545147735
472.457722573292          0.8728876680404194
472.99105925744857        0.8728085995298022
473.457722573292          0.872742138393308
473.99105925744846        0.8726617039525901
474.457722573292          0.8725959970416971
474.99105925744857        0.8725118186895756
475.457722573292          0.8724417949950356
476.0123217841858         0.8723706566188543
476.45671961248433        0.8723060680836797
476.9944201730825         0.8722117428054436
477.46263751494007        0.8721431803876336
477.99105925744857        0.8720654784383921
478.4577225732918         0.8719978534063085
478.99687793717953        0.8719215217508453
479.45716980558007        0.8718553504935005
479.99105925744846        0.8717766848539449
480.4577225732918         0.8717069565043605
480.99105925744834        0.8716334669859177
481.4577225732919         0.8715637614421126
481.99105925744834        0.8714887261998975
482.4577225732918         0.871418793177551
482.99105925744834        0.8713429900615802
483.4577225732918         0.8712720322933061
483.99105925744834        0.8711951942418393
484.4577225732917         0.8711240252351742
484.99105925744834        0.8710456223984415
485.4577225732917         0.8709751859784856
485.9910592574482         0.8708958672247195
486.4577225732917         0.8708270442306132
486.9910592574482         0.8707461504250751
487.4577225732917         0.8706737645119602
487.9910592574482         0.870590880206962
488.4577225732917         0.8705159294988449
488.9910592574482         0.8704362336815382
489.46144892169104        0.8703733004757674
489.9780721937566         0.8702973734744563
490.4876783722236         0.8702249066961216
490.9942777863696         0.8701501281332643
491.4823244265332         0.8700736917743774
491.9937025445246         0.8699990984210609
492.45772257329145        0.8699151726067003
492.991059257448          0.8698323303736128
493.45772257329145        0.8697624389764138
493.9910592574479         0.8696752807557571
494.45772257329145        0.869599266619409
494.9987126098729         0.8695127333931265
495.48126206609527        0.8694530913519429
496.00308000833616        0.8693740130648573
496.47824939247255        0.8693016352428149
497.0083874643361         0.8692242698618866
497.45873403029816        0.8691557781417458
497.9716619153571         0.8690632542609561
498.4607039710685         0.8689738453227409
498.9814094217264         0.8688891909562194
499.4667573387568         0.8688168958698991
499.9681441425232         0.8687299818505303
500.4577225732912         0.868623004543938
501.00078831845565        0.8685584004633439
501.45239774033007        0.86850413848873
502.00763660773055        0.8684085260706585
502.46134217384963        0.8683199709867839
503.01144574127807        0.8682300728374389
503.4609830196056         0.8681684079085481
503.99105925744766        0.8680650383245366
504.4577225732911         0.8679954758447798
504.99021170544734        0.8679219807856268
505.4312813211973         0.8678567261484891
505.99018003405706        0.8677639157624044
506.4302932624039         0.8676955175031622
507.04416159733           0.8676104666964572
507.45405137617115        0.867550975768276
507.99105925744755        0.8674326840275449
508.45772257329077        0.867356870357364
508.9969164934639         0.8672717239612043
509.4661551879208         0.8672003688093585
509.9993867760834         0.8671218756932777
510.45829763851543        0.8670493514115131
510.9806417274251         0.8669541355204508
511.46148106531996        0.8668720752353596
511.9902689465622         0.8668115218097031
512.4467872645657         0.8667411520702595
512.9910592574472         0.8666541750605835
513.4577225732907         0.8665782510836635
513.9910592574472         0.8665043123042957
514.4577225732905         0.8664318041379202
514.9910592574472         0.8663537358604709
515.4577225732905         0.8662817483000778
515.9910592574471         0.866200992106512
516.4577225732905         0.8661290690561919
516.9910592574471         0.8660519699720449
517.4577225732907         0.8659778817170092
517.991059257447          0.8658978116671997
518.4577225732908         0.8658275732346509
518.9910592574468         0.8657438499113904
519.4577225732912         0.8656726975098954
519.9910592574462         0.8655880953973455
520.4577225732921         0.8655129164662422
520.9956348543578         0.8654396940179732
521.4437325956216         0.8653757125554324
521.99176886079           0.865281541778267
522.4494855150317         0.8652114490517735
522.9910592574354         0.8651161624399485
523.4577225733119         0.8650419894866408
524.0311494115952         0.8649734014955093
524.4622917347563         0.8649078299043775
524.9925515436234         0.8648211902066655
525.4196617199929         0.864758664159091
525.9887840144338         0.8646508548116975
526.4426016151193         0.8645791885394704
526.9892434113901         0.8644978561235375
527.4456965688737         0.8644265646967457
527.991059257063          0.8643387864531027
528.4577225740385         0.8642609909728836
528.9910592567771         0.8641797569062885
529.4577225747737         0.8641033400547384
529.9910592563687         0.8640154678216577
530.457722576392          0.8639397799867397
530.9910592559526         0.8638475025954001
531.4577225803705         0.8637655388458161
531.9984203774009         0.8637000785392478
532.4111727582616         0.8636104690852205
533.0338876746773         0.8635035174147508
533.4364504774302         0.8634338478241126
534.0701004673995         0.8633290287856853
534.4685379573033         0.8632752151797525
534.9887058904123         0.8631505480046023
535.4540477904868         0.8630912719928038
535.9516761181507         0.8630181354129874
536.4583759440968         0.8629250247518616
536.9676175214072         0.8628453250532405
537.4577244228374         0.8627406705455268
537.9910598664987         0.8626543413901955
538.4196476755858         0.8625573690422088
538.9854066497752         0.8624532782780737
539.4577285366526         0.8624102443510101
539.991060897198          0.86232324714376
540.4577313063279         0.862253073642488
540.9910614719724         0.8621701498571304
541.45773406881           0.8621010416409628
541.9910620125181         0.8620149340840305
542.4577367051224         0.8619439068153443
542.9910625427842         0.8618592562235331
543.457739312311          0.8617860674826232
543.9910630701147         0.8616990592552931
544.457741839117          0.861624945249003
544.9910635420827         0.8615351026744703
545.4577440573742         0.8614619896653833
545.989767116746          0.8613926212123563
546.4305201374336         0.8613255233743353
546.9910643764684         0.8612205468758297
547.4577484054481         0.8611466983904799
548.0023922292677         0.861070851288663
548.4599249542327         0.8609996504138901
548.9910658955234         0.8609066638628257
549.4577563480341         0.8608325112552611
549.9919366573951         0.8607653836136709
550.4356561807231         0.8606963135230659
550.9903303054085         0.8606054301059303
551.438851318575          0.8605332433195079
551.9961878650195         0.8604331084285123
552.456495205387          0.8603545745831476
553.0423324488709         0.860276728951371
553.469073818188          0.8602045870231619
554.0087399154105         0.8600879832218146
554.4795775399766         0.8600022563636378
554.9910685328197         0.8599190250353159
555.4529513396915         0.8598584962854188
555.9582965890979         0.8597811058099963
556.4767285144405         0.8596895941366598
556.9899068596818         0.8596058729913997
557.474603929211          0.8595255139026022
557.9851343413543         0.8594547989053116
558.4413800050716         0.8593645442688791
558.9897334737741         0.8592732424731261
559.4390115966843         0.8591982075079931
560.0151426835221         0.8591056058855518
560.4444382031877         0.8590221866422822
561.0034667304111         0.8589037685130629
561.4633524678923         0.8588454433614745
561.9917328171359         0.8587552385218735
562.4578094394791         0.8586764063448338
562.9910768523647         0.8585766517696457
563.4467217046349         0.8584876539481987
564.0453614615795         0.8584274518820649
564.4506636167316         0.8583587738188254
565.0036333204607         0.8582467149721743
565.4257578266034         0.8581749380732753
566.0098826621257         0.8580729240311897
566.4448772143933         0.8580031949946497
567.0121429089144         0.857906522070046
567.4416161670313         0.8578183444279839
567.9836508918469         0.8577092484650337
568.4756980633715         0.8576431457810257
569.0123968663258         0.8575791702910159
569.4632119275623         0.8574900231232505
570.0055476913071         0.8573893965804152
570.4455594101527         0.857326914380456
570.9909476198893         0.8572252814756635
571.4545469750566         0.8571466995370876
571.9970045256962         0.8570565797398766
572.457497945152          0.8569772105247124
572.9868486833246         0.8568662442351004
573.4501166369712         0.8567504546411184
574.005266511833          0.8566762080718155
574.4064999724906         0.8566364615892001
574.9788234787009         0.8565219417839957
575.4319620593694         0.8564448919630929
575.98494969788           0.8563393340560643
576.457795492538          0.8562549366477938
576.9835683502274         0.8561722616180646
577.4584842524241         0.8560863620724295
577.9832401999163         0.8560051638473744
578.479364770782          0.8559347414713563
578.9788398000652         0.8558554130477907
579.4572477627056         0.8557582393753391
579.9805126381489         0.8556646690228433
580.4500438865483         0.8555869084397796
580.9691444885541         0.8555133954622203
581.4303123808617         0.8554408756604304
581.9765240954404         0.8553286504688629
582.4581063196042         0.8552362173562291
583.0155245033968         0.8551526477707623
583.4670027994371         0.8550944086520604
583.9738356593684         0.8550184731070785
584.3979218590408         0.8549446360363965
584.9760088976125         0.8548211670734869
585.4569913065037         0.8547429904626576
585.9700095300987         0.8546621312287713
586.4564919980884         0.8545659856630293
586.983344936607          0.854478225157811
587.4580066666514         0.854394491055332
587.9798510402017         0.854294549184612
588.4718567742776         0.8542025234829981
588.9868070622176         0.8541278436823655
589.4555148372322         0.8540616845437226
589.963476451297          0.8539777934634466
590.4573921978158         0.8538607943171681
591.0226538964513         0.8537716122445281
591.4725609571437         0.85370479113526
591.9837448047282         0.8536041533819939
592.4857333386318         0.8535016235026643
592.9688109239257         0.8534150482245747
593.3987814543907         0.8533114951465868
593.8978544789409         0.8532166781580545
594.3913505793045         0.8531518319340179
594.7513375917949         0.8530063203826713
595.044785577671          0.8529595717465142
595.5244451849285         0.8528243052945278
595.864499952195          0.8526211373451
596.6434387703108         0.8525400661525565
596.7031293030346         0.8525018604655037
596.7408948606328         0.8525032664439426
597.5202287523113         0.8519645613209965
598.1918919646375         0.8519580399234719
598.3360141741744         0.8518304877745666
598.4713862626388         0.8518336202524632
599.1240553110965         0.8513035831419229
599.7263648476633         0.851417270732057
600                       0.8512901335809051
