% Model:              CMSL_AJB_O2_20210227_AdptLKR.mph
% Version:            COMSOL 5.5.0.359
% Date:               Feb 28 2021, 00:44
% Dimension:          1
% Nodes:              1208
% Expressions:        1
% Description:        Line graph
% cln1x                   Height
0                         0.9484748915501069
0.07644537880878488       0.9484748915029276
0.8127602615697924        0.9484748912272951
1.5333611862234306        0.9484748914446939
1.691313091440577         0.9484748913386917
1.8429681349171005        0.948474891500459
2.5419370262270036        0.9484748887727963
3.2174618005118987        0.9484748908140889
3.274558342129012         0.9484748886801148
3.404895743775228         0.948474888184101
3.955876995275162         0.9484748783376848
4.140306653069729         0.9484748756251102
4.689754130582742         0.9484748492715223
4.9906938820326445        0.9484748580435418
5.457047219396202         0.9484748443430006
5.655585384957362         0.9484748157307761
6.129825952080182         0.9484747846511578
6.526795916652645         0.9484747345999182
7.013540003992716         0.9484746507023561
7.396171616410868         0.9484744464109658
7.98464101751739          0.9484742432374144
8.354363779026244         0.9484740988177829
9.000420925930882         0.9484735845801566
9.443002490288109         0.9484732587498295
9.998298162578806         0.9484727417857496
10.467453214465024        0.948472237359457
10.997184887368007        0.948471744187017
11.423543391872272        0.9484711742767786
11.99901420936078         0.9484700769544063
12.474907543775771        0.9484692561127155
12.9889728045693          0.9484681729013087
13.468372678326318        0.9484670321137896
14.0151494739913          0.9484657462225373
14.464274135202345        0.9484642635279896
15.011120710228454        0.9484624855906851
15.462006218028478        0.9484605839468577
15.996249183457735        0.9484580349451313
16.45760037942813         0.9484557839073885
16.991022358406894        0.9484536096096455
17.387868124577608        0.9484513308954701
17.97390812048758         0.9484479193664459
18.459738787339063        0.9484460215505615
19.015126087754936        0.9484432828290276
19.456953417825503        0.9484406116833137
19.99122301803868         0.9484366219441307
20.457522880578153        0.948433172686667
20.991816970559114        0.9484290171881552
21.456958540726703        0.9484252436499228
21.992082734458506        0.9484202646579285
22.465177304545932        0.9484163974133317
22.99468565551541         0.9484111224386703
23.45601706578134         0.9484065253960645
23.991781244174263        0.9484013508710332
24.45108715582711         0.9483962188804325
24.987735683116284        0.9483901573948014
25.45481915394157         0.9483841027993942
25.989499946149294        0.9483772218447293
26.454353436130077        0.9483706420088748
26.987305351910095        0.9483632459412088
27.455936879918227        0.9483559781860483
27.98371566160165         0.9483481911612294
28.460673446828764        0.9483414838705511
28.986459129118657        0.9483335409451046
29.434175488268124        0.9483259448523819
29.98234061628682         0.9483156294174371
30.45698550812233         0.9483074230362102
30.98872887234228         0.9482985285689154
31.466293792747194        0.9482893200599894
31.985726064324012        0.948278738312166
32.460581488074354        0.9482682841727709
32.98845594957436         0.9482557335687846
33.499963982363624        0.9482465694065291
33.98755619883059         0.9482354064725058
34.4508611474314          0.9482235978246776
34.97375599796976         0.9482132289786618
35.433523469263946        0.9481993890090668
36.030909973715666        0.9481851547494783
36.49141286615696         0.948176308098107
37.01697752822918         0.948160738239966
37.48871948917213         0.948147719193049
37.99714710422535         0.9481348667284348
38.46562238389396         0.9481229987283089
38.995657682003184        0.9481094701439604
39.4594829601063          0.9480979141040884
39.97535304896587         0.9480841638284316
40.447898666307765        0.9480700192688181
40.94794976231981         0.9480530143355199
41.45269734102067         0.9480378231043465
41.98986735275395         0.9480241594952863
42.450082874653674        0.9480102981917499
42.9890934352357          0.947990648319809
43.45798373806025         0.9479737373343569
44.014493317146815        0.9479605897984441
44.41013465787515         0.9479394964187235
45.039189791509386        0.9479168305474299
45.419577315822835        0.9479107550156882
45.9517836630215          0.9478918889267431
46.430818837314405        0.9478755861221926
46.98057737818172         0.9478561436945896
47.43891133224773         0.9478377310234982
47.98868472333177         0.9478143314345061
48.483664945387005        0.9477992033226692
48.96861828489892         0.9477854410766275
49.44980538344299         0.9477655408770621
49.99164740172577         0.9477458062441522
50.44263051062799         0.9477305325238654
50.993197390963616        0.9477082659241425
51.45691129547126         0.947692262739348
51.991035510655394        0.9476717831257072
52.45760323359596         0.9476542533014013
52.99103794092318         0.9476347128308426
53.46998176026338         0.94761795949685
53.98965312332709         0.9475975107990214
54.46449569876623         0.9475775426551064
54.98873717373891         0.9475571008682515
55.46071529750509         0.9475354876048654
55.97994557701398         0.9475140328844553
56.5014107003019          0.9474957032301672
56.98917752660276         0.9474754784644953
57.45927018372345         0.9474527443945767
57.96441676910541         0.9474304398470015
58.45811119115052         0.9474067372580024
58.97699945457083         0.9473840983456011
59.461074000348844        0.9473592421883844
59.98269371781589         0.9473346050926981
60.52304041236175         0.947315517146494
60.99924531228811         0.9472944817150201
61.459346302326026        0.9472713816969907
61.96819794805447         0.9472473616876154
62.47341238404846         0.9472247672752506
62.98622994912057         0.9471998374860228
63.457682705356206        0.9471772882201882
63.99105189502359         0.9471497029036915
64.45768715615668         0.9471284845550336
65.00329127792327         0.9471008520288775
65.45890950807319         0.9470795385292791
66.04322665172725         0.9470536460624411
66.46288717513107         0.9470335575479703
66.99105464832667         0.947001616920623
67.45631318986682         0.9469777755774363
67.98378545437663         0.9469493022736979
68.44829493470456         0.9469216147363702
68.99859810087469         0.9468996205490235
69.42946540451305         0.9468827222139472
69.99352637339246         0.9468540028193925
70.42626308437178         0.9468310413762646
70.99151590523553         0.9467970420986638
71.45771301639945         0.9467707472473981
71.97241865834104         0.9467375284763013
72.42126092465628         0.9467050052153394
73.02958623085601         0.9466799413253103
73.44704349161344         0.9466638785482167
73.9993910656134          0.9466370991636219
74.42935210695066         0.9466162861067468
74.9882889069367          0.94658584975641
75.43677127134242         0.9465620209080841
75.98666799450729         0.9465336181073508
76.42782936332429         0.9465096866093663
77.02135639867714         0.946478341337216
77.46056789808563         0.9464529284827745
78.02338308213194         0.9464180101190447
78.46075874005152         0.9463958108216326
78.99498492127509         0.9463708561113499
79.39112415035277         0.9463512326632243
79.99273073616695         0.9463134598201526
80.45086680501265         0.9462888169642796
81.02224203457922         0.9462601317313686
81.46065278567045         0.9462366226752966
82.02085216524421         0.9462012345325134
82.46052223059792         0.9461771270935865
82.99366190831842         0.9461545698970446
83.39156668705658         0.9461320617493415
83.99137135937207         0.9460946242476447
84.44276629072874         0.9460667001113992
84.99105836031458         0.9460348768379178
85.46060442619762         0.9460095867229636
86.00955454147282         0.9459789649999013
86.45267276390007         0.9459481279041011
87.03934353718859         0.9459182276321596
87.44926522137337         0.9458896857938236
87.97237324519335         0.9458477519575458
88.54438952961164         0.945818287396065
89.0270039971989          0.9457985138677115
89.43604602990285         0.9457642803426252
90.05287370054725         0.945731493473807
90.44075791480816         0.9457136582640819
90.98361585740713         0.9456743654112565
91.45561317221859         0.9456495137130769
91.9615635584542          0.9456229143962774
92.43944086785154         0.9455954291273578
92.97457731108403         0.9455613113279804
93.45204878335767         0.9455372920738749
93.98494554759816         0.9455058005559364
94.43810425388483         0.9454766890104974
94.97841903163771         0.9454484610724578
95.39639384410799         0.9454278149670614
95.99400128187733         0.9453901665624795
96.44287873649739         0.9453628464730134
97.02248489452461         0.9453325287641807
97.4233900579751          0.9453058526210687
98.05526000890058         0.9452715431384147
98.46066129239352         0.9452473849138514
99.01587840049876         0.9452104846437156
99.43062801729718         0.9451940611629477
99.98622496287459         0.9451620920471151
100.42366595032638        0.9451384449232396
101.02421174210622        0.9451037637829046
101.46084539255543        0.9450788239460164
102.02330385825758        0.9450417757562979
102.46075987428901        0.94501683891916
102.99485024070498        0.9449904998163096
103.3934355389132         0.9449673986535252
103.99273229019082        0.9449271013868659
104.45087309134544        0.9448985397782972
105.02421174116279        0.9448680320001237
105.46084539342212        0.9448421732854826
106.02330385772586        0.9448060315704793
106.46075987478451        0.9447786017283124
106.99393287741202        0.9447518633023402
107.40918929553163        0.9447263015883651
107.99418481503687        0.9446888610702949
108.44575184396928        0.9446634425683391
109.01961021913735        0.9446340684924642
109.45545478936049        0.9446088887976712
110.02161344345745        0.9445746435326003
110.4621978411709         0.9445481034400502
110.99139295335698        0.9445138794308204
111.43340506813934        0.9444877486501673
111.99138826141376        0.9444575069290249
112.43374698520773        0.9444323877753438
112.99217091170277        0.9444007461230827
113.43013755660166        0.9443760988779155
113.99105925744198        0.9443394005258652
114.45772257328576        0.9443122473587124
114.98838571323938        0.9442840577034006
115.42840765913456        0.94425791763459
116.00746049229139        0.9442234525987188
116.45185533674328        0.9441964284558907
116.99726481429946        0.9441648266898767
117.45598356572953        0.9441367290353975
118.01019579787373        0.944106350719456
118.46057008740331        0.9440777538077477
119.01227208302055        0.9440436791073749
119.47612937348174        0.9440188133991629
119.98891412817238        0.9439858382744115
120.49045264078632        0.9439582484635658
120.98912886755318        0.9439310856884268
121.48652322026771        0.9438988294973798
121.99489805281843        0.9438693003179689
122.45772257328571        0.9438378647882457
122.99105925744135        0.9438050979121666
123.45772257328565        0.9437784143158509
124.00748512454527        0.9437437595404211
124.47607161348935        0.9437154377988952
125.00567693365804        0.9436856388921468
125.45998221559773        0.943658704357074
125.9910592574413         0.9436246129386272
126.45772257328565        0.9435964872759914
126.9910592574413         0.9435646086393881
127.45772257328565        0.9435365563751152
127.99030536194857        0.9435046696042032
128.44570676630042        0.943476276427329
129.00359566118823        0.9434422497558291
129.4534121257425         0.9434142066565651
129.99105925744124        0.943379527402855
130.45772257328548        0.9433521472601837
130.99105925744118        0.943319407846479
131.45772257328542        0.9432918749577297
131.99039214618801        0.94326078233896
132.447089958908          0.9432330081832274
133.00419098270714        0.9431992612630833
133.45320743369268        0.9431705399607263
133.99105925744118        0.9431352053591437
134.45772257328537        0.9431055005535165
134.99105925744112        0.9430732164898346
135.46522164713684        0.9430445389693175
135.99073749441231        0.9430148476445303
136.47410927773865        0.9429871864922219
137.003622882777          0.9429562807703336
137.46154853982273        0.9429219535451333
137.9918567732954         0.9428862787484349
138.4929752989221         0.9428610960893675
138.99473745423546        0.9428303246430104
139.4538146761625         0.9428015261279368
139.95386387732805        0.9427671989800285
140.46656081234835        0.9427312381421504
141.003001476465          0.9427023487602401
141.46185398637033        0.942670763366955
141.99105925744084        0.9426301204661846
142.433384920952          0.9425967058059816
142.98390762666043        0.9425678210424768
143.42077785782863        0.9425441433343823
143.98618879583415        0.9425024400370606
144.44013027163578        0.9424705063862222
145.0074783973099         0.9424336426785378
145.46396865669317        0.9423998435920365
146.0481212198714         0.9423642084345502
146.47718696501317        0.9423410048836172
146.98998992116333        0.9423038170915122
147.47711543361504        0.9422743584324332
147.98568980092773        0.9422446725320827
148.44719763956607        0.9422120838884727
149.00338368812606        0.9421775397227206
149.45348500938383        0.9421501540549564
149.9910592574406         0.9421126116673414
150.45772257328497        0.9420817507795827
150.99105925744055        0.942045695370607
151.45772257328497        0.9420152889994806
151.9903054387746         0.9419809033562963
152.44341216667215        0.9419516503398622
152.97399827626413        0.9419092470583368
153.4517395999476         0.9418642214309909
154.07351456049605        0.9418285607433472
154.46654445683254        0.9418081208161595
154.98833881835577        0.9417611363323343
155.46544857437812        0.9417306824364184
155.96456428769648        0.9417064044371947
156.43842820470445        0.9416747606143316
156.99171105567615        0.9416376529484379
157.45464434529367        0.9416083130423112
158.00808025352183        0.9415690468221434
158.46393085365105        0.9415370763112514
158.98120587921227        0.9415058642692934
159.40950158234313        0.9414788273433613
159.9953750601752         0.9414345392947535
160.4564808099567         0.9414053239764804
161.00554060410195        0.9413727032114809
161.45669490125243        0.9413414677965296
161.99105925744027        0.9413060716793114
162.45399018518253        0.9412771429631435
162.9712311137667         0.9412452698380788
163.44379740666716        0.9412078227248655
163.9938815939754         0.941172946175469
164.4474124167793         0.9411472424535335
164.99105925744027        0.9411085182064802
165.4577225732845         0.9410783342916238
165.99105925744016        0.9410452143879412
166.4577225732845         0.9410165866117274
166.99105925744016        0.9409816341505532
167.45772257328446        0.9409522973332025
167.99771248721186        0.9409168810749957
168.46717196567005        0.9408860384606395
169.00887885421923        0.9408549716801241
169.46106783299285        0.9408278186279759
169.99105925744004        0.9407899944756349
170.45772257328434        0.9407592662475543
170.99105925744004        0.9407259544990145
171.4577225732843         0.9406959168277058
171.99105925743999        0.9406599279504086
172.4577225732843         0.9406294100528055
172.99105925744004        0.9405896594373347
173.45772257328417        0.940557832842073
174.03122583178572        0.940522884716479
174.4607388097162         0.940493598338147
174.9910592574402         0.940452249739076
175.45772257328395        0.9404186406399753
175.99105925744067        0.9403831327329417
176.47448715894006        0.940351130145445
176.98860683610928        0.9403195790676224
177.44593867996826        0.9402872431512401
177.9888905438661         0.940250257803734
178.4453295897589         0.9402226067512359
178.99105925744556        0.9401828991560224
179.4577225732869         0.9401530471482875
179.99105925744846        0.9401132892651287
180.45772257328952        0.9400822137563749
180.99105925745158        0.9400502644665931
181.45772257329259        0.9400192750749551
181.99105925745414        0.9399860296630714
182.45772257329554        0.9399546168374965
182.99105925745573        0.9399199270046095
183.46302576151322        0.9398910718764846
183.9764598930695         0.939858815589309
184.4750327674921         0.9398244457104701
184.98961512787236        0.9397908889392286
185.4651441120498         0.9397593389000962
185.9984698620296         0.9397314530582356
186.4631048655463         0.9396957236954713
186.9917973327489         0.9396583164186073
187.43600850353096        0.939630788779747
187.99105925745567        0.9395888220297811
188.45772257329946        0.9395582192862311
189.00838984652927        0.939525871654986
189.45227993333896        0.9394965795398517
189.99105925745545        0.9394560498597188
190.4577225732993         0.9394241133403511
191.0115867829914         0.9393898204376202
191.46180899975622        0.9393581549264763
191.99105925745533        0.9393179313195029
192.45772257329912        0.9392844455604481
192.99105925745528        0.9392453077225059
193.44700099454377        0.9392188133172761
193.94364894125948        0.9391859740441091
194.47100401505998        0.9391463158874422
194.98968217794413        0.9391150203333859
195.44115139780592        0.939081600987797
195.99207127962995        0.939043143506871
196.43781283168147        0.9390129033607815
196.99105925745488        0.9389701873983758
197.45772257329878        0.9389347803353956
197.99446407745103        0.9388989375283503
198.44731104626146        0.9388695186698299
198.9859779688257         0.938830446906102
199.4666256207592         0.9388005834702027
199.9700837088966         0.9387639559483638
200.47902008678284        0.9387282170425761
200.97605275799407        0.9386850310082397
201.4895841536494         0.9386391031016919
201.99105925745448        0.9386084835162124
202.45867568399456        0.938579895928247
202.95700099290866        0.9385334873229104
203.46417292875935        0.9384990143163034
203.96624947013623        0.938474645595641
204.4516156497309         0.9384398457861977
205.00794527596656        0.9384027979167815
205.46200164815673        0.9383663127435149
206.01248896032837        0.9383295188576848
206.45626590927992        0.9382993323813793
206.99060430399345        0.9382625412433337
207.43406960082638        0.9382298273525882
207.9910592574539         0.938189494059167
208.447892207201          0.938157465527698
208.9438795819492         0.9381256829911802
209.45772257329764        0.9380875191057543
209.9910592574538         0.9380514819386533
210.45772257329753        0.9380227742665816
210.99105925745368        0.9379842362236334
211.45772257329747        0.937954043715898
211.99105925745368        0.9379152820856002
212.45772257329742        0.9378823195095908
212.9632528388849         0.9378386428668181
213.46088137311563        0.9378009559087854
213.99105925745351        0.9377653377954516
214.42231066866992        0.937726096714487
214.9909850166482         0.9376758183349304
215.51155582076774        0.9376527999989732
215.99265942463416        0.9376209544458743
216.4577225732972         0.9375850372767659
216.9865679625787         0.9375542806518422
217.41935107964173        0.9375244432774199
217.99046857204758        0.9374820080546848
218.45079875281192        0.937452462289027
218.9777774542353         0.9374194727352204
219.44265340149815        0.9373861673697059
219.991059257453          0.9373459105245804
220.45772257329685        0.9373124269987734
221.01496010875155        0.9372771428386688
221.45505326387877        0.9372480719968375
222.03345849573827        0.9372082027212092
222.46276088654417        0.9371802012531353
222.99105925745272        0.9371395562000308
223.45772257329656        0.9371074464453399
223.99105925745266        0.937072008053902
224.45772257329645        0.9370400113208022
224.99105925745255        0.9370038366231761
225.4577225732964         0.936971337298069
225.9910592574525         0.9369335488995615
226.45772257329634        0.9369010787863106
227.02336440600004        0.9368683404176343
227.4546591042003         0.9368388490642239
228.02251197131994        0.9367982042500854
228.4547399398383         0.9367683192555601
228.9910592574522         0.9367261336260286
229.45772257329605        0.936693283005293
229.99105925745215        0.936656679177219
230.45772257329594        0.9366231034824759
230.99105925745204        0.9365867318138213
231.45772257329588        0.9365530744429307
231.99105925745198        0.9365170174129342
232.4577225732957         0.9364836285421045
232.99105925745192        0.9364458569552093
233.45772257329565        0.9364126816355637
233.9910592574518         0.9363729263974048
234.4577225732956         0.9363383693976579
234.9974074555343         0.9363069365687546
235.43766135995128        0.9362750318106083
236.01199700805358        0.9362338034275522
236.4592353722133         0.9362021542812338
237.00929284268585        0.9361621511901486
237.47202384467852        0.936133391955747
237.9939420934283         0.9360924326676678
238.45436517661375        0.9360594999999232
238.9651077283189         0.9360216614861466
239.45772257329526        0.9359809174385147
239.99105925745135        0.9359409525581993
240.45772257329514        0.9359066978857546
240.99294687599627        0.9358699827824115
241.4324283799067         0.9358362083784414
241.99262298011558        0.9357860074039771
242.4747744573756         0.9357556679812346
242.98836463649786        0.9357278430035727
243.47438469276665        0.9356926811093776
243.98165764849432        0.9356546489370711
244.46182300211086        0.935618925350482
244.97630314021956        0.9355841809433733
245.4692694250262         0.9355453897061526
245.99224363718412        0.9355085903174627
246.4577225732947         0.9354687274159499
246.9910592574508         0.9354292565873479
247.46180157999743        0.9353951905022946
247.9913594618289         0.9353540825115197
248.45570697095985        0.9353224135503496
248.97298907946043        0.9352893094596084
249.42430534973084        0.9352538313067092
249.9946918769271         0.9352082884607422
250.44387092555377        0.93517911090731
250.9786997520049         0.935133243323992
251.45519099118206        0.935096255132429
252.0145895053069         0.9350555536513047
252.4392189753837         0.9350253496675389
253.0304734451194         0.934983091570113
253.43750032824164        0.9349539160411108
253.98105226352862        0.9349134148942366
254.3892581371278         0.9348864448548042
255.0208399425647         0.9348371586199652
255.45984561686288        0.9348049202649913
256.01426794908036        0.934764808238759
256.4468072729809         0.9347339464354705
256.99105925744993        0.9346892739346856
257.4577225732937         0.9346523081155653
257.9910592574498         0.9346139175163886
258.45772257329367        0.934576858929949
258.99105925744976        0.9345380995628061
259.4585808880951         0.9345062172046297
259.9714129590841         0.9344685315934356
260.45857231981216        0.9344285501813399
260.9716090818108         0.9343946906520302
261.4575577015956         0.934349623689277
261.9826835761355         0.9343113503365256
262.4908140280381         0.9342788895197685
262.99644904316625        0.9342407266955725
263.45772257329327        0.9342015621680801
263.99979064141326        0.9341668280771042
264.43412043941134        0.9341337900546406
265.0240396718987         0.9340907415532002
265.454575855097          0.9340554337428302
266.0198130263592         0.9340102665706386
266.44574995121263        0.9339826561563025
266.97913889320245        0.9339325948325333
267.4612459913644         0.9338998280580089
267.95689404330346        0.9338605635879095
268.46214912426115        0.9338156901025337
268.9920472986279         0.9337759788115484
269.47794933283456        0.9337415323111843
269.9934642826674         0.9337014641972521
270.4739816458317         0.93366744220561
270.9859611045398         0.9336319330178293
271.46928539052755        0.9335969573908205
271.98770219302406        0.9335597506492073
272.46720541803217        0.9335253197619997
272.98830607714024        0.9334858572659629
273.46460430096806        0.9334502328217741
273.98937596095834        0.9334145765162017
274.41941806726777        0.9333788064062213
274.99075825615466        0.9333337964261156
275.4258111724729         0.9333016376029862
275.9915306070181         0.933249102958639
276.45772257329224        0.9332152402496294
276.9910592574483         0.9331773197288267
277.4577225732922         0.9331418378957648
277.9910592574482         0.9331023632660927
278.4610583858416         0.933069750122171
278.98010666417184        0.9330309010914782
279.457722573292          0.9329899230339643
279.99105925744806        0.9329466991458475
280.4647938937066         0.9329088129441406
280.9905504202415         0.9328702521693357
281.47253981505463        0.9328352360557592
281.99522034247263        0.9327994412994096
282.4388457864437         0.9327611426244751
282.9977811690259         0.9327181121736718
283.44661478442447        0.9326789902055455
283.99937025258373        0.9326292842698967
284.4763659372411         0.9325949693681497
284.9844434674851         0.9325533594823949
285.4304424613059         0.9325113571127386
286.0493244917489         0.9324652566006539
286.44310990957894        0.9324416962829982
287.07463431354967        0.9323950599929858
287.4650703742021         0.9323663547530923
287.9910592574473         0.9323144890168416
288.4577225732912         0.9322772833923282
288.9910592574473         0.9322355440266041
289.4577225732911         0.9321987873253066
289.9966710511189         0.9321542548240479
290.4581459756832         0.9321240241602697
290.95768295384295        0.932089553353779
291.45772257329094        0.9320421826459679
292.00869750939194        0.9320063009882958
292.4479931365202         0.9319682095621074
293.0029759079294         0.9319227782843195
293.43529195345303        0.9318791917472419
293.9979358145842         0.9318354085752312
294.45499909808956        0.9318084888330183
294.96463319854547        0.9317681134678286
295.4577225732906         0.9317232787252512
295.9910592574467         0.931678448391698
296.4848415986596         0.9316482011841183
296.9792025527129         0.9316036062597643
297.4586411147657         0.9315580490929496
298.02668634685006        0.9315035210973054
298.4608835739945         0.9314627378862694
299.0303906282406         0.9314228363436435
299.35883617978624        0.9314069934997691
299.9842771216024         0.9313515749476688
300.4578936986619         0.9313107260367854
301.0087384945772         0.9312712376873664
301.45238161911163        0.9312375744458317
301.99105925744624        0.9311954653800691
302.45772257329           0.9311602166481565
303.0040480719222         0.9311231326125062
303.4565260077548         0.9310897353885317
303.9979239795891         0.9310515900233897
304.44060533042955        0.9310188746818944
304.991059257446          0.9309750008589476
305.4577225732898         0.9309403325877927
305.9910592574459         0.9309008749979292
306.4577225732897         0.9308637376024804
306.9910592574458         0.9308210717914416
307.4408088423372         0.9307835126463695
307.9790944593595         0.9307453523162694
308.4521856405023         0.930710112270443
308.96699296960446        0.930672686322775
309.47071683735925        0.9306359920920998
309.98484663986574        0.9305985337755763
310.47902221163355        0.9305634063556889
310.9868070265863         0.9305262811671062
311.46993506811333        0.9304890839414293
311.9865458035148         0.9304504519396705
312.4692323356454         0.9304142273902221
312.9868055170839         0.9303757142168938
313.4577225732892         0.93033765536967
313.9910592574453         0.9302957660012158
314.45772257328906        0.9302616638705857
314.9910592574453         0.9302197689625837
315.45772257328895        0.9301860030993261
315.99105925744516        0.9301449442748878
316.45772257328895        0.9301098923891461
316.99105925744504        0.9300644453365875
317.45772257328883        0.9300281106932038
318.0009116562678         0.9299859312021427
318.4588644918367         0.9299494948736555
319.00449973144976        0.9298983124849963
319.4766655013185         0.9298595721748727
320.0079042678617         0.929828676463853
320.45084971710116        0.9297917392759666
320.99223324379284        0.9297506488402546
321.44077913579906        0.9297113858648786
322.00331080666535        0.9296666835337573
322.4672152142314         0.9296339784501002
323.00690887768485        0.929592116124967
323.46007892098453        0.9295527835886483
323.9959541102045         0.9295060675592474
324.4571360174866         0.9294700594785019
324.9803575170125         0.9294189671809162
325.482501646512          0.9293796146911086
325.9814232662693         0.929338269315183
326.47157611034595        0.9292948366795644
326.999995050042          0.9292542978668087
327.45912571218037        0.9292180743175109
327.99105925744414        0.9291737852965207
328.4577225732879         0.9291363718023016
328.99105925744414        0.9290926293866554
329.4577225732879         0.9290539897186436
329.9910592574439         0.9290056457915529
330.4577225732878         0.9289681600376372
331.05333850886484        0.9289349631824336
331.4573060403469         0.9289025238641315
331.9870181967533         0.928855495214388
332.4198834826253         0.9288202322750784
333.0311769609357         0.9287721173738551
333.45198950045767        0.9287343143281341
333.99105925744357        0.9286792276279219
334.4723372471417         0.9286426772859295
335.0055770635339         0.9285964009378224
335.48446140085673        0.9285584702649887
335.9913263919607         0.9285141656676814
336.45772257328724        0.9284762553542996
336.98778661102426        0.9284427139376946
337.4234049714215         0.92840723639556
338.0096142068319         0.9283618539391986
338.45207146280075        0.9283244947901296
338.99105925744334        0.9282774038495841
339.4596408488402         0.9282424530929467
339.96929497301653        0.9282006965092849
340.46133390753585        0.928154462757121
340.95223093950926        0.9281063215617587
341.47959471655577        0.9280548554357047
341.9946787733917         0.9280111757423417
342.5083359866695         0.9279709764207495
342.99702217867457        0.9279373058254659
343.4485840732167         0.9279012077293411
343.96655951802074        0.9278559507660313
344.46533037658287        0.9278130119957568
344.9633002821947         0.9277722635729448
345.41366165772183        0.9277243495463025
345.9845343403092         0.9276689743973654
346.4334669288729         0.9276332652695782
347.00908091343683        0.9275876009123768
347.4497909496889         0.9275465294539468
347.9942221912702         0.9274935448422809
348.4764824758065         0.9274565266141599
349.0118031666832         0.9274208906685162
349.4554819918566         0.9273875868307573
349.99105925744254        0.9273394499291114
350.45772257328633        0.9273017216582913
350.9853641050586         0.9272641653338328
351.4235578115067         0.9272290874084936
351.99105925744243        0.9271750815511303
352.4577225732862         0.9271392380391832
352.99043790015673        0.9270974659438294
353.4387778602012         0.9270616063625273
353.9910592574423         0.9270087416575609
354.457722573286          0.9269679166802495
354.9880207349303         0.9269133940148951
355.45547532505464        0.9268723928894824
355.9771236623783         0.9268390656001209
356.4338411566307         0.9268016489856696
356.9748366531687         0.9267583486066457
357.4299511681928         0.926717983214441
357.99105925744186        0.926667243207963
358.45772257328554        0.9266287172878283
358.9763357280294         0.9265881982245776
359.4598342149309         0.9265500181040021
359.99153452517555        0.9265106339252412
360.4577225732854         0.9264665588749885
360.99105925744163        0.9264236667845501
361.4949515279427         0.92639062201106
361.99385611164075        0.9263510757228798
362.4582392226023         0.9263101697187259
362.9746451544254         0.9262688620413408
363.4690464427531         0.9262282733793672
363.98829201850674        0.9261876568368306
364.4577225732851         0.9261477180138885
364.9910592574413         0.9261049895004442
365.4577225732851         0.9260690523052585
365.9910592574412         0.9260243769455717
366.45772257328497        0.9259866370149513
366.99105925744107        0.925939358662368
367.45772257328485        0.9259006852255596
367.9888616641156         0.9258577063903246
368.43223795045344        0.9258215534566074
369.0159065640655         0.9257731096544318
369.4551975251758         0.9257376449614138
369.99502927809556        0.9256861953874214
370.45626504833535        0.9256469544911943
370.9964539798316         0.9256038105140845
371.43391700985137        0.9255653729011928
372.01744828586163        0.9255150503742001
372.4766193873602         0.9254808657657054
372.9922011700578         0.9254327698587725
373.4431211701974         0.9253869665021598
373.99987295483663        0.9253446761400026
374.45463222134515        0.925304329899207
375.00470639668674        0.9252621475863115
375.43260538587003        0.9252278268963031
375.9920638680485         0.925176912726464
376.4447363033495         0.9251402745801666
376.99138746544315        0.9250929580908452
377.45772257328406        0.9250539307422989
377.99105925744027        0.9250100283586489
378.45772257328406        0.9249715605625672
378.99105925744016        0.9249266532491562
379.45772257328395        0.9248868745718704
379.9935554320575         0.9248484677460298
380.4350863636929         0.9248118773357036
380.9928203511531         0.9247657453001187
381.4290748150669         0.9247294260075263
382.0167845895862         0.9246801471190303
382.44533098677573        0.9246461301141888
382.9910592574398         0.924591046352292
383.4577225732835         0.9245525136601098
383.99696692987675        0.9245128426936278
384.43765111043706        0.924476578953084
385.02544920580226        0.9244268643649426
385.46102171364873        0.9243904651412689
386.01773089666995        0.9243431450201556
386.4462144373746         0.924305668093763
386.9910592574395         0.9242490833222023
387.45772257328326        0.9242064712648508
387.9910592574395         0.9241627588750099
388.45772257328326        0.924117996201469
388.99105925743936        0.9240735543349774
389.43974678311645        0.9240205652767552
390.01005075167086        0.9239696251110895
390.45305276523413        0.923934739017245
390.95840610166886        0.9238784572005211
391.48230994664755        0.9238312463608891
391.96792328608706        0.9237921836836438
392.484753473889          0.9237471468681907
392.9784838838407         0.9237039987697702
393.48122303584137        0.9236564412385495
393.98012632180667        0.923610140041487
394.45120253292134        0.9235628026853422
394.9517344793104         0.9235107978187838
395.4577225732827         0.9234609241210576
395.9856969630432         0.9234168697854608
396.431104183602          0.9233800071451135
396.98650438586776        0.9233225550438062
397.45954995870056        0.9232821546536446
398.0210422293195         0.9232428366999281
398.4608475887601         0.9232042749387088
398.99659286597546        0.9231524761507017
399.47282285220774        0.9231167435865608
399.99342745566696        0.9230712873831195
400.45542570115026        0.9230277564205542
400.99158663769606        0.9229782869814351
401.45772257328224        0.9229400805724154
401.99105925743834        0.9228928173080058
402.4577225732821         0.9228530379374518
402.99105925743834        0.9228033487972452
403.457722573282          0.9227621394941955
404.0209709349833         0.9227115770365588
404.4568632700325         0.9226694225996339
405.06223071113163        0.9226186944703262
405.4561259021058         0.9225897039081816
405.9910592574379         0.9225352264450052
406.45772257328167        0.9224937636233462
406.9910592574379         0.9224534512109771
407.45772257328167        0.9224121098567677
407.9910592574379         0.9223704192762879
408.45772257328156        0.9223278404026889
408.99105925743777        0.922284066227907
409.45772257328156        0.9222418229094999
409.99105925743777        0.9221959241386852
410.45772257328144        0.9221532240451242
410.99105925743766        0.922109047038869
411.494990641952          0.9220714708997775
411.994046187762          0.9220304406460407
412.4764221009774         0.9219839328355005
412.9840888523345         0.9219412503942622
413.4552285117287         0.9218940689122923
413.9890955308707         0.921845988941149
414.45772257328144        0.9218065077682789
414.9910592574372         0.921755887408915
415.4512035323081         0.9217216467230949
415.95738008429487        0.9216680923808046
416.48911318952116        0.9216156464056058
416.9559897582109         0.9215603792257652
417.43319929391964        0.9215028882778407
417.9783523656099         0.921464982736224
418.44182908607877        0.9214250500684591
418.98668918309295        0.9213852263181954
419.4078077431692         0.9213470123421292
420.01491353441713        0.9212905710627742
420.44112385142716        0.9212430507983338
421.03763277655275        0.9211851280900084
421.434004901776          0.9211474330411424
421.99618762903765        0.9210824445681207
422.4577225732935         0.9210482237981751
422.98797036034057        0.9209783715378949
423.4986856615151         0.9209277025021086
423.99120145630366        0.9208899074575881
424.43106287470687        0.9208433282459152
424.97216214586194        0.9208016392642079
425.4499756834417         0.9207505373733804
426.00051121723914        0.9207002976914861
426.4588213605523         0.9206632570009978
426.9721343995059         0.9206114050055381
427.4605332436655         0.9205711854861875
427.97963269519823        0.9205231571751714
428.43195022803377        0.9204773796095325
428.983750907992          0.9204250599129935
429.4408724664461         0.9203756322912708
429.9952584579994         0.9203183080944967
430.46494785813206        0.9202861965659661
430.9915957280506         0.9202319078943377
431.4579158931439         0.9201886922900987
431.9829480678993         0.9201538834091155
432.40704806437475        0.9201156153545824
432.9883850539354         0.9200617664483882
433.4266347020923         0.9200199942416276
434.0103865582016         0.9199677954895592
434.4572261648053         0.9199300194303124
434.9905767433388         0.9198761207010122
435.458702733634          0.919832840602778
435.9859972493299         0.9197843487445148
436.45078245306934        0.9197455108073153
436.97630133460177        0.9197040834744301
437.4615946974051         0.9196543774984582
437.99105925744993        0.919606186292812
438.4577225732934         0.919565392415557
438.99105925744993        0.91952117061292
439.4577225732934         0.9194799928836614
439.99105925744993        0.9194347096114875
440.45772257329327        0.9193933399016584
440.9910592574498         0.9193465686437703
441.45772257329327        0.9193031925293219
441.9931477094408         0.9192538978397173
442.46557166363425        0.9192136850849885
442.9713073530504         0.9191682928850075
443.48021739393596        0.9191234304037219
444.01196163234715        0.9190771995775516
444.46295071686336        0.9190321545657771
444.9901830886389         0.9189822915104311
445.4583522396928         0.9189436985963624
445.97873801601054        0.9188970530467931
446.45772257329304        0.9188510590919234
446.9910592574497         0.9188040229563633
447.4440071966976         0.9187607444240842
447.9958703380822         0.9187145032422274
448.4395379118132         0.918671091381468
448.97491747029983        0.9186197257394333
449.4560161927013         0.9185764047693039
449.99541194157837        0.9185284329940189
450.4676477385498         0.9184853301207472
450.9919838360721         0.9184367287842767
451.4762819686416         0.9183950804845933
451.9929359850029         0.918346954321123
452.4577225732928         0.9182995958797096
452.9910592574495         0.9182467506507902
453.4577225732928         0.9182016548446406
453.99105925744936        0.9181481843330707
454.4577225732928         0.9181078559741606
454.99105925744936        0.9180541492480065
455.4577225732928         0.9180120294120064
455.9705545001889         0.9179554752693937
456.44152705683746        0.9179123300898997
457.0172127602103         0.9178658780055042
457.4612337644886         0.9178263160892708
457.99105925744925        0.9177719889580527
458.4577225732926         0.9177283570083035
458.99105925744925        0.9176798013656796
459.4577225732926         0.9176363204311833
459.99105925744914        0.9175839334964531
460.4577225732926         0.9175406986457657
460.99105925744914        0.9174863542254592
461.4577225732926         0.9174402609734069
461.991059257449          0.9173842755264058
462.45498487885175        0.9173420695187298
462.98531758692366        0.917302518230684
463.4471077381529         0.9172592621138927
463.9958965077352         0.9172078340837488
464.4506931626938         0.9171652174543035
464.9846106508503         0.917105782800606
465.4591747517733         0.9170505136784498
465.9908082409962         0.9169927314474637
466.45763768756535        0.9169514479967424
466.97061977168664        0.9169045149156932
467.4529163667679         0.9168499373332613
467.9892242457008         0.9167982435337833
468.45308229799593        0.9167508653646295
468.99249897338746        0.9166984351994252
469.48311749895356        0.9166540497511865
469.98487496756013        0.9166034927169322
470.4740958001712         0.9165479577836775
470.9910592574487         0.9165053302520043
471.457722573292          0.9164635182736263
471.9910592574487         0.9164116363969151
472.457722573292          0.9163690452908132
472.99105925744857        0.9163142522998213
473.457722573292          0.9162695788036396
473.99105925744846        0.9162128556525946
474.457722573292          0.9161688733141681
474.99105925744857        0.9161070428637814
475.457722573292          0.9160618608242292
476.0123217841858         0.9160162687554233
476.45671961248433        0.915973617353
476.9944201730825         0.9159196533243337
477.46263751494007        0.9158738421575787
477.99105925744857        0.9158276969066644
478.4577225732918         0.9157827201947548
478.99687793717953        0.9157360050963088
479.45716980558007        0.9156918797721523
479.99105925744846        0.9156414872289098
480.4577225732918         0.915595461924243
480.99105925744834        0.9155475951710029
481.4577225732919         0.915501173336357
481.99105925744834        0.9154507664154622
482.4577225732918         0.9154074871156359
482.99105925744834        0.9153581497778753
483.4577225732918         0.9153144702348779
483.99105925744834        0.9152635236706095
484.4577225732917         0.9152178157898165
484.99105925744834        0.9151676054543305
485.4577225732917         0.915121384038161
485.9910592574482         0.9150712556519117
486.4577225732917         0.9150238863714142
486.9910592574482         0.9149730179977011
487.4577225732917         0.9149309828836407
487.9910592574482         0.9148785238948273
488.4577225732917         0.9148350163877901
488.9910592574482         0.9147832923088111
489.46144892169104        0.914743017106426
489.9780721937566         0.9146939349614704
490.4876783722236         0.9146461880303915
490.9942777863696         0.9146000279017132
491.4823244265332         0.9145517665737743
491.9937025445246         0.9145017959851148
492.45772257329145        0.9144504331843573
492.991059257448          0.9143951343584038
493.45772257329145        0.9143457225431235
493.9910592574479         0.9142873054664333
494.45772257329145        0.9142319787645401
494.9987126098729         0.9141694607965303
495.48126206609527        0.9141245569043749
496.00308000833616        0.9140747240861644
496.47824939247255        0.914029630404224
497.0083874643361         0.9139811333169016
497.45873403029816        0.9139399558160084
497.9716619153571         0.9138864255612332
498.4607039710685         0.913833410740963
498.9814094217264         0.9137836592345765
499.4667573387568         0.9137394235983507
499.9681441425232         0.9136898317664657
500.4577225732912         0.9136315874412033
501.00078831845565        0.9135862220822406
501.45239774033007        0.9135512989139256
502.00763660773055        0.91349374313581
502.46134217384963        0.9134435478498832
503.01144574127807        0.9133861581818508
503.4609830196056         0.9133453968816203
503.99105925744766        0.9132876682988618
504.4577225732911         0.9132422222626926
504.99021170544734        0.9131933660718136
505.4312813211973         0.9131495879770373
505.99018003405706        0.9130926850471877
506.4302932624039         0.9130453129624956
507.04416159733           0.9129882039511736
507.45405137617115        0.9129448564279767
507.99105925744755        0.912875016930851
508.45772257329077        0.9128282240245915
508.9969164934639         0.9127749156683812
509.4661551879208         0.9127280918154628
509.9993867760834         0.9126758774993249
510.45829763851543        0.9126327118597117
510.9806417274251         0.9125720597002431
511.46148106531996        0.9125246904673575
511.9902689465622         0.9124788639500392
512.4467872645657         0.9124341830650612
512.9910592574472         0.9123792875404682
513.4577225732907         0.9123339279791346
513.9910592574472         0.9122822779363838
514.4577225732905         0.9122345883611267
514.9910592574472         0.912183542549992
515.4577225732905         0.9121390352489924
515.9910592574471         0.9120873331413758
516.4577225732905         0.9120399641862611
516.9910592574471         0.9119872446504177
517.4577225732907         0.9119412613929174
517.991059257447          0.9118908451220369
518.4577225732908         0.9118430060862458
518.9910592574468         0.9117916471834014
519.4577225732912         0.9117448890619964
519.9910592574462         0.9116903156855964
520.4577225732921         0.9116414352922795
520.9956348543578         0.9115909978754536
521.4437325956216         0.9115435721596561
521.99176886079           0.9114812285730591
522.4494855150317         0.9114360587321895
522.9910592574354         0.9113718741651052
523.4577225733119         0.9113238821055771
524.0311494115952         0.9112781361854261
524.4622917347563         0.9112350821002345
524.9925515436234         0.9111799484174894
525.4196617199929         0.9111375079827149
525.9887840144338         0.9110689691838244
526.4426016151193         0.911021387527439
526.9892434113901         0.9109596865597369
527.4456965688737         0.9109117448401879
527.991059257063          0.9108547750655422
528.4577225740385         0.9108051487916066
528.9910592567771         0.9107500949891678
529.4577225747737         0.9106990354609171
529.9910592563687         0.9106439504579131
530.457722576392          0.9105923130747807
530.9910592559526         0.9105313330759869
531.4577225803705         0.9104779115569244
531.9984203774009         0.9104294881010293
532.4111727582616         0.9103742558319501
533.0338876746773         0.9103078815176714
533.4364504774302         0.9102561941020502
534.0701004673995         0.9101890989447107
534.4685379573033         0.9101516302494499
534.9887058904123         0.9100794298059399
535.4540477904868         0.9100409063585206
535.9516761181507         0.9099926796895181
536.4583759440968         0.9099360509398863
536.9676175214072         0.9098837934905123
537.4577244228374         0.9098231441343103
537.9910598664987         0.9097687102942933
538.4196476755858         0.9097074101969563
538.9854066497752         0.9096433340103738
539.4577285366526         0.90961245963579
539.991060897198          0.9095564528516602
540.4577313063279         0.9095133287056382
540.9910614719724         0.9094559939158201
541.45773406881           0.9094121564688568
541.9910620125181         0.9093529408315817
542.4577367051224         0.9093084335470636
542.9910625427842         0.9092469366517316
543.457739312311          0.9092012723762736
543.9910630701147         0.9091442887102014
544.457741839117          0.9090982029557251
544.9910635420827         0.9090446079542764
545.4577440573742         0.9089983090883804
545.989767116746          0.9089500548165613
546.4305201374336         0.9089065553611573
546.9910643764684         0.9088436174917717
547.4577484054481         0.908796520870081
548.0023922292677         0.9087419061096598
548.4599249542327         0.9086954970676293
548.9910658955234         0.908641360526761
549.4577563480341         0.908592770548325
549.9919366573951         0.9085468696023373
550.4356561807231         0.908500783904137
550.9903303054085         0.908444592061142
551.438851318575          0.9083964073953805
551.9961878650195         0.9083338204742053
552.456495205387          0.908282232450704
553.0423324488709         0.9082301763626628
553.469073818188          0.9081818024384625
554.0087399154105         0.9081164525791956
554.4795775399766         0.9080604516699828
554.9910685328197         0.9080087927179332
555.4529513396915         0.9079686579466593
555.9582965890979         0.9079156324887248
556.4767285144405         0.9078609997755697
556.9899068596818         0.9078046098953761
557.474603929211          0.9077517658550159
557.9851343413543         0.9076953996274431
558.4413800050716         0.9076394491087115
558.9897334737741         0.907578678149269
559.4390115966843         0.9075286556451747
560.0151426835221         0.9074654387143641
560.4444382031877         0.9074107393370539
561.0034667304111         0.9073422025021058
561.4633524678923         0.9072930217982778
561.9917328171359         0.9072298648133245
562.4578094394791         0.9071813651045424
562.9910768523647         0.9071104363246169
563.4467217046349         0.9070554903973347
564.0453614615795         0.9070097028039763
564.4506636167316         0.9069659859132578
565.0036333204607         0.9069030870793127
565.4257578266034         0.9068564668917172
566.0098826621257         0.9067952389873216
566.4448772143933         0.9067486765121712
567.0121429089144         0.9066897107447977
567.4416161670313         0.9066318862985774
567.9836508918469         0.9065646935654768
568.4756980633715         0.9065173372822737
569.0123968663258         0.9064705222600404
569.4632119275623         0.9064158094457522
570.0055476913071         0.9063528169609856
570.4455594101527         0.9063051129398727
570.9909476198893         0.9062384926060308
571.4545469750566         0.9061895698774372
571.9970045256962         0.9061268672125558
572.457497945152          0.9060778910837594
572.9868486833246         0.9060189520662794
573.4501166369712         0.9059540086423978
574.005266511833          0.9059076246074709
574.4064999724906         0.9058691623370418
574.9788234787009         0.9058000486870696
575.4319620593694         0.9057529655038834
575.98494969788           0.905689811811087
576.457795492538          0.9056377351846843
576.9835683502274         0.905584858200901
577.4584842524241         0.9055289806622293
577.9832401999163         0.9054733967686222
578.479364770782          0.9054292001446476
578.9788398000652         0.9053762315386911
579.4572477627056         0.905316769778038
579.9805126381489         0.9052573903745209
580.4500438865483         0.9052112515072793
580.9691444885541         0.9051578305871426
581.4303123808617         0.9051130111806258
581.9765240954404         0.905044082394426
582.4581063196042         0.90499041001492
583.0155245033968         0.9049294134146713
583.4670027994371         0.90489022262167
583.9738356593684         0.9048387467646523
584.3979218590408         0.9047926263664379
584.9760088976125         0.9047218657403433
585.4569913065037         0.9046699869549641
585.9700095300987         0.9046196482042718
586.4564919980884         0.9045588334272712
586.983344936607          0.9045052701482587
587.4580066666514         0.9044484500086227
587.9798510402017         0.9043885928556897
588.4718567742776         0.9043314012592212
588.9868070622176         0.9042820669047067
589.4555148372322         0.9042335932679593
589.963476451297          0.9041790136052783
590.4573921978158         0.9041163195596156
591.0226538964513         0.9040565047460671
591.4725609571437         0.9040219733217205
591.9837448047282         0.9039619657469257
592.4857333386318         0.9039054847420093
592.9688109239257         0.9038483315225423
593.3987814543907         0.9037884862125205
593.8978544789409         0.9037216168500499
594.3913505793045         0.903677150251772
594.7513375917949         0.9035993873192303
595.044785577671          0.9035669629778933
595.5244451849285         0.9034827717281354
595.864499952195          0.9033753658216983
596.6434387703108         0.9033102268613472
596.7031293030346         0.9032873455425725
596.7408948606328         0.9032873528712576
597.5202287523113         0.9029742334080962
598.1918919646375         0.9029593293569419
598.3360141741744         0.902888597556931
598.4713862626388         0.9028872085510351
599.1240553110965         0.9025719390384397
599.7263648476633         0.9026249121134688
600                       0.9025425536335238
