% Model:              CMSL_AJB_O2_20210227_AdptLKR.mph
% Version:            COMSOL 5.5.0.359
% Date:               Feb 28 2021, 00:54
% Dimension:          1
% Nodes:              1208
% Expressions:        1
% Description:        Line graph
% cln1x                   Height
0                         0.8943574677937555
0.07644537880878488       0.8945023187592005
0.8127602615697924        0.8958876022890785
1.5333611862234306        0.8971669779118618
1.691313091440577         0.8974612007119581
1.8429681349171005        0.8977174132205383
2.5419370262270036        0.8989555352684195
3.2174618005118987        0.9000285850905253
3.274558342129012         0.9001268327287981
3.404895743775228         0.9003299223198654
3.955876995275162         0.9012533690673903
4.140306653069729         0.9015289408426095
4.689754130582742         0.9023947632101259
4.9906938820326445        0.9028585634390592
5.457047219396202         0.9035386762926889
5.655585384957362         0.9038335184294585
6.129825952080182         0.9045342883911539
6.526795916652645         0.9050847946594947
7.013540003992716         0.9057567158189668
7.396171616410868         0.9062841551192405
7.98464101751739          0.9070685622849104
8.354363779026244         0.9075342877056309
9.000420925930882         0.9083700992571253
9.443002490288109         0.9089112729020041
9.998298162578806         0.9095894687812978
10.467453214465024        0.91013800326683
10.997184887368007        0.9107381254103486
11.423543391872272        0.9112111100750978
11.99901420936078         0.9118509545439323
12.474907543775771        0.912356509369183
12.9889728045693          0.9128939565276744
13.468372678326318        0.9133795184257214
14.0151494739913          0.9139107771116388
14.464274135202345        0.9143437702110274
15.011120710228454        0.9148609704776091
15.462006218028478        0.9152749495366703
15.996249183457735        0.9157633588097499
16.45760037942813         0.9161719304847292
16.991022358406894        0.916618145112686
17.387868124577608        0.9169599119988774
17.97390812048758         0.917448351221735
18.459738787339063        0.9178189085616053
19.015126087754936        0.9182392968592571
19.456953417825503        0.9185711117590709
19.99122301803868         0.9189709562554312
20.457522880578153        0.9193056813354183
20.991816970559114        0.919678233028195
21.456958540726703        0.919996484800782
21.992082734458506        0.9203521337608618
22.465177304545932        0.9206585442910238
22.99468565551541         0.9209938736410019
23.45601706578134         0.9212833326625951
23.991781244174263        0.9216081296278322
24.45108715582711         0.921879350408215
24.987735683116284        0.9221916397052965
25.45481915394157         0.9224518069248986
25.989499946149294        0.9227420378526537
26.454353436130077        0.9229880595234665
26.987305351910095        0.9232615216253075
27.455936879918227        0.9234984682690761
27.98371566160165         0.9237548919019474
28.460673446828764        0.9239756316323262
28.986459129118657        0.9242155742919401
29.434175488268124        0.924417064221748
29.98234061628682         0.9246613749502188
30.45698550812233         0.9248624574786224
30.98872887234228         0.9250833538233783
31.466293792747194        0.9252757377357128
31.985726064324012        0.9254798896084612
32.460581488074354        0.9256620635639171
32.98845594957436         0.925860044510927
33.499963982363624        0.9260361589394821
33.98755619883059         0.9262049525976456
34.4508611474314          0.9263663997041788
34.97375599796976         0.9265398950312699
35.433523469263946        0.9266921017910037
36.030909973715666        0.926880051558848
36.49141286615696         0.927014186619
37.01697752822918         0.9271771634312362
37.48871948917213         0.9273176367209136
37.99714710422535         0.9274605308179171
38.46562238389396         0.9275901959544579
38.995657682003184        0.9277327292227057
39.4594829601063          0.9278533503618457
39.97535304896587         0.9279838993243048
40.447898666307765        0.9281067137777741
40.94794976231981         0.928234322867456
41.45269734102067         0.928351763263962
41.98986735275395         0.9284720389556771
42.450082874653674        0.9285736194405043
42.9890934352357          0.9286873151809133
43.45798373806025         0.9287869508104327
44.014493317146815        0.9288950215284486
44.41013465787515         0.9289702208454618
45.039189791509386        0.9290850599248962
45.419577315822835        0.9291506707444065
45.9517836630215          0.9292421381232153
46.430818837314405        0.9293196983889761
46.98057737818172         0.9294067764835162
47.43891133224773         0.9294731504260927
47.98868472333177         0.9295525009456972
48.483664945387005        0.9296210058054171
48.96861828489892         0.9296867168233635
49.44980538344299         0.929746029160746
49.99164740172577         0.9298137041340698
50.44263051062799         0.9298662238984474
50.993197390963616        0.9299282901607855
51.45691129547126         0.9299775287901242
51.991035510655394        0.9300339344057289
52.45760323359596         0.9300792209362999
52.99103794092318         0.9301298037417002
53.46998176026338         0.9301740323609509
53.98965312332709         0.9302199433549336
54.46449569876623         0.9302590672895226
54.98873717373891         0.9302979333618445
55.46071529750509         0.9303334489275045
55.97994557701398         0.9303695812942372
56.5014107003019          0.9304073497542096
56.98917752660276         0.9304395608888457
57.45927018372345         0.9304673187603985
57.96441676910541         0.9304991485995378
58.45811119115052         0.9305253692695925
58.97699945457083         0.930554379515834
59.461074000348844        0.9305784458318187
59.98269371781589         0.93060186073667
60.52304041236175         0.9306287321256375
60.99924531228811         0.9306486635109109
61.459346302326026        0.9306629236480284
61.96819794805447         0.930682025210833
62.47341238404846         0.9306997266739216
62.98622994912057         0.9307172295051415
63.457682705356206        0.9307289990519301
63.99105189502359         0.9307423619764326
64.45768715615668         0.9307549041317624
65.00329127792327         0.9307654345462445
65.45890950807319         0.9307744567079719
66.04322665172725         0.93078952595147
66.46288717513107         0.9307971505571794
66.99105464832667         0.930798775725386
67.45631318986682         0.9308040029442628
67.98378545437663         0.9308053567497881
68.44829493470456         0.9308037905234325
68.99859810087469         0.9308091696246249
69.42946540451305         0.9308150555319837
69.99352637339246         0.9308145157717036
70.42626308437178         0.9308124277753284
70.99151590523553         0.9308065852395765
71.45771301639945         0.9308007209664309
71.97241865834104         0.9307906881762104
72.42126092465628         0.9307752699080174
73.02958623085601         0.9307724574594763
73.44704349161344         0.9307684078219228
73.9993910656134          0.9307591438492141
74.42935210695066         0.9307491884999044
74.9882889069367          0.9307364057397893
75.43677127134242         0.9307270178286722
75.98666799450729         0.930715944615883
76.42782936332429         0.9307049911412875
77.02135639867714         0.9306909363260183
77.46056789808563         0.93067776029313
78.02338308213194         0.9306609942812262
78.46075874005152         0.930651389841983
78.99498492127509         0.9306410851729034
79.39112415035277         0.9306321003994804
79.99273073616695         0.9306082591007684
80.45086680501265         0.9305953330415331
81.02224203457922         0.9305807119696086
81.46065278567045         0.9305682101077204
82.02085216524421         0.9305460660977803
82.46052223059792         0.9305313556419269
82.99366190831842         0.9305173111407594
83.39156668705658         0.9305031796553425
83.99137135937207         0.9304749461030437
84.44276629072874         0.9304564407914566
84.99105836031458         0.9304337695331449
85.46060442619762         0.9304161275250491
86.00955454147282         0.9303960172802535
86.45267276390007         0.9303730877670666
87.03934353718859         0.9303487491360753
87.44926522137337         0.9303259122425052
87.97237324519335         0.9302895912288376
88.54438952961164         0.9302680315634666
89.0270039971989          0.9302518884316954
89.43604602990285         0.9302197532074188
90.05287370054725         0.9301897653468401
90.44075791480816         0.930174419217932
90.98361585740713         0.9301394466849832
91.45561317221859         0.9301162698174106
91.9615635584542          0.930092211356483
92.43944086785154         0.9300680028223762
92.97457731108403         0.9300370672218458
93.45204878335767         0.9300155100759565
93.98494554759816         0.9299902526227043
94.43810425388483         0.9299628344046779
94.97841903163771         0.9299353449078912
95.39639384410799         0.9299170768269261
95.99400128187733         0.9298788358274129
96.44287873649739         0.929851671875966
97.02248489452461         0.929823302752546
97.4233900579751          0.9297968341091749
98.05526000890058         0.9297648613606436
98.46066129239352         0.9297415563609346
99.01587840049876         0.9297084520840961
99.43062801729718         0.9296930461700879
99.98622496287459         0.9296628077663552
100.42366595032638        0.9296387373916826
101.02421174210622        0.9296040855845977
101.46084539255543        0.9295792261611118
102.02330385825758        0.9295441019640095
102.46075987428901        0.9295177484609374
102.99485024070498        0.9294913839995737
103.3934355389132         0.9294670318725475
103.99273229019082        0.9294217280617724
104.45087309134544        0.9293916689889046
105.02421174116279        0.9293628201933556
105.46084539342212        0.9293363440533638
106.02330385772586        0.9292999594898733
106.46075987478451        0.9292728061775501
106.99393287741202        0.9292439917238636
107.40918929553163        0.9292189995110018
107.99418481503687        0.9291763948732618
108.44575184396928        0.9291486735235845
109.01961021913735        0.9291165869465524
109.45545478936049        0.929089458295514
110.02161344345745        0.9290524902185446
110.4621978411709         0.9290234377703293
110.99139295335698        0.9289874649819461
111.43340506813934        0.9289584149325326
111.99138826141376        0.9289233738552913
112.43374698520773        0.9288933856566766
112.99217091170277        0.9288571993096607
113.43013755660166        0.9288268008115991
113.99105925744198        0.9287820845263126
114.45772257328576        0.9287500332291228
114.98838571323938        0.9287198421074379
115.42840765913456        0.9286902715906157
116.00746049229139        0.9286513124042709
116.45185533674328        0.9286200718307057
116.99726481429946        0.9285810898960938
117.45598356572953        0.9285477536484766
118.01019579787373        0.9285092503723028
118.46057008740331        0.9284756516934667
119.01227208302055        0.9284355645705086
119.47612937348174        0.928406376706815
119.98891412817238        0.9283653314701132
120.49045264078632        0.92833247711042
120.98912886755318        0.9282932740826757
121.48652322026771        0.9282551623674518
121.99489805281843        0.9282182428178173
122.45772257328571        0.9281787372149839
122.99105925744135        0.928140510003339
123.45772257328565        0.9281071133247167
124.00748512454527        0.928066234177536
124.47607161348935        0.9280322743706726
125.00567693365804        0.9279938445601829
125.45998221559773        0.9279605675597786
125.9910592574413         0.9279184869885587
126.45772257328565        0.9278842890668618
126.9910592574413         0.9278442854473296
127.45772257328565        0.9278087759048326
127.99030536194857        0.9277694463038669
128.44570676630042        0.9277343231738243
129.00359566118823        0.9276890877148388
129.4534121257425         0.9276537821305972
129.99105925744124        0.927609529493467
130.45772257328548        0.9275745323767082
130.99105925744118        0.927533982907093
131.45772257328542        0.9274976519302254
131.99039214618801        0.9274573036508125
132.447089958908          0.9274215020511203
133.00419098270714        0.9273768724883418
133.45320743369268        0.9273415392547304
133.99105925744118        0.9272969266019438
134.45772257328537        0.9272584084752733
134.99105925744112        0.9272174528285623
135.46522164713684        0.9271788185437614
135.99073749441231        0.9271384630577926
136.47410927773865        0.9271029060495659
137.003622882777          0.9270618914303289
137.46154853982273        0.9270183340117296
137.9918567732954         0.92697449543944
138.4929752989221         0.9269393773122896
138.99473745423546        0.9269006225723896
139.4538146761625         0.9268632703536357
139.95386387732805        0.9268181943271132
140.46656081234835        0.9267724053201543
141.003001476465          0.9267326077916288
141.46185398637033        0.926692413905879
141.99105925744084        0.9266437970142761
142.433384920952          0.9266012694364105
142.98390762666043        0.9265631435611581
143.42077785782863        0.9265309401841224
143.98618879583415        0.9264772721453023
144.44013027163578        0.9264364192654707
145.0074783973099         0.9263895005821102
145.46396865669317        0.926347652020342
146.0481212198714         0.9263037309446066
146.47718696501317        0.9262735197716998
146.98998992116333        0.9262263358766989
147.47711543361504        0.9261889304964108
147.98568980092773        0.9261477399421234
148.44719763956607        0.9261042815772869
149.00338368812606        0.9260581923268231
149.45348500938383        0.9260225994080754
149.9910592574406         0.9259763760661074
150.45772257328497        0.925938137147372
150.99105925744055        0.9258949610679189
151.45772257328497        0.9258551463140958
151.9903054387746         0.9258112364779602
152.44341216667215        0.9257750374156593
152.97399827626413        0.9257246833636372
153.4517395999476         0.9256717209398986
154.07351456049605        0.9256263859363816
154.46654445683254        0.9256036276621189
154.98833881835577        0.9255460590770616
155.46544857437812        0.9255120734162481
155.96456428769648        0.9254846521397548
156.43842820470445        0.9254443958604269
156.99171105567615        0.9253989039869782
157.45464434529367        0.9253620300896608
158.00808025352183        0.9253156994932002
158.46393085365105        0.9252750944671078
158.98120587921227        0.9252370281342265
159.40950158234313        0.9252018007167802
159.9953750601752         0.925145415853977
160.4564808099567         0.9251075477059936
161.00554060410195        0.925065942282072
161.45669490125243        0.9250277316048845
161.99105925744027        0.9249816945326732
162.45399018518253        0.9249444287743889
162.9712311137667         0.9249032434537542
163.44379740666716        0.924854264019673
163.9938815939754         0.9248078252686408
164.4474124167793         0.9247767639000157
164.99105925744027        0.9247255756959175
165.4577225732845         0.9246871184193686
165.99105925744016        0.9246446800215126
166.4577225732845         0.9246066242783479
166.99105925744016        0.9245634901421911
167.45772257328446        0.9245261772604249
167.99771248721186        0.924479843468582
168.46717196567005        0.9244413521383901
169.00887885421923        0.9244004083253974
169.46106783299285        0.9243625822134448
169.99105925744004        0.9243142279593075
170.45772257328434        0.9242738867407598
170.99105925744004        0.9242297239822401
171.4577225732843         0.9241908270836565
171.99105925743999        0.924146192106943
172.4577225732843         0.9241070795722348
172.99105925744004        0.9240570804266452
173.45772257328417        0.9240178079836472
174.03122583178572        0.923977217211203
174.4607388097162         0.9239412269742726
174.9910592574402         0.9238880722070173
175.45772257328395        0.9238472762549396
175.99105925744067        0.9238048571038708
176.47448715894006        0.9237677410011089
176.98860683610928        0.9237284444813757
177.44593867996826        0.9236863225204865
177.9888905438661         0.9236409302627423
178.4453295897589         0.9236040327013488
178.99105925744556        0.9235541242558799
179.4577225732869         0.9235156179445604
179.99105925744846        0.9234664318712346
180.45772257328952        0.9234268405178883
180.99105925745158        0.9233835509737809
181.45772257329259        0.9233442452339691
181.99105925745414        0.9233006117563102
182.45772257329554        0.9232599746678951
182.99105925745573        0.9232162232744093
183.46302576151322        0.9231801689137253
183.9764598930695         0.9231381022789085
184.4750327674921         0.9230914377015974
184.98961512787236        0.9230465437018868
185.4651441120498         0.9230065697213993
185.9984698620296         0.9229689999070155
186.4631048655463         0.9229211391744302
186.9917973327489         0.9228732084691541
187.43600850353096        0.922835432691216
187.99105925745567        0.9227811061063604
188.45772257329946        0.9227392095162823
189.00838984652927        0.9226972856181671
189.45227993333896        0.9226576639959101
189.99105925745545        0.9226031702388351
190.4577225732993         0.9225584942861969
191.0115867829914         0.9225126555262325
191.46180899975622        0.9224694880587356
191.99105925745533        0.9224153522367435
192.45772257329912        0.9223739423597032
192.99105925745528        0.9223219728593977
193.44700099454377        0.9222919291882328
193.94364894125948        0.9222476413989401
194.47100401505998        0.9221955254005719
194.98968217794413        0.9221553641445748
195.44115139780592        0.922110916530474
195.99207127962995        0.9220623701857128
196.43781283168147        0.9220220737550142
196.99105925745488        0.9219660540878045
197.45772257329878        0.9219196089844282
197.99446407745103        0.9218742339245476
198.44731104626146        0.9218365885227022
198.9859779688257         0.9217853944446518
199.4666256207592         0.9217483967369424
199.9700837088966         0.9217014961296125
200.47902008678284        0.9216545880380522
200.97605275799407        0.9215985898194236
201.4895841536494         0.9215376023625992
201.99105925745448        0.9214979502062794
202.45867568399456        0.9214594367804814
202.95700099290866        0.9214023194533378
203.46417292875935        0.9213548830157187
203.96624947013623        0.9213205774893268
204.4516156497309         0.921275348274355
205.00794527596656        0.9212267650601323
205.46200164815673        0.9211824405935175
206.01248896032837        0.9211357103184536
206.45626590927992        0.9210967021594574
206.99060430399345        0.921050163416401
207.43406960082638        0.9210087296907872
207.9910592574539         0.9209547753821469
208.447892207201          0.9209133651744408
208.9438795819492         0.9208708701432056
209.45772257329764        0.9208213409741963
209.9910592574538         0.9207739377919355
210.45772257329753        0.9207354504123257
210.99105925745368        0.9206872693087799
211.45772257329747        0.92064843818552
211.99105925745368        0.9205974284251762
212.45772257329742        0.9205561270964139
212.9632528388849         0.9204987323650475
213.46088137311563        0.9204501391750128
213.99105925745351        0.9204034168216
214.42231066866992        0.9203523093484902
214.9909850166482         0.9202869532521045
215.51155582076774        0.9202529646129991
215.99265942463416        0.9202115465396937
216.4577225732972         0.9201648834076053
216.9865679625787         0.9201263526786638
217.41935107964173        0.9200857375286506
217.99046857204758        0.9200304084223802
218.45079875281192        0.9199883752549698
218.9777774542353         0.919943842634516
219.44265340149815        0.919894234737094
219.991059257453          0.9198364942777445
220.45772257329685        0.919783050526416
221.01496010875155        0.9197316498729159
221.45505326387877        0.9196715906237207
222.03345849573827        0.9196160759630055
222.46276088654417        0.9195706027693146
222.99105925745272        0.9195078498006114
223.45772257329656        0.9194624176387973
223.99105925745266        0.9194093618527681
224.45772257329645        0.9193704053667645
224.99105925745255        0.9193159419639946
225.4577225732964         0.9192732594281329
225.9910592574525         0.9192134169433235
226.45772257329634        0.9191676294357288
227.02336440600004        0.9191157255099451
227.4546591042003         0.9190758676302454
228.02251197131994        0.9190245568504115
228.4547399398383         0.9189843024361668
228.9910592574522         0.918929147042398
229.45772257329605        0.9188829538252761
229.99105925745215        0.9188332959905534
230.45772257329594        0.918784645094912
230.99105925745204        0.918735659213146
231.45772257329588        0.9186927521151279
231.99105925745198        0.9186473826364296
232.4577225732957         0.9186061756462188
232.99105925745192        0.9185566272785006
233.45772257329565        0.918515025385626
233.9910592574518         0.9184648021853687
234.4577225732956         0.9184217206894034
234.9974074555343         0.918377749443084
235.43766135995128        0.9183381152328374
236.01199700805358        0.9182845931558583
236.4592353722133         0.9182470193700831
237.00929284268585        0.9181976764802162
237.47202384467852        0.9181630415883735
237.9939420934283         0.9181132895962436
238.45436517661375        0.9180753335017888
238.9651077283189         0.9180286018232144
239.45772257329526        0.9179821821805133
239.99105925745135        0.9179329943560983
240.45772257329514        0.9178910625900099
240.99294687599627        0.9178449362552398
241.4324283799067         0.9178057291922554
241.99262298011558        0.9177449053952207
242.4747744573756         0.9177051626452657
242.98836463649786        0.9176677236542519
243.47438469276665        0.917622532270149
243.98165764849432        0.9175747926305123
244.46182300211086        0.9175308126888002
244.97630314021956        0.9174858325417866
245.4692694250262         0.9174372372224986
245.99224363718412        0.9173895706212399
246.4577225732947         0.9173392455283111
246.9910592574508         0.9172874125099435
247.46180157999743        0.9172455778781523
247.9913594618289         0.9171913316532937
248.45570697095985        0.917150858045604
248.97298907946043        0.9171084228000731
249.42430534973084        0.9170650861230514
249.9946918769271         0.9170077944904638
250.44387092555377        0.9169686331333211
250.9786997520049         0.9169127529736426
251.45519099118206        0.9168639294429854
252.0145895053069         0.9168173586922598
252.4392189753837         0.9167764964303777
253.0304734451194         0.916723411717431
253.43750032824164        0.9166864948585947
253.98105226352862        0.9166348554367642
254.3892581371278         0.9165990862815125
255.0208399425647         0.9165361435433703
255.45984561686288        0.9164948771546798
256.01426794908036        0.9164447382528952
256.4468072729809         0.9164004938467999
256.99105925744993        0.9163412607911668
257.4577225732937         0.9162994351244858
257.9910592574498         0.9162495879577858
258.45772257329367        0.9162063903252293
258.99105925744976        0.9161578240515981
259.4585808880951         0.916118670168129
259.9714129590841         0.9160727212710401
260.45857231981216        0.9160215262507572
260.9716090818108         0.9159754190929544
261.4575577015956         0.9159195470650335
261.9826835761355         0.9158673111917207
262.4908140280381         0.9158235649991742
262.99644904316625        0.9157750491164726
263.45772257329327        0.915725338816815
263.99979064141326        0.915682162837614
264.43412043941134        0.9156404175615147
265.0240396718987         0.9155831145538839
265.454575855097          0.9155384903342252
266.0198130263592         0.9154825810647816
266.44574995121263        0.9154481462369739
266.97913889320245        0.9153866393199547
267.4612459913644         0.9153457175503708
267.95689404330346        0.9152968859653521
268.46214912426115        0.915240755275924
268.9920472986279         0.915190620583487
269.47794933283456        0.9151459612086579
269.9934642826674         0.9150968395444646
270.4739816458317         0.9150533228485546
270.9859611045398         0.9150049147011489
271.46928539052755        0.9149591170924205
271.98770219302406        0.9149075741302787
272.46720541803217        0.9148619308716052
272.98830607714024        0.9148116046450805
273.46460430096806        0.9147654292924268
273.98937596095834        0.914721439268676
274.41941806726777        0.9146776011512228
274.99075825615466        0.9146209377006659
275.4258111724729         0.9145819409770163
275.9915306070181         0.9145142721550065
276.45772257329224        0.914469569475038
276.9910592574483         0.9144210544111887
277.4577225732922         0.9143745785374695
277.9910592574482         0.9143231119060491
278.4610583858416         0.9142786850531698
278.98010666417184        0.914229018012332
279.457722573292          0.9141763670680005
279.99105925744806        0.9141188774602967
280.4647938937066         0.9140683305895998
280.9905504202415         0.9140175302272003
281.47253981505463        0.9139718424339626
281.99522034247263        0.9139267303414995
282.4388457864437         0.9138775343074779
282.9977811690259         0.9138210282806157
283.44661478442447        0.913771107721868
283.99937025258373        0.9137074866964866
284.4763659372411         0.913664128355125
284.9844434674851         0.9136117925738033
285.4304424613059         0.9135586678392436
286.0493244917489         0.9134988162673932
286.44310990957894        0.9134665271088979
287.07463431354967        0.9134062457925631
287.4650703742021         0.9133687048089048
287.9910592574473         0.9133003822529302
288.4577225732912         0.9132520347691222
288.9910592574473         0.9131981567717559
289.4577225732911         0.9131506922819455
289.9966710511189         0.9130932200254873
290.4581459756832         0.9130533459563208
290.95768295384295        0.9130082327593827
291.45772257329094        0.9129470210433038
292.00869750939194        0.9129018442077869
292.4479931365202         0.912853246116013
293.0029759079294         0.9127945706106266
293.43529195345303        0.9127435751409196
293.9979358145842         0.9126856915976996
294.45499909808956        0.9126536443567183
294.96463319854547        0.9126017898826819
295.4577225732906         0.9125436258497133
295.9910592574467         0.912485497500777
296.4848415986596         0.9124437653329692
296.9792025527129         0.9123864004581779
297.4586411147657         0.912327777844403
298.02668634685006        0.9122621369465163
298.4608835739945         0.9122108313246298
299.0303906282406         0.9121579381508791
299.35883617978624        0.9121391729502151
299.9842771216024         0.9120656503773737
300.4578936986619         0.9120123845583712
301.0087384945772         0.9119634396492408
301.45238161911163        0.9119203669775
301.99105925744624        0.911864543523901
302.45772257329           0.911818600439589
303.0040480719222         0.9117691004456171
303.4565260077548         0.9117254823974335
303.9979239795891         0.9116767715315552
304.44060533042955        0.9116329778053883
304.991059257446          0.9115756929976387
305.4577225732898         0.9115280264293516
305.9910592574459         0.9114776736325542
306.4577225732897         0.9114286056924226
306.9910592574458         0.911374188731527
307.4408088423372         0.9113225917900956
307.9790944593595         0.9112722916009374
308.4521856405023         0.9112253644137016
308.96699296960446        0.9111762531189966
309.47071683735925        0.9111292816808961
309.98484663986574        0.9110802001210518
310.47902221163355        0.9110359754778656
310.9868070265863         0.9109877384176244
311.46993506811333        0.9109393149567274
311.9865458035148         0.910887970244545
312.4692323356454         0.9108420984039087
312.9868055170839         0.9107903226705624
313.4577225732892         0.9107410385338142
313.9910592574453         0.9106878246705837
314.45772257328906        0.9106441087681583
314.9910592574453         0.910589827771671
315.45772257328895        0.9105450549475975
315.99105925744516        0.9104904305141086
316.45772257328895        0.9104450423554694
316.99105925744504        0.9103892874058782
317.45772257328883        0.9103428899467862
318.0009116562678         0.9102884580636509
318.4588644918367         0.9102425894750615
319.00449973144976        0.9101777392616958
319.4766655013185         0.9101267201304453
320.0079042678617         0.9100857150280917
320.45084971710116        0.9100378117130258
320.99223324379284        0.9099825685378212
321.44077913579906        0.9099321171557999
322.00331080666535        0.909872420385608
322.4672152142314         0.9098292651297193
323.00690887768485        0.9097743778924272
323.46007892098453        0.9097225577353033
323.9959541102045         0.909661284511425
324.4571360174866         0.9096144674549106
324.9803575170125         0.9095469837126267
325.482501646512          0.9094954083711384
325.9814232662693         0.9094393697356493
326.47157611034595        0.9093802635607822
326.999995050042          0.9093229040560599
327.45912571218037        0.9092735448844714
327.99105925744414        0.9092150751247955
328.4577225732879         0.9091641989782925
328.99105925744414        0.9091062450115196
329.4577225732879         0.9090538128630108
329.9910592574439         0.908988124402237
330.4577225732878         0.9089387453102625
331.05333850886484        0.9088921202524967
331.4573060403469         0.9088489343520201
331.9870181967533         0.9087863391757064
332.4198834826253         0.9087391649356269
333.0311769609357         0.9086781318807795
333.45198950045767        0.9086321469958814
333.99105925744357        0.9085601729366682
334.4723372471417         0.908512527299248
335.0055770635339         0.9084506746450829
335.48446140085673        0.9083984140928755
335.9913263919607         0.9083411199302583
336.45772257328724        0.9082896225112072
336.98778661102426        0.908246960706355
337.4234049714215         0.9082011022517575
338.0096142068319         0.9081415345164968
338.45207146280075        0.9080934041851638
338.99105925744334        0.9080316526449665
339.4596408488402         0.9079870795253056
339.96929497301653        0.9079345609417645
340.46133390753585        0.9078749044974058
340.95223093950926        0.9078108079037683
341.47959471655577        0.9077471828306756
341.9946787733917         0.9076856565722106
342.5083359866695         0.9076293264931854
342.99702217867457        0.9075813873525731
343.4485840732167         0.9075329137470172
343.96655951802074        0.9074729344684052
344.46533037658287        0.9074147552061866
344.9633002821947         0.9073579218533417
345.41366165772183        0.9072937410074964
345.9845343403092         0.907217626622471
346.4334669288729         0.9071690684073039
347.00908091343683        0.9071109957115541
347.4497909496889         0.9070562359455538
347.9942221912702         0.9069875265609985
348.4764824758065         0.9069375711183313
349.0118031666832         0.9068829649082479
349.4554819918566         0.9068371239583416
349.99105925744254        0.9067697682999017
350.45772257328633        0.906717655030884
350.9853641050586         0.906659125898102
351.4235578115067         0.9066103696198724
351.99105925744243        0.9065410709580819
352.4577225732862         0.9064921006950928
352.99043790015673        0.9064363926809211
353.4387778602012         0.9063877293304419
353.9910592574423         0.9063237329161904
354.457722573286          0.9062702755955497
354.9880207349303         0.9062063404614111
355.45547532505464        0.9061555092477567
355.9771236623783         0.9061119490337733
356.4338411566307         0.9060647703630558
356.9748366531687         0.9060116631193398
357.4299511681928         0.9059595192607582
357.99105925744186        0.9058936098250983
358.45772257328554        0.9058427315704052
358.9763357280294         0.9057824237748108
359.4598342149309         0.9057311823605226
359.99153452517555        0.9056772305551539
360.4577225732854         0.9056208296116102
360.99105925744163        0.9055661671145135
361.4949515279427         0.9055234232305216
361.99385611164075        0.9054725279735139
362.4582392226023         0.9054177372310914
362.9746451544254         0.9053634864908076
363.4690464427531         0.9053095524709722
363.98829201850674        0.9052571268023462
364.4577225732851         0.9052050449228415
364.9910592574413         0.9051505809618111
365.4577225732851         0.9051030373279882
365.9910592574412         0.9050461692489031
366.45772257328497        0.9049969303992934
366.99105925744107        0.9049368267371978
367.45772257328485        0.9048866068430046
367.9888616641156         0.904829642387436
368.43223795045344        0.904782989046043
369.0159065640655         0.9047227597238481
369.4551975251758         0.9046761402801129
369.99502927809556        0.9046115174633023
370.45626504833535        0.9045604997764819
370.9964539798316         0.9045019122172632
371.43391700985137        0.9044523310179003
372.01744828586163        0.9043851859919355
372.4766193873602         0.9043395309456884
372.9922011700578         0.9042768676002232
373.4431211701974         0.9042162757032697
373.99987295483663        0.9041607623620115
374.45463222134515        0.9041078575727537
375.00470639668674        0.9040537864225001
375.43260538587003        0.9040084960272294
375.9920638680485         0.903944281398457
376.4447363033495         0.9038961837535667
376.99138746544315        0.9038366667554467
377.45772257328406        0.9037871371259616
377.99105925744027        0.9037314283100631
378.45772257328406        0.9036811780228511
378.99105925744016        0.9036240932795502
379.45772257328395        0.9035726962652674
379.9935554320575         0.9035207046407138
380.4350863636929         0.9034742739494266
380.9928203511531         0.9034167449035039
381.4290748150669         0.9033712957741982
382.0167845895862         0.9033093120399949
382.44533098677573        0.9032664131934947
382.9910592574398         0.9031966198924157
383.4577225732835         0.9031483289190647
383.99696692987675        0.903094743093115
384.43765111043706        0.9030485404329558
385.02544920580226        0.9029830477641712
385.46102171364873        0.9029360999910727
386.01773089666995        0.902875340794206
386.4462144373746         0.9028265892037357
386.9910592574395         0.9027533837332455
387.45772257328326        0.9026974014349697
387.9910592574395         0.9026427985780746
388.45772257328326        0.902583712870598
388.99105925743936        0.902524019153507
389.43974678311645        0.902458236663336
390.01005075167086        0.9023932910013032
390.45305276523413        0.9023530606702738
390.95840610166886        0.9022824271807018
391.48230994664755        0.9022237880588644
391.96792328608706        0.9021783487417542
392.484753473889          0.9021237776335549
392.9784838838407         0.9020670098066115
393.48122303584137        0.9020053724219035
393.98012632180667        0.9019470402817388
394.45120253292134        0.9018872809638994
394.9517344793104         0.901824437425362
395.4577225732827         0.9017604019245957
395.9856969630432         0.9017048519035267
396.431104183602          0.901657932203675
396.98650438586776        0.9015842702824696
397.45954995870056        0.9015310074371163
398.0210422293195         0.9014790253238728
398.4608475887601         0.9014279933735853
398.99659286597546        0.9013620052846932
399.47282285220774        0.9013143072858134
399.99342745566696        0.9012555621774269
400.45542570115026        0.9011984165660625
400.99158663769606        0.9011371410917609
401.45772257328224        0.901085104150154
401.99105925743834        0.9010217510461763
402.4577225732821         0.9009699373787541
402.99105925743834        0.9008984951233551
403.457722573282          0.900843580948005
404.0209709349833         0.9007778388432992
404.4568632700325         0.9007194418107889
405.06223071113163        0.9006570856911686
405.4561259021058         0.9006169057323934
405.9910592574379         0.9005464608002135
406.45772257328167        0.9004908516368559
406.9910592574379         0.9004359724411375
407.45772257328167        0.9003832223789662
407.9910592574379         0.9003262427766854
408.45772257328156        0.9002711837289843
408.99105925743777        0.9002109377875638
409.45772257328156        0.9001568137270819
409.99105925743777        0.900094189357161
410.45772257328144        0.900037177664041
410.99105925743766        0.8999777308663834
411.494990641952          0.8999301911155636
411.994046187762          0.899874403774965
412.4764221009774         0.8998153356985895
412.9840888523345         0.8997592924758461
413.4552285117287         0.8996970769956251
413.9890955308707         0.8996322219334789
414.45772257328144        0.8995801024079834
414.9910592574372         0.8995094176949547
415.4512035323081         0.8994626673543697
415.95738008429487        0.8993932093298606
416.48911318952116        0.899324488445727
416.9559897582109         0.8992500267448327
417.43319929391964        0.8991747111492203
417.9783523656099         0.8991211325304289
418.44182908607877        0.899066467751829
418.98668918309295        0.8990108066877601
419.4078077431692         0.8989617925348496
420.01491353441713        0.8988850935589128
420.44112385142716        0.8988195039457392
421.03763277655275        0.8987424550460296
421.434004901776          0.8986826414579403
421.99618762903765        0.8985931851699753
422.4577225732935         0.898542912875298
422.98797036034057        0.8984444184998972
423.4986856615151         0.8983713125242287
423.99120145630366        0.8983088289327567
424.43106287470687        0.8982419044854715
424.97216214586194        0.89817952192209
425.4499756834417         0.8981014164698253
426.00051121723914        0.8980304548312108
426.4588213605523         0.8979797094523911
426.9721343995059         0.8979067595386949
427.4605332436655         0.8978522164024498
427.97963269519823        0.8977846417556382
428.43195022803377        0.8977218081825414
428.983750907992          0.8976534632499373
429.4408724664461         0.8975859549731879
429.9952584579994         0.8975079537883666
430.46494785813206        0.8974598986049862
430.9915957280506         0.8973902667824007
431.4579158931439         0.8973341925084268
431.9829480678993         0.897280622009524
432.40704806437475        0.8972296294763424
432.9883850539354         0.8971625574412202
433.4266347020923         0.89710938878262
434.0103865582016         0.8970433808252031
434.4572261648053         0.8969950710072038
434.9905767433388         0.8969271573571868
435.458702733634          0.8968719242965334
435.9859972493299         0.8968100617005458
436.45078245306934        0.8967586694638643
436.97630133460177        0.8967005132959933
437.4615946974051         0.8966384378837731
437.99105925744993        0.8965731105162731
438.4577225732934         0.8965170590927258
438.99105925744993        0.8964579642088318
439.4577225732934         0.8964012012639943
439.99105925744993        0.8963405742907532
440.45772257329327        0.8962827516597179
440.9910592574498         0.8962205939471736
441.45772257329327        0.8961598048990111
441.9931477094408         0.8960944116602133
442.46557166363425        0.8960344183160548
442.9713073530504         0.8959732200711205
443.48021739393596        0.8959128036394669
444.01196163234715        0.8958533453456347
444.46295071686336        0.895794805298878
444.9901830886389         0.8957304041887869
445.4583522396928         0.8956788120638276
445.97873801601054        0.8956189287955058
446.45772257329304        0.895560138947902
446.9910592574497         0.8954990780696871
447.4440071966976         0.8954439642585683
447.9958703380822         0.8953811695912273
448.4395379118132         0.89532892925652
448.97491747029983        0.8952611228750499
449.4560161927013         0.8952045046343324
449.99541194157837        0.8951387942060477
450.4676477385498         0.8950816590437547
450.9919838360721         0.8950165719442728
451.4762819686416         0.8949637798994841
451.9929359850029         0.8948990009665295
452.4577225732928         0.8948380479360974
452.9910592574495         0.8947696405322314
453.4577225732928         0.8947084274280674
453.99105925744936        0.894641560323467
454.4577225732928         0.8945884709757611
454.99105925744936        0.8945222843839913
455.4577225732928         0.8944689265196407
455.9705545001889         0.8944005418547932
456.44152705683746        0.8943458076588765
457.0172127602103         0.8942873784378055
457.4612337644886         0.8942378186892304
457.99105925744925        0.8941705532448646
458.4577225732926         0.8941148441494557
458.99105925744925        0.8940543160014396
459.4577225732926         0.8939980236777583
459.99105925744914        0.8939364128136028
460.4577225732926         0.8938820565184226
460.99105925744914        0.8938171637837143
461.4577225732926         0.8937620823746142
461.991059257449          0.8936930700395851
462.45498487885175        0.8936406920052312
462.98531758692366        0.8935838231253658
463.4471077381529         0.8935312037463619
463.9958965077352         0.8934659012732369
464.4506931626938         0.8934127354913246
464.9846106508503         0.8933408572749535
465.4591747517733         0.8932743067264565
465.9908082409962         0.8932034527676307
466.45763768756535        0.893149150615252
466.97061977168664        0.8930896853487928
467.4529163667679         0.8930241232333578
467.9892242457008         0.8929583960407071
468.45308229799593        0.89290134970853
468.99249897338746        0.8928359426576223
469.48311749895356        0.892780339964593
469.98487496756013        0.892718178470435
470.4740958001712         0.8926502664309458
470.9910592574487         0.8925966593268335
471.457722573292          0.8925430515514589
471.9910592574487         0.8924793074880485
472.457722573292          0.892423295134823
472.99105925744857        0.8923548630285237
473.457722573292          0.8922969433557106
473.99105925744846        0.8922251247120724
474.457722573292          0.8921682481262394
474.99105925744857        0.8920907724383687
475.457722573292          0.8920320154232886
476.0123217841858         0.8919712900177302
476.45671961248433        0.8919150986426758
476.9944201730825         0.8918397271571107
477.46263751494007        0.8917796187414148
477.99105925744857        0.8917130097606297
478.4577225732918         0.8916584771050716
478.99687793717953        0.8915942794897559
479.45716980558007        0.8915366018061898
479.99105925744846        0.8914772815478299
480.4577225732918         0.8914172722179685
480.99105925744834        0.8913578236297758
481.4577225732919         0.8912975303904482
481.99105925744834        0.8912345678304103
482.4577225732918         0.8911800533514364
482.99105925744834        0.8911153124385716
483.4577225732918         0.891058770869414
483.99105925744834        0.8909941994488896
484.4577225732917         0.8909331944751566
484.99105925744834        0.8908692756503733
485.4577225732917         0.8908127593807407
485.9910592574482         0.8907480420975579
486.4577225732917         0.8906904301221499
486.9910592574482         0.8906269925869358
487.4577225732917         0.8905727318349497
487.9910592574482         0.8905086070174295
488.4577225732917         0.8904513960936247
488.9910592574482         0.8903867648888509
489.46144892169104        0.8903345582021096
489.9780721937566         0.8902710369850961
490.4876783722236         0.8902135767606667
490.9942777863696         0.8901526619092182
491.4823244265332         0.8900901321307102
491.9937025445246         0.890026211367913
492.45772257329145        0.889961496284067
492.991059257448          0.8898901347564351
493.45772257329145        0.8898297859131906
493.9910592574479         0.889756232315177
494.45772257329145        0.889685586896771
494.9987126098729         0.889605105883097
495.48126206609527        0.8895450019134876
496.00308000833616        0.8894838023034346
496.47824939247255        0.8894264347208485
497.0083874643361         0.8893630148056121
497.45873403029816        0.8893093073156296
497.9716619153571         0.8892360107857453
498.4607039710685         0.8891682900027487
498.9814094217264         0.8890979526018092
499.4667573387568         0.889042095874016
499.9681441425232         0.8889764841875597
500.4577225732912         0.8889027870513879
501.00078831845565        0.8888380449381341
501.45239774033007        0.8887908955384458
502.00763660773055        0.8887120832756535
502.46134217384963        0.8886463796396801
503.01144574127807        0.8885676718352408
503.4609830196056         0.8885106411163961
503.99105925744766        0.8884364161473404
504.4577225732911         0.8883745333435005
504.99021170544734        0.8883080165589048
505.4312813211973         0.8882482813950072
505.99018003405706        0.8881753553439372
506.4302932624039         0.8881086831182352
507.04416159733           0.8880381306511799
507.45405137617115        0.8879750407006526
507.99105925744755        0.8878858413393138
508.45772257329077        0.887823590725119
508.9969164934639         0.8877477744992567
509.4661551879208         0.8876810561375126
509.9993867760834         0.8876080998467492
510.45829763851543        0.8875479958227431
510.9806417274251         0.8874667867739048
511.46148106531996        0.8874005382956235
511.9902689465622         0.8873274094348329
512.4467872645657         0.8872672837384982
512.9910592574472         0.8871956337310728
513.4577225732907         0.887137838285424
513.9910592574472         0.8870682135656784
514.4577225732905         0.8870116006449608
514.9910592574472         0.8869452408026389
515.4577225732905         0.8868871244088374
515.9910592574471         0.8868196751512222
516.4577225732905         0.8867606738256011
516.9910592574471         0.8866933038033948
517.4577225732907         0.886635189083981
517.991059257447          0.8865722107600978
518.4577225732908         0.8865110210257844
518.9910592574468         0.8864461388726352
519.4577225732912         0.8863828518799897
519.9910592574462         0.8863168243447391
520.4577225732921         0.8862589808433144
520.9956348543578         0.8861948572518248
521.4437325956216         0.8861410457127181
521.99176886079           0.8860659516699786
522.4494855150317         0.8860082628462451
522.9910592574354         0.8859345326806044
523.4577225733119         0.8858756673499291
524.0311494115952         0.8858153247037593
524.4622917347563         0.8857624789283468
524.9925515436234         0.8856947028091121
525.4196617199929         0.885643489251495
525.9887840144338         0.885556773129652
526.4426016151193         0.8854970990784932
526.9892434113901         0.8854174717518573
527.4456965688737         0.8853587014608412
527.991059257063          0.8852894297768006
528.4577225740385         0.8852272286666534
528.9910592567771         0.8851630675724812
529.4577225747737         0.8850981396425633
529.9910592563687         0.8850308673086642
530.457722576392          0.8849635990108238
530.9910592559526         0.8848899407767187
531.4577225803705         0.8848227705614145
531.9984203774009         0.884761089790131
532.4111727582616         0.8846897856145695
533.0338876746773         0.8846051476317861
533.4364504774302         0.8845410910548928
534.0701004673995         0.8844575101005812
534.4685379573033         0.884413806258244
534.9887058904123         0.8843250992628204
535.4540477904868         0.8842761142860074
535.9516761181507         0.8842153575198041
536.4583759440968         0.8841444106268399
536.9676175214072         0.8840767100854905
537.4577244228374         0.8840013927604229
537.9910598664987         0.8839316875188061
538.4196476755858         0.883852138586438
538.9854066497752         0.8837698243129978
539.4577285366526         0.8837322077604632
539.991060897198          0.8836595398450441
540.4577313063279         0.8836040557654816
540.9910614719724         0.8835304049851876
541.45773406881           0.8834735233848097
541.9910620125181         0.8833976074643612
542.4577367051224         0.8833397828287752
542.9910625427842         0.8832693441749356
543.457739312311          0.8832111148268607
543.9910630701147         0.8831392538066446
544.457741839117          0.8830798602499108
544.9910635420827         0.8830102169773871
545.4577440573742         0.8829489669178059
545.989767116746          0.8828867771889625
546.4305201374336         0.882828593795383
546.9910643764684         0.8827460906887025
547.4577484054481         0.882681521018957
548.0023922292677         0.882608121551581
548.4599249542327         0.8825441139006824
548.9910658955234         0.8824726474593931
549.4577563480341         0.8824064546945591
549.9919366573951         0.8823431962501703
550.4356561807231         0.8822808229500461
550.9903303054085         0.8822045034991567
551.438851318575          0.8821409897354715
551.9961878650195         0.8820604231002408
552.456495205387          0.8819942480119083
553.0423324488709         0.8819256335898019
553.469073818188          0.881864707241603
554.0087399154105         0.881779380426799
554.4795775399766         0.8817102147314183
554.9910685328197         0.8816426526699931
555.4529513396915         0.8815930105286416
555.9582965890979         0.8815237955552145
556.4767285144405         0.8814530728609451
556.9899068596818         0.8813805275699689
557.474603929211          0.881315895895597
557.9851343413543         0.881244630260667
558.4413800050716         0.8811701049604967
558.9897334737741         0.8810932716938493
559.4390115966843         0.8810277082821729
560.0151426835221         0.880947379741334
560.4444382031877         0.880873519678097
561.0034667304111         0.880783737849697
561.4633524678923         0.8807170054103772
561.9917328171359         0.8806329592623353
562.4578094394791         0.8805710110501377
562.9910768523647         0.880476905386601
563.4467217046349         0.880405401563028
564.0453614615795         0.8803449664514006
564.4506636167316         0.880284589955129
565.0036333204607         0.8802023808000299
565.4257578266034         0.8801361004658759
566.0098826621257         0.88005309103476
566.4448772143933         0.8799893692933791
567.0121429089144         0.8799091759000194
567.4416161670313         0.8798362847321572
567.9836508918469         0.879752545407251
568.4756980633715         0.8796943036783968
569.0123968663258         0.8796322113133456
569.4632119275623         0.8795612636344132
570.0055476913071         0.8794757437039274
570.4455594101527         0.8794076866132002
570.9909476198893         0.8793160268101101
571.4545469750566         0.8792540438420617
571.9970045256962         0.8791705785994811
572.457497945152          0.8791057611389124
572.9868486833246         0.8790282882587277
573.4501166369712         0.8789406576712744
574.005266511833          0.8788724459992473
574.4064999724906         0.8788164028972119
574.9788234787009         0.8787268243285895
575.4319620593694         0.8786626117683358
575.98494969788           0.8785776132649645
576.457795492538          0.8785073810337836
576.9835683502274         0.8784361050693186
577.4584842524241         0.8783610791794849
577.9832401999163         0.8782865544338462
578.479364770782          0.8782282764328861
578.9788398000652         0.8781585584693772
579.4572477627056         0.878086041784619
579.9805126381489         0.8780094043447508
580.4500438865483         0.8779468147530438
580.9691444885541         0.8778759299471981
581.4303123808617         0.8778138163472116
581.9765240954404         0.8777203796261823
582.4581063196042         0.8776446569483056
583.0155245033968         0.877559094327943
583.4670027994371         0.8775034517128879
583.9738356593684         0.8774383207285626
584.3979218590408         0.8773783259207519
584.9760088976125         0.8772895772769146
585.4569913065037         0.8772219133766701
585.9700095300987         0.8771534708545037
586.4564919980884         0.8770746264005811
586.983344936607          0.8770018405267679
587.4580066666514         0.8769233031392384
587.9798510402017         0.8768439304005999
588.4718567742776         0.8767699954344075
588.9868070622176         0.876695014533424
589.4555148372322         0.8766266179289889
589.963476451297          0.8765508735081454
590.4573921978158         0.8764705519317901
591.0226538964513         0.8763877190697511
591.4725609571437         0.8763354598869617
591.9837448047282         0.8762620675510038
592.4857333386318         0.8761875733762328
592.9688109239257         0.8761177640367096
593.3987814543907         0.8760446787949756
593.8978544789409         0.8759571439319285
594.3913505793045         0.875894101501473
594.7513375917949         0.875800099056392
595.044785577671          0.8757575420653021
595.5244451849285         0.8756498183212142
595.864499952195          0.8755334642564138
596.6434387703108         0.8754516641571182
596.7031293030346         0.8754265831345445
596.7408948606328         0.8754264606250243
597.5202287523113         0.8750632864793382
598.1918919646375         0.8750360561871378
598.3360141741744         0.8749493713550323
598.4713862626388         0.8749455320130675
599.1240553110965         0.874555764577466
599.7263648476633         0.8746176408175601
600                       0.874507911884524
