0.909726372
0.909726372
0.909726372
0.909726372
0.909726371
0.909726372
0.909726367
0.90972637
0.909726368
0.909726367
0.909726356
0.909726353
0.909726323
0.909726337
0.909726319
0.909726287
0.909726259
0.909726204
0.909726111
0.909725878
0.909725663
0.909725489
0.909724902
0.909724523
0.909723921
0.909723358
0.909722783
0.909722067
0.909720801
0.909719699
0.909718439
0.909717309
0.909715949
0.909714508
0.909712338
0.909710424
0.9097076
0.909704812
0.909702377
0.909699332
0.909694912
0.90969237
0.909688815
0.909685286
0.909680259
0.909676037
0.909671276
0.909666467
0.909660328
0.909654966
0.909648227
0.90964244
0.909635327
0.909629309
0.909621683
0.909614622
0.909606369
0.90959805
0.909588526
0.90957892
0.909568499
0.909559562
0.909548234
0.909538253
0.909524211
0.909513736
0.909501288
0.909488511
0.909475195
0.909460225
0.909444196
0.909431956
0.909416521
0.909399775
0.909384534
0.909366814
0.909346682
0.909333572
0.909311763
0.909293045
0.909274405
0.909257689
0.909239437
0.909224167
0.909205015
0.909185438
0.909161746
0.909138864
0.909118654
0.909099227
0.909071155
0.909046376
0.909026996
0.908997691
0.908965423
0.90895727
0.908929803
0.908905901
0.908879353
0.908852271
0.908818812
0.908798168
0.908777088
0.908749094
0.908719959
0.908697215
0.908664525
0.908639445
0.908609271
0.908581878
0.908551434
0.908525373
0.908495582
0.908466068
0.908435212
0.908404948
0.908373765
0.908347267
0.908317732
0.908285821
0.90825532
0.908219097
0.908186502
0.908147423
0.908112095
0.908082695
0.908051747
0.908013926
0.907978746
0.907944702
0.907906891
0.907872211
0.907832286
0.90780225
0.907763148
0.9077323
0.907694736
0.907666415
0.907613635
0.907579703
0.907534875
0.907490321
0.907456528
0.907433595
0.90738765
0.907350708
0.907295942
0.907255965
0.907206385
0.907153786
0.907116504
0.907095401
0.907053643
0.907019855
0.906971148
0.906934044
0.90689067
0.906852442
0.906800821
0.906761265
0.906702421
0.906666549
0.906625741
0.906593085
0.906528594
0.906488249
0.906441903
0.906401947
0.906343882
0.906301281
0.906262351
0.906223185
0.906161063
0.906111423
0.906056456
0.906011538
0.905959136
0.905905233
0.905852639
0.905803105
0.905729559
0.905682861
0.905649723
0.905590707
0.90553323
0.905503132
0.905436153
0.905393736
0.905348963
0.905303721
0.905247106
0.905206954
0.905153836
0.905103214
0.905057434
0.905023062
0.904958772
0.904911914
0.904860268
0.904814328
0.904753465
0.904709983
0.904643089
0.904613831
0.904556408
0.904514192
0.904453382
0.904409075
0.904342397
0.90429906
0.904253368
0.904211128
0.904139329
0.904091375
0.904039053
0.903992768
0.903924671
0.903873725
0.903823708
0.903774869
0.903707104
0.903661676
0.903608288
0.903564044
0.903500411
0.903452158
0.903388344
0.903342584
0.903289029
0.903242581
0.903186555
0.903143132
0.903079997
0.903030236
0.902981985
0.902936241
0.902874512
0.90282758
0.902767788
0.902716945
0.90266244
0.902610441
0.902550713
0.9025054
0.90244437
0.90239418
0.902340842
0.902283996
0.902227502
0.902169886
0.902114023
0.902062506
0.901999795
0.901949287
0.901896983
0.901847964
0.901786161
0.90173643
0.901679254
0.901627321
0.901570666
0.901519483
0.901460198
0.901410083
0.901345274
0.901294577
0.901237522
0.901187802
0.901130851
0.90108252
0.901024676
0.900975302
0.900910794
0.900857689
0.900800511
0.900750241
0.900694229
0.900644014
0.900588088
0.900529578
0.90046567
0.9004164
0.900361354
0.900312012
0.900251318
0.900188757
0.900134942
0.90008065
0.900010685
0.899953648
0.89990213
0.899855442
0.899783837
0.899727463
0.899661625
0.899604602
0.899543285
0.899498436
0.899433711
0.899380279
0.899327218
0.899270498
0.899208835
0.899158945
0.899093997
0.899038866
0.89897829
0.89892523
0.89886412
0.898813538
0.898740605
0.898669248
0.898604707
0.898569716
0.89849264
0.898439513
0.898399654
0.898344563
0.898279251
0.898228193
0.898160558
0.898105358
0.898051359
0.898004743
0.89792733
0.897874769
0.897819122
0.897766286
0.897704048
0.8976543
0.897598401
0.897532923
0.897472117
0.897429083
0.89736661
0.897313725
0.897253776
0.897201576
0.89714268
0.897089528
0.897024656
0.896974543
0.896918665
0.896868924
0.896804024
0.89674996
0.896691086
0.896638533
0.896575333
0.896523297
0.896453802
0.896400627
0.896348658
0.896299354
0.896222928
0.89616215
0.896097427
0.896042137
0.895984517
0.895926231
0.89586053
0.895807441
0.895736899
0.895679219
0.895608897
0.895550205
0.895489995
0.895431514
0.895370282
0.895309127
0.895243675
0.89518944
0.895127301
0.895063089
0.894997627
0.894938722
0.894884821
0.894821496
0.894752303
0.894702639
0.894624533
0.894569223
0.894509522
0.894455713
0.894381665
0.894321121
0.894260157
0.894201798
0.894127819
0.894066792
0.893993191
0.893948071
0.893884691
0.893811772
0.893756256
0.893695715
0.893625295
0.893571486
0.893493044
0.893430109
0.89336968
0.89331322
0.893241191
0.893188741
0.893121265
0.893056387
0.892977426
0.892894109
0.892837572
0.892784344
0.892692964
0.892628761
0.892584544
0.892520142
0.892448635
0.892379634
0.8923141
0.892256549
0.892190117
0.892130693
0.892060018
0.891999723
0.891941839
0.891874673
0.891810457
0.89175879
0.891690773
0.891636611
0.891566836
0.89150826
0.891429526
0.891365462
0.8912981
0.891224393
0.891135482
0.891079684
0.891018592
0.890954268
0.890897515
0.890844615
0.890768483
0.890716756
0.890655026
0.890595493
0.890519164
0.890457899
0.890388789
0.890334963
0.890262963
0.890209075
0.890136957
0.890077089
0.890012085
0.88995638
0.889887169
0.889829543
0.889751781
0.889693712
0.889622732
0.889567073
0.889499526
0.889443059
0.889373836
0.889313076
0.88924885
0.8891859
0.889118245
0.889058887
0.888996498
0.888937117
0.888875543
0.888815332
0.888747876
0.888686197
0.888628361
0.888568262
0.888496144
0.888440694
0.888372547
0.888319933
0.888246761
0.88819079
0.888122411
0.888053792
0.887983929
0.887922433
0.887855136
0.887797163
0.887709555
0.88765419
0.887600085
0.887536777
0.887468926
0.887405783
0.887342444
0.887273085
0.887206132
0.887136247
0.887064891
0.887001988
0.886929076
0.886871023
0.88680858
0.886745649
0.886663919
0.886611044
0.886528895
0.886461804
0.886387735
0.886327533
0.886252681
0.886201131
0.886126357
0.886075472
0.885987712
0.885929578
0.885859191
0.885802885
0.885721362
0.885658323
0.885584909
0.88552193
0.885453544
0.885395
0.885330231
0.885258641
0.885195101
0.885113466
0.885045247
0.884987469
0.884918126
0.884848897
0.884785374
0.884724491
0.884645692
0.884580535
0.884500843
0.884450956
0.88436132
0.88430281
0.884229246
0.884149417
0.884079486
0.884014933
0.883943136
0.883881222
0.883814349
0.883750839
0.883682682
0.883619579
0.883552024
0.88348698
0.883422122
0.883359261
0.883278349
0.88321867
0.8831265
0.883068179
0.883001236
0.882938336
0.882868906
0.882810656
0.882742679
0.882669576
0.88259372
0.882528015
0.882458539
0.882396876
0.882334581
0.882267691
0.882189555
0.882121163
0.882031852
0.881970112
0.881893716
0.881817425
0.881737371
0.881695782
0.881614642
0.881562354
0.88146572
0.881397404
0.881320849
0.881254252
0.881173277
0.881117912
0.881054237
0.880968703
0.88090369
0.880835067
0.880752059
0.880676642
0.880596255
0.880550215
0.880477476
0.88039563
0.880314718
0.880258663
0.880178943
0.880098567
0.8799984
0.879920753
0.879849158
0.879822782
0.879721156
0.879645477
0.879575292
0.879511759
0.879433411
0.879370643
0.879304599
0.879242774
0.879173914
0.879115902
0.879035309
0.87897058
0.878900337
0.878834674
0.878759103
0.878689114
0.878618817
0.878554409
0.878485088
0.878418072
0.878349837
0.878284064
0.878219063
0.878148849
0.878078003
0.878013076
0.877941086
0.87787122
0.877796928
0.877735608
0.877659493
0.877598163
0.877521201
0.877457886
0.877373656
0.877308219
0.877230528
0.87716481
0.877068688
0.876996957
0.876939237
0.876870557
0.876794905
0.876722323
0.876640058
0.876582359
0.876506215
0.876434006
0.876345817
0.876273727
0.87617672
0.876092744
0.876014385
0.875929687
0.875848481
0.875782529
0.875698011
0.875626007
0.875541886
0.875471783
0.875380188
0.87530848
0.875243841
0.875183536
0.875095883
0.875027303
0.874937851
0.874867432
0.874768966
0.874700211
0.874613303
0.874542915
0.874459243
0.874386631
0.874319396
0.874253283
0.874171154
0.874101973
0.874016527
0.873949126
0.87387295
0.873786123
0.873699082
0.873598581
0.873517187
0.873442615
0.873374383
0.873306539
0.873221404
0.873147898
0.873069726
0.872987864
0.872886638
0.8728138
0.872729241
0.872647827
0.872552733
0.872485183
0.872415365
0.872351315
0.872260115
0.872189643
0.872112478
0.87204504
0.871947519
0.871879616
0.871795314
0.871727011
0.871630062
0.871554768
0.871452651
0.871376455
0.871309824
0.871241713
0.871163039
0.871090924
0.871000953
0.870933242
0.870856812
0.870787387
0.870718092
0.870640198
0.870562915
0.870499812
0.87042647
0.870353717
0.870278973
0.870203924
0.870129975
0.870052535
0.869974265
0.869907652
0.869826939
0.869757192
0.869671406
0.869599771
0.869516545
0.869449322
0.869363996
0.869295867
0.86920294
0.869133571
0.869048561
0.868978766
0.868887957
0.868824395
0.868737113
0.868655958
0.868581579
0.868508406
0.868431579
0.868364198
0.868275038
0.868208143
0.868121334
0.868050711
0.867974379
0.867904411
0.867826053
0.867756302
0.867685387
0.867622383
0.867538369
0.867472585
0.86738698
0.867327497
0.867234671
0.86716805
0.86709536
0.867033297
0.866946083
0.866882177
0.866797782
0.866734509
0.866638225
0.866565018
0.866488302
0.866408413
0.866329021
0.86623544
0.866147195
0.86608491
0.865988897
0.86590267
0.865833859
0.865753809
0.86567255
0.865588709
0.865502705
0.865417266
0.865323814
0.865238965
0.865161315
0.865096559
0.864994704
0.864922444
0.864848923
0.864780409
0.864690631
0.864625519
0.864543006
0.864464405
0.864376999
0.864298084
0.864210722
0.864139757
0.864046376
0.863972547
0.863876695
0.863801735
0.863712215
0.863655343
0.863561195
0.863483498
0.863406837
0.863333429
0.863255576
0.863178654
0.863099281
0.86302073
0.862937039
0.86286307
0.862782024
0.862710559
0.862636473
0.862552865
0.862471565
0.86239031
0.862303255
0.862231582
0.862141792
0.862080268
0.861984881
0.861891476
0.861791308
0.861684781
0.861615438
0.861547266
0.861474194
0.861404553
0.861303605
0.861219537
0.861115473
0.861043166
0.860933144
0.860869731
0.86074533
0.860657214
0.860582703
0.860498708
0.86042153
0.860325098
0.860233112
0.86016835
0.860077456
0.860006298
0.859919226
0.859838112
0.85974394
0.859654058
0.85954999
0.859488843
0.859395112
0.859318316
0.859253321
0.859184784
0.859091186
0.859017813
0.85892273
0.858858038
0.858764412
0.858688177
0.858596235
0.858527927
0.858455487
0.858371688
0.85828902
0.858217069
0.858138717
0.858064564
0.857983714
0.857909765
0.857828275
0.85774765
0.857660636
0.857587272
0.857503406
0.857425464
0.857344093
0.857264433
0.857174122
0.857102295
0.857020921
0.856938129
0.856853918
0.856777602
0.856694168
0.856619541
0.856525857
0.856445932
0.856349246
0.856261547
0.856168857
0.856095084
0.856009412
0.855925301
0.855835804
0.855751176
0.855655548
0.855578172
0.855474984
0.855395371
0.855285513
0.855205871
0.855118134
0.855045909
0.854949972
0.85487039
0.854780418
0.854695806
0.854600548
0.854523022
0.854432268
0.85435434
0.854252582
0.854180475
0.854104294
0.854027128
0.853936109
0.853860374
0.853756795
0.853658204
0.853552408
0.853475626
0.853392265
0.853291
0.853192646
0.853104173
0.853010372
0.852933074
0.852844584
0.852745705
0.85266818
0.852593037
0.852504376
0.852430051
0.852332836
0.852249418
0.852145609
0.852066879
0.85195024
0.851870369
0.85178903
0.851714206
0.851612058
0.851529924
0.851430928
0.851346374
0.851251145
0.851169174
0.85108853
0.851004283
0.85092404
0.850837039
0.850748852
0.850670969
0.850583533
0.850502434
0.850412996
0.850329543
0.850240482
0.850154483
0.850063717
0.849976327
0.849883028
0.849807382
0.849709715
0.849630666
0.8495305
0.849453731
0.849361795
0.849278947
0.849191857
0.849101924
0.849014629
0.848922144
0.848823339
0.848737595
0.848628336
0.848535413
0.848416547
0.848333185
0.848248386
0.848165287
0.848076202
0.847996963
0.847900567
0.847801733
0.847706946
0.847627196
0.847541305
0.847439866
0.847360131
0.847295632
0.847198932
0.847112521
0.847013604
0.846941048
0.846838581
0.846759967
0.846671815
0.846594164
0.846497407
0.846413207
0.846313354
0.84623361
0.846112973
0.846035613
0.845942322
0.845858176
0.845767284
0.845693616
0.845590079
0.845510903
0.845422754
0.845346624
0.845253257
0.845173594
0.84508244
0.844998433
0.844911443
0.844830528
0.844740639
0.844659028
0.844566387
0.844486794
0.844398405
0.844315676
0.844225048
0.844141929
0.844047722
0.843965377
0.843870282
0.843786213
0.843675011
0.843595006
0.843475843
0.843387644
0.843308731
0.843230755
0.843132202
0.84305196
0.842931502
0.842848129
0.842733058
0.842651756
0.842550773
0.842464288
0.842364708
0.842273913
0.842181763
0.8420873
0.84198219
0.841888712
0.841800757
0.841701223
0.841580689
0.841484071
0.84136753
0.841301158
0.841181335
0.841110866
0.841024593
0.840927859
0.840837784
0.840731469
0.840633931
0.840519907
0.840400957
0.840348963
0.840246468
0.840171346
0.840070116
0.839995802
0.839889043
0.839813538
0.839697966
0.839617904
0.839520772
0.839439617
0.839349183
0.839266772
0.839184082
0.839106986
0.83899761
0.838914507
0.838821753
0.838739015
0.838645051
0.83856008
0.838474367
0.838393101
0.838291318
0.838206446
0.838091412
0.837999939
0.837909827
0.837823968
0.837707551
0.837603778
0.837512374
0.837436521
0.837340888
0.837242103
0.837140008
0.837044698
0.836939794
0.836840088
0.836737015
0.836646361
0.836537957
0.836441602
0.836316702
0.836226962
0.836113326
0.836026267
0.835892669
0.835797941
0.835719562
0.835643055
0.835529197
0.835444832
0.83533516
0.835249647
0.835141349
0.835034633
0.834900742
0.834818533
0.834734481
0.834633369
0.834520567
0.834425249
0.834305699
0.834222052
0.834105693
0.834015411
0.833914274
0.833795792
0.833714956
0.833636467
0.833513708
0.833427563
0.83330913
0.833212105
0.833107341
0.832995837
0.832894303
0.832815248
0.832713453
0.832611637
0.832498343
0.83241264
0.832309085
0.832226336
0.832105747
0.832002729
0.831886225
0.831816153
0.831728046
0.831649094
0.831529062
0.831437767
0.831350721
0.831245006
0.831148535
0.831046357
0.830936918
0.830836141
0.830742235
0.830652125
0.830553237
0.83044677
0.830338865
0.830279016
0.830176739
0.830079829
0.829984696
0.829879384
0.829765477
0.82968026
0.829544016
0.829484294
0.829337546
0.829151058
0.829039276
0.828999827
0.829000241
0.828412162
0.82839247
0.828252002
0.828250342
0.82764795
0.827741167
0.827590404