% Model:              CMSL_AJB_O2_20210227_AdptLKR.mph
% Version:            COMSOL 5.5.0.359
% Date:               Feb 28 2021, 00:48
% Dimension:          1
% Nodes:              1208
% Expressions:        1
% Description:        Line graph
% cln1x                   Height
0                         0.9222978273875754
0.07644537880878488       0.9224263577121785
0.8127602615697924        0.9236556905063278
1.5333611862234306        0.9247756815245286
1.691313091440577         0.9250333876277345
1.8429681349171005        0.9252549261262983
2.5419370262270036        0.9263254006726862
3.2174618005118987        0.9272429607134524
3.274558342129012         0.927326893450033
3.404895743775228         0.9274988608422824
3.955876995275162         0.9282805385351617
4.140306653069729         0.9285112458991626
4.689754130582742         0.9292359805651985
4.9906938820326445        0.9296216950520412
5.457047219396202         0.9301840220359778
5.655585384957362         0.9304263695971382
6.129825952080182         0.9310008823439017
6.526795916652645         0.9314469357810236
7.013540003992716         0.9319908557643347
7.396171616410868         0.9324144125417592
7.98464101751739          0.933039523241469
8.354363779026244         0.9334077460788014
9.000420925930882         0.9340639722802127
9.443002490288109         0.9344853438314362
9.998298162578806         0.9350090513933376
10.467453214465024        0.9354298292727312
10.997184887368007        0.9358861770093923
11.423543391872272        0.9362439922397375
11.99901420936078         0.9367237230514797
12.474907543775771        0.9371008918864716
12.9889728045693          0.9374985049937239
13.468372678326318        0.9378548127150876
14.0151494739913          0.9382419281112384
14.464274135202345        0.9385548100717696
15.011120710228454        0.9389253565585037
15.462006218028478        0.9392194843036137
15.996249183457735        0.9395655993359006
16.45760037942813         0.9398511985111604
16.991022358406894        0.9401623425829084
17.387868124577608        0.9403986699903891
17.97390812048758         0.9407337827115382
18.459738787339063        0.9409879421379906
19.015126087754936        0.9412738243840889
19.456953417825503        0.9414962337089223
19.99122301803868         0.9417620698219539
20.457522880578153        0.9419824432759099
20.991816970559114        0.942226493990956
21.456958540726703        0.9424317107618185
21.992082734458506        0.9426610778688913
22.465177304545932        0.9428547070960895
22.99468565551541         0.9430668536784144
23.45601706578134         0.9432458878421569
23.991781244174263        0.9434471312804287
24.45108715582711         0.9436127458784057
24.987735683116284        0.9438015100856101
25.45481915394157         0.9439587375942706
25.989499946149294        0.9441340030351729
26.454353436130077        0.9442805746553586
26.987305351910095        0.9444442424733208
27.455936879918227        0.9445819798099669
27.98371566160165         0.9447327086558193
28.460673446828764        0.9448619456230904
28.986459129118657        0.9450008064558401
29.434175488268124        0.9451174372756067
29.98234061628682         0.9452581459383631
30.45698550812233         0.9453732278309253
30.98872887234228         0.9454988890572337
31.466293792747194        0.9456069709124938
31.985726064324012        0.9457212917090592
32.460581488074354        0.9458215765067088
32.98845594957436         0.9459319720218342
33.499963982363624        0.9460302860192418
33.98755619883059         0.9461194489227511
34.4508611474314          0.9462075799256032
34.97375599796976         0.9462991741379594
35.433523469263946        0.9463751722878211
36.030909973715666        0.946469596652104
36.49141286615696         0.9465381475200491
37.01697752822918         0.9466166192113914
37.48871948917213         0.9466817389714275
37.99714710422535         0.9467471382190356
38.46562238389396         0.9468053567600871
38.995657682003184        0.9468684223869213
39.4594829601063          0.9469208740361947
39.97535304896587         0.9469767147506564
40.447898666307765        0.9470254724436813
40.94794976231981         0.9470743599843153
41.45269734102067         0.9471195915490427
41.98986735275395         0.9471683439189851
42.450082874653674        0.9472070438522746
42.9890934352357          0.9472499537951017
43.45798373806025         0.9472853079525088
44.014493317146815        0.9473284113307354
44.41013465787515         0.9473509456502422
45.039189791509386        0.9473908887287449
45.419577315822835        0.9474171287540837
45.9517836630215          0.9474477413388775
46.430818837314405        0.9474727868127795
46.98057737818172         0.947502347208308
47.43891133224773         0.947524721078076
47.98868472333177         0.9475459747993064
48.483664945387005        0.9475691063105823
48.96861828489892         0.9475903990036434
49.44980538344299         0.947605880394131
49.99164740172577         0.9476240995978388
50.44263051062799         0.9476384864597795
50.993197390963616        0.9476519453830332
51.45691129547126         0.9476640912330605
51.991035510655394        0.9476761068663831
52.45760323359596         0.94768627058552
52.99103794092318         0.9476969885863947
53.46998176026338         0.9477067256147371
53.98965312332709         0.9477148691371419
54.46449569876623         0.9477207088911882
54.98873717373891         0.9477275656807889
55.46071529750509         0.9477312949095371
55.97994557701398         0.9477353674238265
56.5014107003019          0.947740853509399
56.98917752660276         0.9477437181561168
57.45927018372345         0.9477431794899007
57.96441676910541         0.9477431574766255
58.45811119115052         0.9477402132720167
58.97699945457083         0.9477389153015258
59.461074000348844        0.9477329296232322
59.98269371781589         0.9477297131787044
60.52304041236175         0.9477296820475876
60.99924531228811         0.9477255526698384
61.459346302326026        0.9477173416141443
61.96819794805447         0.9477112974371559
62.47341238404846         0.9477051438135791
62.98622994912057         0.9476974828227587
63.457682705356206        0.947689396093923
63.99105189502359         0.9476783261648243
64.45768715615668         0.947671012336314
65.00329127792327         0.9476589218217351
65.45890950807319         0.9476500284997915
66.04322665172725         0.9476403156808448
66.46288717513107         0.9476322429882625
66.99105464832667         0.9476138513683127
67.45631318986682         0.9476025806930883
67.98378545437663         0.9475869199965881
68.44829493470456         0.947569968593251
68.99859810087469         0.9475581656655317
69.42946540451305         0.9475499852859569
69.99352637339246         0.9475326165145534
70.42626308437178         0.9475191937111467
70.99151590523553         0.9474973185043256
71.45771301639945         0.9474805653845971
71.97241865834104         0.9474598095160184
72.42126092465628         0.9474368525471422
73.02958623085601         0.9474204775040365
73.44704349161344         0.9474106459745659
73.9993910656134          0.9473925073424846
74.42935210695066         0.9473783315743145
74.9882889069367          0.9473573082169179
75.43677127134242         0.9473409447950403
75.98666799450729         0.9473218846249208
76.42782936332429         0.9473040138569913
77.02135639867714         0.94728011886432
77.46056789808563         0.9472608593322327
78.02338308213194         0.9472346532741929
78.46075874005152         0.9472183931456231
78.99498492127509         0.9471989326390071
79.39112415035277         0.9471837630022113
79.99273073616695         0.9471525456021963
80.45086680501265         0.9471331254637751
81.02224203457922         0.9471111750733539
81.46065278567045         0.9470920840436363
82.02085216524421         0.9470654746751132
82.46052223059792         0.9470455298616489
82.99366190831842         0.9470259355978673
83.39156668705658         0.9470075530851464
83.99137135937207         0.9469772821628282
84.44276629072874         0.9469531161509894
84.99105836031458         0.9469261061743961
85.46060442619762         0.9469041237274054
86.00955454147282         0.9468787809784489
86.45267276390007         0.946853475845515
87.03934353718859         0.9468265966452255
87.44926522137337         0.946803123123579
87.97237324519335         0.9467660707541037
88.54438952961164         0.9467411210132084
89.0270039971989          0.9467244526933559
89.43604602990285         0.9466946598562994
90.05287370054725         0.946665219194398
90.44075791480816         0.9466498544700745
90.98361585740713         0.9466144741142841
91.45561317221859         0.9465919286681532
91.9615635584542          0.9465682480851496
92.43944086785154         0.9465453629062524
92.97457731108403         0.9465148973833413
93.45204878335767         0.946491077482718
93.98494554759816         0.9464620587688335
94.43810425388483         0.9464348612099118
94.97841903163771         0.9464089667943216
95.39639384410799         0.9463912852139884
95.99400128187733         0.946357365948711
96.44287873649739         0.9463332401078776
97.02248489452461         0.9463063555421637
97.4233900579751          0.9462824021861093
98.05526000890058         0.9462503680032451
98.46066129239352         0.9462285025917804
99.01587840049876         0.9461958310176711
99.43062801729718         0.9461814114712144
99.98622496287459         0.946153245682665
100.42366595032638        0.9461311209246872
101.02421174210622        0.9460989266380142
101.46084539255543        0.946076029195472
102.02330385825758        0.9460426193856794
102.46075987428901        0.9460196056076244
102.99485024070498        0.9459936105174657
103.3934355389132         0.9459722926815441
103.99273229019082        0.9459331236902805
104.45087309134544        0.9459078772743914
105.02421174116279        0.9458819781436175
105.46084539342212        0.9458580700913382
106.02330385772586        0.9458269942743841
106.46075987478451        0.9458025060907304
106.99393287741202        0.9457767003398151
107.40918929553163        0.9457530507943464
107.99418481503687        0.9457190886808245
108.44575184396928        0.945695404631949
109.01961021913735        0.9456676229740261
109.45545478936049        0.9456421451859661
110.02161344345745        0.9456123229045013
110.4621978411709         0.9455865646492763
110.99139295335698        0.9455545432288172
111.43340506813934        0.9455295348138906
111.99138826141376        0.9455002671356402
112.43374698520773        0.9454761346014173
112.99217091170277        0.9454461535292897
113.43013755660166        0.9454222449748133
113.99105925744198        0.9453867804046155
114.45772257328576        0.9453605649559077
114.98838571323938        0.9453345439778212
115.42840765913456        0.9453100709461756
116.00746049229139        0.9452754199235424
116.45185533674328        0.9452497133103859
116.99726481429946        0.9452173583079679
117.45598356572953        0.9451898707547985
118.01019579787373        0.945158814545471
118.46057008740331        0.9451309310712286
119.01227208302055        0.9450989733683023
119.47612937348174        0.9450746771335666
119.98891412817238        0.9450418839726457
120.49045264078632        0.9450152441891653
120.98912886755318        0.9449861548502981
121.48652322026771        0.9449552644847913
121.99489805281843        0.9449254660078763
122.45772257328571        0.9448943997809287
122.99105925744135        0.9448626751419795
123.45772257328565        0.9448358164602031
124.00748512454527        0.9448025388637606
124.47607161348935        0.9447741558035829
125.00567693365804        0.9447452614110676
125.45998221559773        0.9447182579572421
125.9910592574413         0.9446866388149466
126.45772257328565        0.9446596489338465
126.9910592574413         0.9446274955091388
127.45772257328565        0.9445998357233298
127.99030536194857        0.9445675617654387
128.44570676630042        0.9445397342359663
129.00359566118823        0.9445061624116383
129.4534121257425         0.9444779695621066
129.99105925744124        0.9444435444603853
130.45772257328548        0.9444157084848848
130.99105925744118        0.9443837921812412
131.45772257328542        0.9443563147295688
131.99039214618801        0.9443235678841108
132.447089958908          0.9442960653896154
133.00419098270714        0.9442629462745078
133.45320743369268        0.9442350862516962
133.99105925744118        0.9442014843940605
134.45772257328537        0.9441721239608489
134.99105925744112        0.9441401401688516
135.46522164713684        0.9441109172237943
135.99073749441231        0.9440796532516652
136.47410927773865        0.9440522422730317
137.003622882777          0.9440224835456894
137.46154853982273        0.9439911681460988
137.9918567732954         0.9439571426540476
138.4929752989221         0.9439323061381968
138.99473745423546        0.9439026556349991
139.4538146761625         0.9438744318028314
139.95386387732805        0.9438410420755108
140.46656081234835        0.943806003531685
141.003001476465          0.9437806827467288
141.46185398637033        0.9437497888256244
141.99105925744084        0.9437105806557404
142.433384920952          0.9436782064609495
142.98390762666043        0.9436479454172433
143.42077785782863        0.9436267961778677
143.98618879583415        0.9435864753686759
144.44013027163578        0.9435536756242273
145.0074783973099         0.9435186401253189
145.46396865669317        0.9434848238175628
146.0481212198714         0.9434509146850127
146.47718696501317        0.9434301151056077
146.98998992116333        0.9433939871781086
147.47711543361504        0.9433645344075727
147.98568980092773        0.9433317513760777
148.44719763956607        0.9432971093695132
149.00338368812606        0.9432596643560818
149.45348500938383        0.9432287971088831
149.9910592574406         0.9431926596071257
150.45772257328497        0.9431629586816825
150.99105925744055        0.9431293306326374
151.45772257328497        0.9430996051991587
151.9903054387746         0.9430649480117983
152.44341216667215        0.9430365957995308
152.97399827626413        0.9429965492547963
153.4517395999476         0.9429522849624652
154.07351456049605        0.9429188219029516
154.46654445683254        0.9428956545798175
154.98833881835577        0.9428513802521478
155.46544857437812        0.9428222283733154
155.96456428769648        0.9427965415615563
156.43842820470445        0.9427669689191249
156.99171105567615        0.9427306314471274
157.45464434529367        0.9427029224495911
158.00808025352183        0.9426653645087758
158.46393085365105        0.9426353206245563
158.98120587921227        0.9426053024304168
159.40950158234313        0.9425793606367732
159.9953750601752         0.9425363624921197
160.4564808099567         0.942506764719379
161.00554060410195        0.9424737266512838
161.45669490125243        0.9424442242526834
161.99105925744027        0.9424100022212727
162.45399018518253        0.942382020820933
162.9712311137667         0.942350161561835
163.44379740666716        0.9423151618594093
163.9938815939754         0.9422782212534242
164.4474124167793         0.9422517641181696
164.99105925744027        0.9422103716372499
165.4577225732845         0.9421794699756944
165.99105925744016        0.9421483437354868
166.4577225732845         0.9421168470448391
166.99105925744016        0.942084073616426
167.45772257328446        0.9420542814854909
167.99771248721186        0.9420172460327485
168.46717196567005        0.941988207388726
169.00887885421923        0.941952719047353
169.46106783299285        0.9419242190117294
169.99105925744004        0.9418863311598595
170.45772257328434        0.9418563069384724
170.99105925744004        0.9418217724395653
171.4577225732843         0.9417913577663599
171.99105925743999        0.9417569523521823
172.4577225732843         0.9417260476752602
172.99105925744004        0.9416871305118126
173.45772257328417        0.9416547022123272
174.03122583178572        0.9416178250366036
174.4607388097162         0.9415888506121626
174.9910592574402         0.9415500677674508
175.45772257328395        0.9415153142798773
175.99105925744067        0.9414820360762582
176.47448715894006        0.9414484994110814
176.98860683610928        0.9414161361170912
177.44593867996826        0.9413853128761911
177.9888905438661         0.9413490320949015
178.4453295897589         0.9413218934419533
178.99105925744556        0.9412844015669336
179.4577225732869         0.9412543731771961
179.99105925744846        0.9412159345436194
180.45772257328952        0.9411840342282993
180.99105925745158        0.941152591560984
181.45772257329259        0.9411193264513402
181.99105925745414        0.9410868759830355
182.45772257329554        0.9410524869461416
182.99105925745573        0.9410189378955792
183.46302576151322        0.9409868141429802
183.9764598930695         0.9409535173037208
184.4750327674921         0.9409184816420781
184.98961512787236        0.9408849045585438
185.4651441120498         0.9408521489905941
185.9984698620296         0.9408219510140342
186.4631048655463         0.9407887978924139
186.9917973327489         0.94075286258173
187.43600850353096        0.9407265735583339
187.99105925745567        0.9406863424875659
188.45772257329946        0.9406566652869688
189.00838984652927        0.9406243178928058
189.45227993333896        0.940596761138992
189.99105925745545        0.940556408666639
190.4577225732993         0.9405271271387188
191.0115867829914         0.9404928236730171
191.46180899975622        0.9404642424122132
191.99105925745533        0.9404261154258133
192.45772257329912        0.9403955328202014
192.99105925745528        0.9403610158954413
193.44700099454377        0.9403360930413753
193.94364894125948        0.940306029961362
194.47100401505998        0.9402703920616454
194.98968217794413        0.9402406692327211
195.44115139780592        0.9402108232171495
195.99207127962995        0.9401753282268086
196.43781283168147        0.9401470735511259
196.99105925745488        0.9401087297811221
197.45772257329878        0.9400776171161118
197.99446407745103        0.9400447369390077
198.44731104626146        0.9400174984733851
198.9859779688257         0.9399794394264684
199.4666256207592         0.9399534713767717
199.9700837088966         0.9399189663927979
200.47902008678284        0.9398858391958538
200.97605275799407        0.9398454950967343
201.4895841536494         0.9398040067957474
201.99105925745448        0.9397765699275265
202.45867568399456        0.9397514334962633
202.95700099290866        0.9397099589273081
203.46417292875935        0.9396766779053713
203.96624947013623        0.9396536167586615
204.4516156497309         0.9396213902326865
205.00794527596656        0.9395870823487187
205.46200164815673        0.9395539592976252
206.01248896032837        0.9395198414729955
206.45626590927992        0.9394908479603268
206.99060430399345        0.9394566808319579
207.43406960082638        0.9394265622503798
207.9910592574539         0.9393866167572235
208.447892207201          0.9393569572622804
208.9438795819492         0.9393248300926993
209.45772257329764        0.9392874134871871
209.9910592574538         0.939252402939729
210.45772257329753        0.9392239340886165
210.99105925745368        0.939188767017285
211.45772257329747        0.9391596253400792
211.99105925745368        0.9391227996457738
212.45772257329742        0.9390928238850719
212.9632528388849         0.939050285655309
213.46088137311563        0.9390146779934961
213.99105925745351        0.9389813041594017
214.42231066866992        0.9389418440337721
214.9909850166482         0.9388931665054693
215.51155582076774        0.9388704627701584
215.99265942463416        0.938839913920492
216.4577225732972         0.9388058332317564
216.9865679625787         0.9387773019140523
217.41935107964173        0.9387485879061559
217.99046857204758        0.9387047694122621
218.45079875281192        0.9386750350444586
218.9777774542353         0.9386401662055099
219.44265340149815        0.9386049469444984
219.991059257453          0.9385616292153248
220.45772257329685        0.9385264195838987
221.01496010875155        0.9384889410641908
221.45505326387877        0.938454689266812
222.03345849573827        0.9384172762982158
222.46276088654417        0.9383889222710062
222.99105925745272        0.9383479349593544
223.45772257329656        0.9383169693384302
223.99105925745266        0.9382809539486264
224.45772257329645        0.93825093652855
224.99105925745255        0.9382134455105658
225.4577225732964         0.938182026350532
225.9910592574525         0.938140372332574
226.45772257329634        0.9381081516928897
227.02336440600004        0.938072222335713
227.4546591042003         0.9380428513175614
228.02251197131994        0.9380067337183126
228.4547399398383         0.9379768527580544
228.9910592574522         0.9379369431317502
229.45772257329605        0.937904392972373
229.99105925745215        0.937867141359381
230.45772257329594        0.9378342646056644
230.99105925745204        0.9377954305064964
231.45772257329588        0.9377629464172788
231.99105925745198        0.9377280569332846
232.4577225732957         0.9376953965611083
232.99105925745192        0.9376590608103628
233.45772257329565        0.9376260471774225
233.9910592574518         0.9375877282955271
234.4577225732956         0.9375533131822238
234.9974074555343         0.9375191541193902
235.43766135995128        0.9374841524768485
236.01199700805358        0.9374440694962989
236.4592353722133         0.9374121727323327
237.00929284268585        0.9373751662447554
237.47202384467852        0.9373470528367078
237.9939420934283         0.9373079245500234
238.45436517661375        0.9372769524299474
238.9651077283189         0.9372405628058468
239.45772257329526        0.9372027611455134
239.99105925745135        0.9371657455085015
240.45772257329514        0.9371330130105431
240.99294687599627        0.9370958592072075
241.4324283799067         0.9370652740669017
241.99262298011558        0.9370194798749514
242.4747744573756         0.9369900548092124
242.98836463649786        0.936961877850498
243.47438469276665        0.9369271838481759
243.98165764849432        0.9368911984618007
244.46182300211086        0.9368560884731381
244.97630314021956        0.9368218110896924
245.4692694250262         0.9367835729540477
245.99224363718412        0.9367472559849261
246.4577225732947         0.936706893355642
246.9910592574508         0.9366679368249613
247.46180157999743        0.9366362392226651
247.9913594618289         0.936596049966331
248.45570697095985        0.936566599294293
248.97298907946043        0.9365328853432588
249.42430534973084        0.9365000627436391
249.9946918769271         0.9364572867970127
250.44387092555377        0.9364281440502672
250.9786997520049         0.936384822089234
251.45519099118206        0.9363484910780708
252.0145895053069         0.9363107693249699
252.4392189753837         0.9362796910157172
253.0304734451194         0.9362381614713573
253.43750032824164        0.9362096653962417
253.98105226352862        0.936170639941237
254.3892581371278         0.9361438544399336
255.0208399425647         0.9360946923032384
255.45984561686288        0.9360630892749318
256.01426794908036        0.9360267742204994
256.4468072729809         0.9359961665221063
256.99105925744993        0.9359527022061033
257.4577225732937         0.9359199107405476
257.9910592574498         0.9358836167198443
258.45772257329367        0.9358500944270476
258.99105925744976        0.9358133786422488
259.4585808880951         0.9357833015362356
259.9714129590841         0.9357484468514601
260.45857231981216        0.9357099703653591
260.9716090818108         0.9356753044364795
261.4575577015956         0.9356330649772115
261.9826835761355         0.9355957865010811
262.4908140280381         0.9355621917302168
262.99644904316625        0.9355246869952428
263.45772257329327        0.9354856921153609
263.99979064141326        0.9354525995780625
264.43412043941134        0.9354204960080668
265.0240396718987         0.935377874210476
265.454575855097          0.9353440433853639
266.0198130263592         0.9353017801675392
266.44574995121263        0.9352744217126474
266.97913889320245        0.9352287701847484
267.4612459913644         0.9351981465323267
267.95689404330346        0.9351633289336719
268.46214912426115        0.9351205199017274
268.9920472986279         0.9350836231146757
269.47794933283456        0.9350493679681479
269.9934642826674         0.9350123036580379
270.4739816458317         0.9349805359044279
270.9859611045398         0.9349447652583038
271.46928539052755        0.9349113460545926
271.98770219302406        0.9348743902410697
272.46720541803217        0.9348410993262687
272.98830607714024        0.9348024406682305
273.46460430096806        0.9347677933204201
273.98937596095834        0.9347349142866951
274.41941806726777        0.9347005634010142
274.99075825615466        0.9346571411270714
275.4258111724729         0.93462626669153
275.9915306070181         0.93457795954385
276.45772257329224        0.9345435177002381
276.9910592574483         0.9345072383734518
277.4577225732922         0.9344740533577358
277.9910592574482         0.9344349390600819
278.4610583858416         0.9344028350866289
278.98010666417184        0.9343640816003765
279.457722573292          0.9343259123735401
279.99105925744806        0.9342819486375666
280.4647938937066         0.9342456927061284
280.9905504202415         0.9342069244700051
281.47253981505463        0.934172264373472
281.99522034247263        0.9341381211556443
282.4388457864437         0.9341014557441745
282.9977811690259         0.934059102930324
283.44661478442447        0.9340226919981467
283.99937025258373        0.9339752260025468
284.4763659372411         0.9339423777412968
284.9844434674851         0.9339029477357214
285.4304424613059         0.9338595706561701
286.0493244917489         0.9338150985080879
286.44310990957894        0.9337889293497208
287.07463431354967        0.9337438972970978
287.4650703742021         0.9337164208558202
287.9910592574473         0.9336634898356899
288.4577225732912         0.9336296073107123
288.9910592574473         0.9335881693095931
289.4577225732911         0.9335513259997283
289.9966710511189         0.9335074988981338
290.4581459756832         0.9334763338238873
290.95768295384295        0.9334423329561233
291.45772257329094        0.933395647715386
292.00869750939194        0.9333590292592925
292.4479931365202         0.9333231537644786
293.0029759079294         0.9332779258036407
293.43529195345303        0.933235801014562
293.9979358145842         0.9331925386370064
294.45499909808956        0.9331660877008995
294.96463319854547        0.9331255390287023
295.4577225732906         0.9330821697191275
295.9910592574467         0.93303466924586
296.4848415986596         0.9330066383666988
296.9792025527129         0.9329608375601028
297.4586411147657         0.932917271466299
298.02668634685006        0.9328637499597944
298.4608835739945         0.932823413472526
299.0303906282406         0.9327836546605666
299.35883617978624        0.9327690023657167
299.9842771216024         0.9327174615018369
300.4578936986619         0.9326785474031689
301.0087384945772         0.9326400345968602
301.45238161911163        0.9326076397162208
301.99105925744624        0.9325664554804542
302.45772257329           0.9325331048362014
303.0040480719222         0.9324982086317978
303.4565260077548         0.9324656033893566
303.9979239795891         0.9324294670255222
304.44060533042955        0.9323972279474111
304.991059257446          0.9323563236891671
305.4577225732898         0.9323217073745192
305.9910592574459         0.9322851864475431
306.4577225732897         0.9322484375059277
306.9910592574458         0.9322081858941624
307.4408088423372         0.9321711124784146
307.9790944593595         0.9321331243848049
308.4521856405023         0.9320992935259946
308.96699296960446        0.9320634181305232
309.47071683735925        0.9320276858345689
309.98484663986574        0.9319913454953556
310.47902221163355        0.9319572998820966
310.9868070265863         0.9319212395668708
311.46993506811333        0.9318846394068381
311.9865458035148         0.9318476721959346
312.4692323356454         0.9318119595822334
312.9868055170839         0.931774623666047
313.4577225732892         0.9317371078965582
313.9910592574453         0.9316969152373499
314.45772257328906        0.9316638481028945
314.9910592574453         0.9316225264401685
315.45772257328895        0.9315885860086819
315.99105925744516        0.9315476569117074
316.45772257328895        0.9315132410546583
316.99105925744504        0.9314706062229259
317.45772257328883        0.9314360585518329
318.0009116562678         0.9313936301243989
318.4588644918367         0.9313586613297906
319.00449973144976        0.9313089538079747
319.4766655013185         0.9312706753353162
320.0079042678617         0.931239463581701
320.45084971710116        0.9312030097458259
320.99223324379284        0.9311625603196526
321.44077913579906        0.9311236708864759
322.00331080666535        0.9310799036572333
322.4672152142314         0.9310486113513763
323.00690887768485        0.9310076991266666
323.46007892098453        0.9309699786871306
323.9959541102045         0.9309226395849907
324.4571360174866         0.9308854103688704
324.9803575170125         0.9308348549964985
325.482501646512          0.9307930534925043
325.9814232662693         0.930752400221286
326.47157611034595        0.9307089584855377
326.999995050042          0.9306646484042589
327.45912571218037        0.9306280215552583
327.99105925744414        0.930586025501978
328.4577225732879         0.9305482048000866
328.99105925744414        0.9305043011009619
329.4577225732879         0.9304667896833871
329.9910592574439         0.9304185133257741
330.4577225732878         0.9303811058240258
331.05333850886484        0.9303477043200833
331.4573060403469         0.930315516309584
331.9870181967533         0.9302688953584386
332.4198834826253         0.9302349279484439
333.0311769609357         0.9301895360282929
333.45198950045767        0.930154687796017
333.99105925744357        0.9301014203824339
334.4723372471417         0.9300659169620098
335.0055770635339         0.9300230493173455
335.48446140085673        0.929984007734582
335.9913263919607         0.9299431061306164
336.45772257328724        0.9299035503768829
336.98778661102426        0.9298700312696991
337.4234049714215         0.9298343591597918
338.0096142068319         0.9297879257515703
338.45207146280075        0.9297537481658202
338.99105925744334        0.929707189823152
339.4596408488402         0.9296731176693289
339.96929497301653        0.9296324913716929
340.46133390753585        0.9295901034575568
340.95223093950926        0.9295448543120037
341.47959471655577        0.9294981702353066
341.9946787733917         0.929457945770728
342.5083359866695         0.9294171828916844
342.99702217867457        0.9293872008213565
343.4485840732167         0.9293524493293115
343.96655951802074        0.9293075243803961
344.46533037658287        0.9292649052365165
344.9633002821947         0.9292255955428986
345.41366165772183        0.929180507540474
345.9845343403092         0.9291269938646085
346.4334669288729         0.929093458296006
347.00908091343683        0.929049221451995
347.4497909496889         0.9290110704249144
347.9942221912702         0.9289593772591273
348.4764824758065         0.9289224035215702
349.0118031666832         0.9288866236936154
349.4554819918566         0.928853641108818
349.99105925744254        0.92880583006511
350.45772257328633        0.9287696801195654
350.9853641050586         0.9287320962572486
351.4235578115067         0.9286988672477998
351.99105925744243        0.9286483542292462
352.4577225732862         0.9286120365980202
352.99043790015673        0.9285734085602275
353.4387778602012         0.9285385774318237
353.9910592574423         0.9284873848227198
354.457722573286          0.928449818972767
354.9880207349303         0.928397425245407
355.45547532505464        0.9283604776703935
355.9771236623783         0.9283249397388924
356.4338411566307         0.9282897819127848
356.9748366531687         0.9282485788705658
357.4299511681928         0.9282077041192068
357.99105925744186        0.9281564360289529
358.45772257328554        0.9281167696634821
358.9763357280294         0.928072074656447
359.4598342149309         0.9280322280603974
359.99153452517555        0.9279909290960642
360.4577225732854         0.9279459938339956
360.99105925744163        0.9279043153974066
361.4949515279427         0.9278727998947887
361.99385611164075        0.9278345783240505
362.4582392226023         0.927792619459215
362.9746451544254         0.9277516090472553
363.4690464427531         0.9277117843436891
363.98829201850674        0.927669080482781
364.4577225732851         0.9276297050260742
364.9910592574413         0.9275875198608386
365.4577225732851         0.9275508503529568
365.9910592574412         0.9275084858231709
366.45772257328497        0.927471095271686
366.99105925744107        0.9274262475946699
367.45772257328485        0.9273884998699411
367.9888616641156         0.9273461089091516
368.43223795045344        0.9273104951687536
369.0159065640655         0.9272657177873381
369.4551975251758         0.9272304588033022
369.99502927809556        0.9271809586400049
370.45626504833535        0.9271432583440907
370.9964539798316         0.9270973401156651
371.43391700985137        0.9270584508477921
372.01744828586163        0.9270071921475165
372.4766193873602         0.9269725165651685
372.9922011700578         0.926924168981166
373.4431211701974         0.9268781273709583
373.99987295483663        0.9268355362740535
374.45463222134515        0.9267952716294106
375.00470639668674        0.9267541503212133
375.43260538587003        0.9267198173075379
375.9920638680485         0.926670636775992
376.4447363033495         0.9266342845429464
376.99138746544315        0.9265859472252307
377.45772257328406        0.9265477787255703
377.99105925744027        0.9265066688059254
378.45772257328406        0.9264697583685038
378.99105925744016        0.9264270855221182
379.45772257328395        0.9263885846543947
379.9935554320575         0.9263514294811378
380.4350863636929         0.9263166032648664
380.9928203511531         0.9262712936943767
381.4290748150669         0.9262349605709919
382.0167845895862         0.9261865016015444
382.44533098677573        0.926154173006007
382.9910592574398         0.9261012254699219
383.4577225732835         0.9260639852682334
383.99696692987675        0.9260222429710342
384.43765111043706        0.9259864787909855
385.02544920580226        0.9259357938098529
385.46102171364873        0.9258999563244374
386.01773089666995        0.9258549529161728
386.4462144373746         0.9258186931950873
386.9910592574395         0.9257651485037753
387.45772257328326        0.9257230555010008
387.9910592574395         0.9256823343299628
388.45772257328326        0.9256371963730422
388.99105925743936        0.9255936456270095
389.43974678311645        0.9255417798760559
390.01005075167086        0.9254934823675973
390.45305276523413        0.9254601247095735
390.95840610166886        0.9254069039195626
391.48230994664755        0.9253638080751235
391.96792328608706        0.9253274534726597
392.484753473889          0.9252864060831774
392.9784838838407         0.9252438379224609
393.48122303584137        0.9251970737257449
393.98012632180667        0.9251520855781534
394.45120253292134        0.9251075955232151
394.9517344793104         0.9250562081392419
395.4577225732827         0.9250072355980109
395.9856969630432         0.9249636655555583
396.431104183602          0.9249282499166278
396.98650438586776        0.9248722295320652
397.45954995870056        0.9248311289646278
398.0210422293195         0.924792153299047
398.4608475887601         0.9247544128781879
398.99659286597546        0.9247037894218152
399.47282285220774        0.9246688543657228
399.99342745566696        0.9246223027161538
400.45542570115026        0.9245805299850336
400.99158663769606        0.9245308589627113
401.45772257328224        0.9244930559042968
401.99105925743834        0.9244422291696865
402.4577225732821         0.924402693735743
402.99105925743834        0.924343429753716
403.457722573282          0.9243016841887366
404.0209709349833         0.9242479820362056
404.4568632700325         0.9242042202924754
405.06223071113163        0.9241577204542747
405.4561259021058         0.9241266189980583
405.9910592574379         0.9240770300746434
406.45772257328167        0.9240347611096058
406.9910592574379         0.9239930664512092
407.45772257328167        0.9239518721879134
407.9910592574379         0.9239109434068011
408.45772257328156        0.9238692943041806
408.99105925743777        0.9238278023290747
409.45772257328156        0.9237865758498193
409.99105925743777        0.9237427679730753
410.45772257328144        0.9236999799867114
410.99105925743766        0.9236569587542024
411.494990641952          0.9236206764255062
411.994046187762          0.9235809221803387
412.4764221009774         0.9235351968963605
412.9840888523345         0.9234947844225918
413.4552285117287         0.9234470985804268
413.9890955308707         0.9233997778475314
414.45772257328144        0.9233585851900183
414.9910592574372         0.9233086575251035
415.4512035323081         0.923273861963569
415.95738008429487        0.9232225149019044
416.48911318952116        0.9231732031135593
416.9559897582109         0.9231191185757837
417.43319929391964        0.9230633308251168
417.9783523656099         0.9230243996426711
418.44182908607877        0.9229860315390559
418.98668918309295        0.9229452109858147
419.4078077431692         0.9229092803121033
420.01491353441713        0.9228545632171483
420.44112385142716        0.9228063421234625
421.03763277655275        0.9227508952817323
421.434004901776          0.9227141280840719
421.99618762903765        0.922654114835002
422.4577225732935         0.9226206572060716
422.98797036034057        0.9225575686781646
423.4986856615151         0.9225083834484777
423.99120145630366        0.9224710086537973
424.43106287470687        0.9224261668076794
424.97216214586194        0.9223841657516072
425.4499756834417         0.9223342731094144
426.00051121723914        0.9222848502778198
426.4588213605523         0.9222493472264519
426.9721343995059         0.9221976538761637
427.4605332436655         0.9221598084484965
427.97963269519823        0.9221137589797573
428.43195022803377        0.922069329414698
428.983750907992          0.9220194973120773
429.4408724664461         0.9219734125555565
429.9952584579994         0.9219196565378918
430.46494785813206        0.9218869405568337
430.9915957280506         0.9218367812530637
431.4579158931439         0.9217950751301505
431.9829480678993         0.9217605048885333
432.40704806437475        0.9217228974174468
432.9883850539354         0.9216703958398496
433.4266347020923         0.9216318113219545
434.0103865582016         0.9215819065427691
434.4572261648053         0.921544758645111
434.9905767433388         0.9214917704267043
435.458702733634          0.9214490202068302
435.9859972493299         0.9213990112795137
436.45078245306934        0.9213604073240116
436.97630133460177        0.9213206739248417
437.4615946974051         0.9212722523988907
437.99105925744993        0.9212229985804752
438.4577225732934         0.9211819084607207
438.99105925744993        0.9211379738198548
439.4577225732934         0.9210963857780092
439.99105925744993        0.9210520932390127
440.45772257329327        0.9210123079083565
440.9910592574498         0.9209654852881978
441.45772257329327        0.9209248752650538
441.9931477094408         0.9208755591209912
442.46557166363425        0.920840404818206
442.9713073530504         0.9207965879430335
443.48021739393596        0.9207526240948247
444.01196163234715        0.920710599059078
444.46295071686336        0.9206653557313128
444.9901830886389         0.9206175742394663
445.4583522396928         0.9205785687999011
445.97873801601054        0.9205328385027388
446.45772257329304        0.9204878207619827
446.9910592574497         0.9204407088889666
447.4440071966976         0.9204004336539189
447.9958703380822         0.9203533617492202
448.4395379118132         0.9203134567059281
448.97491747029983        0.920261318365115
449.4560161927013         0.9202184851795132
449.99541194157837        0.9201647269184301
450.4676477385498         0.9201203312289141
450.9919838360721         0.9200737082941497
451.4762819686416         0.9200329158086181
451.9929359850029         0.9199865795530774
452.4577225732928         0.9199402678327926
452.9910592574495         0.9198912529005099
453.4577225732928         0.9198472454525004
453.99105925744936        0.9197957300188256
454.4577225732928         0.9197547584321772
454.99105925744936        0.9197053366247867
455.4577225732928         0.9196641570694315
455.9705545001889         0.9196113022109283
456.44152705683746        0.9195697576785562
457.0172127602103         0.9195256679747729
457.4612337644886         0.9194861781436448
457.99105925744925        0.9194352813829993
458.4577225732926         0.9193920962072784
458.99105925744925        0.9193468707523231
459.4577225732926         0.9193031963442286
459.99105925744914        0.919255496617881
460.4577225732926         0.9192133082492749
460.99105925744914        0.9191622590667555
461.4577225732926         0.9191204604897963
461.991059257449          0.9190638452596811
462.45498487885175        0.9190233387318775
462.98531758692366        0.9189825496584935
463.4471077381529         0.918941065315946
463.9958965077352         0.9188906708510538
464.4506931626938         0.9188506800154282
464.9846106508503         0.9187934028529618
465.4591747517733         0.9187397503544905
465.9908082409962         0.9186858554088768
466.45763768756535        0.9186450625791945
466.97061977168664        0.9185980112529833
467.4529163667679         0.9185458178104944
467.9892242457008         0.9184940968872275
468.45308229799593        0.9184475407466322
468.99249897338746        0.918395225654647
469.48311749895356        0.918353960365868
469.98487496756013        0.9183048304373962
470.4740958001712         0.9182505112406307
470.9910592574487         0.9182081758326047
471.457722573292          0.9181673889969113
471.9910592574487         0.9181164183847597
472.457722573292          0.9180728187441152
472.99105925744857        0.9180173593391605
473.457722573292          0.9179734387851967
473.99105925744846        0.917917619216509
474.457722573292          0.9178750362651489
474.99105925744857        0.9178138419469212
475.457722573292          0.9177716225933709
476.0123217841858         0.9177252943323702
476.45671961248433        0.9176838118501773
476.9944201730825         0.9176288791825802
477.46263751494007        0.9175823847256984
477.99105925744857        0.9175349741876372
478.4577225732918         0.917491033321658
478.99687793717953        0.9174457692162505
479.45716980558007        0.9174003287200516
479.99105925744846        0.917353745524993
480.4577225732918         0.9173078773476606
480.99105925744834        0.9172569506054116
481.4577225732919         0.9172100153114956
481.99105925744834        0.9171599108906712
482.4577225732918         0.9171168018435124
482.99105925744834        0.9170674390839346
483.4577225732918         0.9170231656689142
483.99105925744834        0.9169752981369959
484.4577225732917         0.9169308638569523
484.99105925744834        0.9168792133191666
485.4577225732917         0.916833929256561
485.9910592574482         0.9167822449470932
486.4577225732917         0.9167382831144137
486.9910592574482         0.9166876864934066
487.4577225732917         0.9166447846759656
487.9910592574482         0.9165948053840921
488.4577225732917         0.9165505057907007
488.9910592574482         0.9165015179104321
489.46144892169104        0.9164630859590746
489.9780721937566         0.9164165221231518
490.4876783722236         0.9163715184099472
490.9942777863696         0.9163274798086173
491.4823244265332         0.9162802945075239
491.9937025445246         0.9162336533343911
492.45772257329145        0.9161821928503809
492.991059257448          0.9161316735088112
493.45772257329145        0.9160831518502728
493.9910592574479         0.9160305885753838
494.45772257329145        0.9159766746547494
494.9987126098729         0.915919966994412
495.48126206609527        0.9158758200213998
496.00308000833616        0.9158249934545768
496.47824939247255        0.9157825382616499
497.0083874643361         0.915734172344368
497.45873403029816        0.9156940715141686
497.9716619153571         0.9156388927358117
498.4607039710685         0.9155882925785077
498.9814094217264         0.9155338837995237
499.4667573387568         0.9154912299057216
499.9681441425232         0.9154399183486629
500.4577225732912         0.9153821176024284
501.00078831845565        0.9153334529152963
501.45239774033007        0.9152976685804837
502.00763660773055        0.9152326814054564
502.46134217384963        0.9151810727937877
503.01144574127807        0.9151196270533709
503.4609830196056         0.9150747755925348
503.99105925744766        0.9150158273094313
504.4577225732911         0.9149666459122408
504.99021170544734        0.9149148662318952
505.4312813211973         0.9148671622168318
505.99018003405706        0.9148116461070757
506.4302932624039         0.9147589061907166
507.04416159733           0.9147035798880513
507.45405137617115        0.9146542249762387
507.99105925744755        0.91458225490202
508.45772257329077        0.9145362050539516
508.9969164934639         0.9144762037273759
509.4661551879208         0.9144275531902335
509.9993867760834         0.9143702511101331
510.45829763851543        0.9143257657820084
510.9806417274251         0.9142585413557881
511.46148106531996        0.9142051470132999
511.9902689465622         0.9141442881477875
512.4467872645657         0.9140945834772429
512.9910592574472         0.9140367903123157
513.4577225732907         0.9139903059669292
513.9910592574472         0.9139356361109905
514.4577225732905         0.9138897229461962
514.9910592574472         0.9138360342001112
515.4577225732905         0.9137889416264553
515.9910592574471         0.9137369962066858
516.4577225732905         0.9136909167372516
516.9910592574471         0.9136342296812819
517.4577225732907         0.9135878365697837
517.991059257447          0.9135386813922793
518.4577225732908         0.9134929284010112
518.9910592574468         0.9134448230814821
519.4577225732912         0.9133981449150701
519.9910592574462         0.9133469854016056
520.4577225732921         0.9132993821660373
520.9956348543578         0.913249297850183
521.4437325956216         0.9132054372652962
521.99176886079           0.9131464294556705
522.4494855150317         0.9131039246958476
522.9910592574354         0.9130461882781314
523.4577225733119         0.9130002106148288
524.0311494115952         0.9129538114219437
524.4622917347563         0.9129118929718697
524.9925515436234         0.9128602823922974
525.4196617199929         0.9128200930634127
525.9887840144338         0.9127577284876132
526.4426016151193         0.9127137463256769
526.9892434113901         0.9126517758191922
527.4456965688737         0.9126067526785391
527.991059257063          0.912555704777454
528.4577225740385         0.9125073399802603
528.9910592567771         0.9124557172466647
529.4577225747737         0.9124074374203617
529.9910592563687         0.9123575264461664
530.457722576392          0.9123077187459584
530.9910592559526         0.9122540679851537
531.4577225803705         0.9122048794496657
531.9984203774009         0.9121563134365362
532.4111727582616         0.912104352265999
533.0338876746773         0.9120391213469381
533.4364504774302         0.9119911061997586
534.0701004673995         0.9119308142146643
534.4685379573033         0.9118965279286184
534.9887058904123         0.91183477862628
535.4540477904868         0.9117975339758455
535.9516761181507         0.9117505210611635
536.4583759440968         0.9116958492922018
536.9676175214072         0.9116442150426703
537.4577244228374         0.9115867725402951
537.9910598664987         0.9115329439086136
538.4196476755858         0.9114721608611012
538.9854066497752         0.9114113364479625
539.4577285366526         0.9113778888262372
539.991060897198          0.9113250939605165
540.4577313063279         0.9112830777527646
540.9910614719724         0.9112289511632821
541.45773406881           0.9111867293282541
541.9910620125181         0.9111303858818225
542.4577367051224         0.9110873989587802
542.9910625427842         0.9110359163484659
543.457739312311          0.9109927975907741
543.9910630701147         0.9109407360783296
544.457741839117          0.9108973248813381
544.9910635420827         0.9108439961511259
545.4577440573742         0.9107997077650334
545.989767116746          0.9107520268496118
546.4305201374336         0.9107112440100413
546.9910643764684         0.9106501009732768
547.4577484054481         0.9106048890510913
548.0023922292677         0.910549926592037
548.4599249542327         0.9105051965238435
548.9910658955234         0.9104543466820725
549.4577563480341         0.9104073291481536
549.9919366573951         0.910361831804148
550.4356561807231         0.9103178688525815
550.9903303054085         0.9102618705218809
551.438851318575          0.9102160548046947
551.9961878650195         0.9101593720959986
552.456495205387          0.9101108103901424
553.0423324488709         0.9100605581944854
553.469073818188          0.9100144619969246
554.0087399154105         0.909952104328404
554.4795775399766         0.9098999728816247
554.9910685328197         0.9098492240062332
555.4529513396915         0.9098114179632542
555.9582965890979         0.9097603068088488
556.4767285144405         0.90970796804653
556.9899068596818         0.9096542036587737
557.474603929211          0.9096040639492046
557.9851343413543         0.9095550326371755
558.4413800050716         0.9094984213035289
558.9897334737741         0.9094418576806114
559.4390115966843         0.9093937149467657
560.0151426835221         0.9093371184794868
560.4444382031877         0.9092849795134924
561.0034667304111         0.9092173940266947
561.4633524678923         0.9091749942222731
561.9917328171359         0.9091158969090626
562.4578094394791         0.9090686349951655
562.9910768523647         0.9090003655866931
563.4467217046349         0.9089483971811105
564.0453614615795         0.9089039368339785
564.4506636167316         0.9088614573442706
565.0036333204607         0.9087989324022206
565.4257578266034         0.9087542548919758
566.0098826621257         0.908691656644608
566.4448772143933         0.9086465130260756
567.0121429089144         0.9085886067929952
567.4416161670313         0.9085331632965883
567.9836508918469         0.9084693005810617
568.4756980633715         0.9084243123839897
569.0123968663258         0.908379613756096
569.4632119275623         0.9083252839596814
570.0055476913071         0.9082650503924219
570.4455594101527         0.9082181025722749
570.9909476198893         0.9081537430823265
571.4545469750566         0.9081060096180302
571.9970045256962         0.9080415053749
572.457497945152          0.907993226353453
572.9868486833246         0.9079339803867545
573.4501166369712         0.9078701140770968
574.005266511833          0.9078198065823544
574.4064999724906         0.9077817346895068
574.9788234787009         0.9077181245733346
575.4319620593694         0.9076705095080222
575.98494969788           0.9076086959484178
576.457795492538          0.9075559087559906
576.9835683502274         0.907500533166849
577.4584842524241         0.9074465340585418
577.9832401999163         0.9073915456913808
578.479364770782          0.9073476672200207
578.9788398000652         0.9072953679278295
579.4572477627056         0.907237877654167
579.9805126381489         0.9071799636919177
580.4500438865483         0.9071344007312214
580.9691444885541         0.9070859216488488
581.4303123808617         0.9070398835490567
581.9765240954404         0.9069750492999046
582.4581063196042         0.9069207003235239
583.0155245033968         0.9068623787100324
583.4670027994371         0.906824373839421
583.9738356593684         0.906773977022792
584.3979218590408         0.9067298218814819
584.9760088976125         0.906660991738177
585.4569913065037         0.9066098129441307
585.9700095300987         0.9065612025948007
586.4564919980884         0.9064999655350185
586.983344936607          0.9064471919542929
587.4580066666514         0.906389386140726
587.9798510402017         0.906328229435599
588.4718567742776         0.9062719981490415
588.9868070622176         0.9062178077387063
589.4555148372322         0.9061684432962132
589.963476451297          0.9061097389855497
590.4573921978158         0.9060460272378956
591.0226538964513         0.9059843636871304
591.4725609571437         0.9059423808237164
591.9837448047282         0.9058863142452649
592.4857333386318         0.9058333940375827
592.9688109239257         0.9057823357484831
593.3987814543907         0.9057266658075517
593.8978544789409         0.9056642416757215
594.3913505793045         0.9056170670569808
594.7513375917949         0.9055412252480517
595.044785577671          0.905510163424828
595.5244451849285         0.9054320767294346
595.864499952195          0.9053363413720816
596.6434387703108         0.9052761681431208
596.7031293030346         0.905256112390393
596.7408948606328         0.9052560322737635
597.5202287523113         0.9049699680042878
598.1918919646375         0.9049584456864296
598.3360141741744         0.9048914684823888
598.4713862626388         0.9048902491699408
599.1240553110965         0.9045769300304609
599.7263648476633         0.9046243155684845
600                       0.9045410625008546
