0.932661657
0.932661657
0.932661657
0.932661657
0.932661657
0.932661657
0.932661654
0.932661656
0.932661653
0.932661653
0.932661641
0.932661638
0.93266161
0.932661621
0.932661605
0.932661575
0.932661545
0.932661491
0.932661403
0.932661183
0.932660965
0.932660803
0.932660245
0.932659902
0.932659333
0.932658813
0.932658295
0.932657651
0.932656518
0.932655547
0.932654402
0.932653301
0.932651991
0.932650635
0.932648603
0.932646657
0.932644047
0.932641548
0.932639318
0.93263665
0.932632836
0.932630505
0.932627479
0.93262427
0.932619864
0.93261605
0.932611799
0.932607373
0.932601836
0.932597223
0.932591044
0.932585977
0.932579363
0.932573888
0.932567087
0.932560727
0.932553318
0.932545762
0.932536649
0.932527935
0.93251892
0.932511305
0.932502224
0.932492778
0.932480913
0.932471426
0.932460662
0.932450193
0.932438676
0.932426674
0.932412919
0.93240263
0.932390383
0.932375969
0.9323629
0.932346862
0.932328916
0.932318251
0.932299486
0.932283693
0.932266524
0.932251932
0.932236341
0.932222565
0.932205448
0.932188707
0.932168158
0.93214878
0.932131592
0.932114554
0.932090728
0.932070112
0.932053379
0.932028021
0.932001078
0.931994053
0.931971397
0.931951665
0.931928152
0.931906228
0.931878455
0.931859884
0.931843339
0.93181935
0.931795893
0.931777074
0.93175099
0.931730593
0.931706713
0.931685336
0.931661354
0.931640689
0.93161571
0.931590837
0.931565584
0.931538825
0.931512387
0.931491607
0.931466774
0.931439669
0.931413517
0.931384665
0.931357115
0.931326472
0.931297237
0.931274526
0.931249042
0.931221265
0.931191758
0.93116401
0.931133001
0.931103682
0.931070402
0.931043795
0.931009637
0.930984095
0.930952636
0.930928785
0.9308877
0.930859011
0.930822447
0.930785799
0.930757934
0.930736392
0.930698339
0.930669474
0.930626809
0.930593802
0.930552737
0.930511959
0.930480613
0.930461376
0.930426607
0.930399663
0.930361177
0.930331343
0.930296458
0.930266261
0.930225631
0.93019353
0.930147423
0.930119007
0.930087093
0.930061671
0.930012159
0.929980476
0.929944362
0.929914169
0.92986923
0.929838081
0.929807669
0.929778335
0.929730194
0.929694712
0.929653539
0.929619321
0.929581204
0.929540356
0.92949927
0.929461084
0.929406617
0.929369425
0.929343802
0.929298595
0.929253452
0.929230177
0.929180013
0.929147576
0.92911328
0.929077233
0.929033391
0.92900203
0.928962449
0.928924642
0.928887993
0.928861826
0.928813146
0.928777045
0.928737489
0.928702155
0.928656598
0.928623942
0.928575153
0.928553692
0.928510515
0.928479556
0.928433848
0.928401583
0.928350101
0.928316769
0.92828372
0.928252692
0.928198026
0.928162091
0.928123415
0.928089522
0.928043638
0.928007563
0.927972467
0.927937664
0.927888032
0.927855635
0.927815896
0.927783728
0.92773774
0.927703722
0.927657703
0.927623393
0.927583452
0.927549588
0.927507716
0.927475453
0.927427734
0.927391494
0.927356516
0.927323096
0.927278327
0.92724366
0.927201463
0.927163547
0.927124002
0.927085352
0.927039752
0.927006746
0.926962144
0.926924934
0.926885321
0.926843335
0.926802132
0.926758775
0.926714371
0.926676623
0.926629289
0.926590517
0.926550289
0.926513325
0.926466979
0.926429187
0.92638713
0.926347705
0.926305182
0.926266883
0.926222385
0.926184973
0.926137432
0.926100004
0.926057096
0.926020014
0.925977332
0.925940024
0.925896477
0.925858192
0.925810625
0.925769837
0.92572608
0.925687567
0.925645418
0.925607451
0.925566667
0.925522511
0.925474438
0.92543846
0.925397628
0.925361337
0.925314924
0.925268404
0.925229521
0.925187738
0.925133774
0.925089507
0.925049765
0.925016593
0.924961357
0.92491791
0.924869743
0.924823535
0.924776729
0.924742897
0.924692258
0.924651035
0.924607436
0.924562375
0.924512873
0.924473452
0.924420963
0.924376908
0.924328
0.924288696
0.924240326
0.92419974
0.924142532
0.924084926
0.924035288
0.924005159
0.923946056
0.923902719
0.923867492
0.923824944
0.923774315
0.923734675
0.923683129
0.923641411
0.923599125
0.923563004
0.923505249
0.923465972
0.923424409
0.923384612
0.923335951
0.923296959
0.923254145
0.92320514
0.923157917
0.923122771
0.923072651
0.923031925
0.9229867
0.922946223
0.922899658
0.922857185
0.92280942
0.922771335
0.922729886
0.922691443
0.922640961
0.922601484
0.922554658
0.922515217
0.922467214
0.922428147
0.92237634
0.922334286
0.922289795
0.922251726
0.922195159
0.922150512
0.922104369
0.922059591
0.922016089
0.921975679
0.921926642
0.921888904
0.921836638
0.92179755
0.921745021
0.92170497
0.921661471
0.921620845
0.921576118
0.921535003
0.921490133
0.921451662
0.921409372
0.92136375
0.921319578
0.92127808
0.921241469
0.921196026
0.921147864
0.921112039
0.92105818
0.921018654
0.920976944
0.920937931
0.920885442
0.92084302
0.920796102
0.920754224
0.920699733
0.920654857
0.920602075
0.920565081
0.920521452
0.920469771
0.920428063
0.920383701
0.920333978
0.920294221
0.920239061
0.920192426
0.92014519
0.920106069
0.920054829
0.920015162
0.919967575
0.919920895
0.919864393
0.919805469
0.919764292
0.919726219
0.91966486
0.919619568
0.919586258
0.919540404
0.919491149
0.919442804
0.919394604
0.919354536
0.919306597
0.919262748
0.919210306
0.919166854
0.919125153
0.919075902
0.919028189
0.918990257
0.918939028
0.918898424
0.918847618
0.918804471
0.918746628
0.918698535
0.918650871
0.918599351
0.918533676
0.918503289
0.918460895
0.918414143
0.918373238
0.918333602
0.918277579
0.918238899
0.918194554
0.918149923
0.918096355
0.918051224
0.918003699
0.917964169
0.917911332
0.917873272
0.917819688
0.917776461
0.917728924
0.917686477
0.917638132
0.917594477
0.917543733
0.917500846
0.917455563
0.917415562
0.917361585
0.917321416
0.917265636
0.917221893
0.917173161
0.917128778
0.917080203
0.917034718
0.916986147
0.91694141
0.916891596
0.916847655
0.916794475
0.916748191
0.916705498
0.916662829
0.91660795
0.916566074
0.916512512
0.916473983
0.916419592
0.916375541
0.916324834
0.916270529
0.916217575
0.916171879
0.916123233
0.916078372
0.916012333
0.915971565
0.915934228
0.915887723
0.915837084
0.915789279
0.915742859
0.915691532
0.915642339
0.915589372
0.915536946
0.915492263
0.915437492
0.915395562
0.915350404
0.915303032
0.915242292
0.915202796
0.915141671
0.915091942
0.915037317
0.914996274
0.914941529
0.914902832
0.914848744
0.914812085
0.914746968
0.914704244
0.914650202
0.914608525
0.914547389
0.914499706
0.914446342
0.91439744
0.914346658
0.914303177
0.914255952
0.91420232
0.914155604
0.914094886
0.914044587
0.914001184
0.913947751
0.913895263
0.913848123
0.91380387
0.913744348
0.913696767
0.913638236
0.913601085
0.913534022
0.913490427
0.91343747
0.91337756
0.913325198
0.913277824
0.913226449
0.913181359
0.913132328
0.913085639
0.913036018
0.912989858
0.912936241
0.91288807
0.912841152
0.912793409
0.912733766
0.912689309
0.912618528
0.912573841
0.912523296
0.912476337
0.912424534
0.912381371
0.912330489
0.912277095
0.9122209
0.912171399
0.912120446
0.912074633
0.912028099
0.911978173
0.911919585
0.911868241
0.911802636
0.911756302
0.91170214
0.911646394
0.911585877
0.911555032
0.911492784
0.911454503
0.911382846
0.911332542
0.9112773
0.911228703
0.911170346
0.9111294
0.911081921
0.911018471
0.910970524
0.910920046
0.910858521
0.910802742
0.910743074
0.910708908
0.910656506
0.91059611
0.910536687
0.910496228
0.910437317
0.910378505
0.910304923
0.910247088
0.910193726
0.910173743
0.910097787
0.910042657
0.909990391
0.909943782
0.909886984
0.909840135
0.90979106
0.909745357
0.909695089
0.909651549
0.909592289
0.909545492
0.909492361
0.909443375
0.909388133
0.90933765
0.909285861
0.909239133
0.909188046
0.909139105
0.909089329
0.909042476
0.908994235
0.908943404
0.908893186
0.908843933
0.908792983
0.908741857
0.908685451
0.908640313
0.908582581
0.908536707
0.908478419
0.90843099
0.908369514
0.908320316
0.908264285
0.908214724
0.908144829
0.908091524
0.908049339
0.908001247
0.907946616
0.90789424
0.907834007
0.907790921
0.907734216
0.907683372
0.907619773
0.907572385
0.907506562
0.90745614
0.907402707
0.907343613
0.907287957
0.907241161
0.907185814
0.907135622
0.907078707
0.907028793
0.906965124
0.906915017
0.906870496
0.906828486
0.906764686
0.906718245
0.90665685
0.906610919
0.906540381
0.906490954
0.906430004
0.906376153
0.906317228
0.906263654
0.906218717
0.906171223
0.906107165
0.906056913
0.905991192
0.905944978
0.905889103
0.905827617
0.905761399
0.905693335
0.905632433
0.905578088
0.905533464
0.905485528
0.90542624
0.90536485
0.905310608
0.905241913
0.90516865
0.905122742
0.905060009
0.905004951
0.904933739
0.904883649
0.904837264
0.904792203
0.904726455
0.90467505
0.90462285
0.904575295
0.904501946
0.904453698
0.904397033
0.904347574
0.904276863
0.904221783
0.904148786
0.904095625
0.904051951
0.904002931
0.9039463
0.90389037
0.903822362
0.903769701
0.903714447
0.90366072
0.903606312
0.903544917
0.903486717
0.903441842
0.903387224
0.903332282
0.903278005
0.903225298
0.903170055
0.903117542
0.903056829
0.903007182
0.902947472
0.902896394
0.902835403
0.902781947
0.902722691
0.902675401
0.902612461
0.902564872
0.902496428
0.90244265
0.902384162
0.902332962
0.902263017
0.902216944
0.902152139
0.902089863
0.902031868
0.901976212
0.901918028
0.901868769
0.90179909
0.901748379
0.901680831
0.901624708
0.901564401
0.901508378
0.90144409
0.901389139
0.901335033
0.901284632
0.901220043
0.901168325
0.901101563
0.901054512
0.900979862
0.900926336
0.900871142
0.900821789
0.900753422
0.900704889
0.900638892
0.900589617
0.900512111
0.900455669
0.900399613
0.900339557
0.900277606
0.90020756
0.900138571
0.900089249
0.900013608
0.899951692
0.899898763
0.899840567
0.899780105
0.899714977
0.899652404
0.899588102
0.899517824
0.899451404
0.899389673
0.899338152
0.899260065
0.899205158
0.899150805
0.899098841
0.899029468
0.898979135
0.898916607
0.898857028
0.898789408
0.898732726
0.898665704
0.898607801
0.89853624
0.898480342
0.898408822
0.898349248
0.898285563
0.898239748
0.898168659
0.898111332
0.898053442
0.89799597
0.897935982
0.897879562
0.897818008
0.897760868
0.89769695
0.897640323
0.89758047
0.897526298
0.897467003
0.897406344
0.897346229
0.897286231
0.897221979
0.897167517
0.897101269
0.897051859
0.896980799
0.896911023
0.896836328
0.896760371
0.896705277
0.896651992
0.896596694
0.896546617
0.896470707
0.8964077
0.896333516
0.896280859
0.896198116
0.896150945
0.896059083
0.895992666
0.89593871
0.895876656
0.895819507
0.895751515
0.895684215
0.895635113
0.895566104
0.895511853
0.895447062
0.89538668
0.895318541
0.895253129
0.895179621
0.895132735
0.895061755
0.895005359
0.894955419
0.89490424
0.894834041
0.894779048
0.894711955
0.894663332
0.894593417
0.894538186
0.894474227
0.894423652
0.894367851
0.894305227
0.894240793
0.894186437
0.89412846
0.894073295
0.894012948
0.893957848
0.893894129
0.893836203
0.893769452
0.893713942
0.893652499
0.893593062
0.893529483
0.893468532
0.893404199
0.893351868
0.893289173
0.893228565
0.893166615
0.89311058
0.893047376
0.89299112
0.89292202
0.892861821
0.892796284
0.892736556
0.892668304
0.892612509
0.89254803
0.892483788
0.892415998
0.892353277
0.892283304
0.892227676
0.892153852
0.892097291
0.892019274
0.891958781
0.891894991
0.891840719
0.891769826
0.891711213
0.891647791
0.891588139
0.891521197
0.891463994
0.891393629
0.891338297
0.891264693
0.891208933
0.891151534
0.891096334
0.891027476
0.890970059
0.890892196
0.890823412
0.890744856
0.890687151
0.890626559
0.890554271
0.890486174
0.89042272
0.890353583
0.89029455
0.890228744
0.890155282
0.890097807
0.890042956
0.889974459
0.889918855
0.889844953
0.889784307
0.889709088
0.889648193
0.889565923
0.889502742
0.88944084
0.88938176
0.889310384
0.889246976
0.889182908
0.889126469
0.889062987
0.889004945
0.888939631
0.888878567
0.88880887
0.888742313
0.88867214
0.888614293
0.888545946
0.888483274
0.888412072
0.888344878
0.88827892
0.888214796
0.888144411
0.8880787
0.888007216
0.887952127
0.887879511
0.887821446
0.887748653
0.887693674
0.887627681
0.887566997
0.887501357
0.887437492
0.887371083
0.887303228
0.887232901
0.887167473
0.887090763
0.887020282
0.886937726
0.886875546
0.886810158
0.886752693
0.886688174
0.886630846
0.886562254
0.886495153
0.886431209
0.886375668
0.886313023
0.886240407
0.886180057
0.886129543
0.886054336
0.88598951
0.885913017
0.885858786
0.885783751
0.885722871
0.885656543
0.885596038
0.885521249
0.88545918
0.88538612
0.8853272
0.88524152
0.88518052
0.885111398
0.885046935
0.884975854
0.884919952
0.884840157
0.884779344
0.884712408
0.884652253
0.884578909
0.884515825
0.884443343
0.884381763
0.884312973
0.884250873
0.884179544
0.884116047
0.884043361
0.883982277
0.883916079
0.883853158
0.883784058
0.883720267
0.883647205
0.883583818
0.883513942
0.883450032
0.883367845
0.883307863
0.883221671
0.88315575
0.88309142
0.883032304
0.882958919
0.88289905
0.882808927
0.882747614
0.882661834
0.882599766
0.882525299
0.882460389
0.882386551
0.882317931
0.882249856
0.882181529
0.882104774
0.882038105
0.881967459
0.881897927
0.881805352
0.881735138
0.88165092
0.881600904
0.881517282
0.881461926
0.881397475
0.881323715
0.881253808
0.881177886
0.881107041
0.881024287
0.880941188
0.880899395
0.88082402
0.880767723
0.880691673
0.880635149
0.88055718
0.880500036
0.880414338
0.880353943
0.880281515
0.880221127
0.880153517
0.880092883
0.880028216
0.879970819
0.87989004
0.879829144
0.879754543
0.879692584
0.879625806
0.879562952
0.879499629
0.879440194
0.879368132
0.879305836
0.879229105
0.879162322
0.879091622
0.87902856
0.878942854
0.878868708
0.878799976
0.878745138
0.878674195
0.878599183
0.878524545
0.878452391
0.878377103
0.878303153
0.878224439
0.878155277
0.878074075
0.878001703
0.877908158
0.877837069
0.877750553
0.8776875
0.87758952
0.877519293
0.877455094
0.877398044
0.877313179
0.87725109
0.877169226
0.877106889
0.877028331
0.876950146
0.87685992
0.876795813
0.876731336
0.876659684
0.876573167
0.876503649
0.876414505
0.876350656
0.876263349
0.876196684
0.876120468
0.876035763
0.875969497
0.875912198
0.875823963
0.87575673
0.875671235
0.875599344
0.875523348
0.875441541
0.875361742
0.875301177
0.875227176
0.875149999
0.875067952
0.875003785
0.874924862
0.87486357
0.874774785
0.874699965
0.87461524
0.874562191
0.874495099
0.8744357
0.874349085
0.874279799
0.874213327
0.874136238
0.874064114
0.873988412
0.873908695
0.873835435
0.873767887
0.873702185
0.873628431
0.873550221
0.873467906
0.873420259
0.873344985
0.873272747
0.873201823
0.873127037
0.87304404
0.872981047
0.872884056
0.872840518
0.872733575
0.87260656
0.872519827
0.872492436
0.872492436
0.872092053
0.872066577
0.871969657
0.871966504
0.871540202
0.871598127
0.871487811